date,precipitation,pet,temperature,discharge_spec,discharge_vol,peti,humidity,shortwave_rad,longwave_rad,windspeed
1970-10-01,3.11,1.61,10.36,0.22,0.86,1.90,6.06,61.85,336.99,8.13
1970-10-02,0.32,1.78,8.16,0.27,1.09,2.11,5.10,110.31,294.70,10.52
1970-10-03,1.62,1.81,9.23,0.22,0.89,2.08,5.03,98.39,304.45,6.58
1970-10-04,5.66,0.03,10.76,0.20,0.81,0.32,8.56,51.10,344.98,7.06
1970-10-05,1.98,1.28,10.19,0.52,2.08,1.56,6.52,96.36,313.29,7.94
1970-10-06,7.51,1.57,7.98,0.75,2.98,1.90,5.10,91.49,301.35,9.28
1970-10-07,1.26,0.91,7.84,0.86,3.42,1.14,5.64,72.22,314.41,5.59
1970-10-08,0.29,0.77,7.70,0.55,2.18,0.88,5.64,91.03,300.85,3.49
1970-10-09,0.32,0.91,6.45,0.39,1.54,1.00,5.05,108.43,281.27,5.04
1970-10-10,0.01,0.88,9.17,0.31,1.24,0.90,6.11,100.44,299.61,3.73
1970-10-11,1.68,0.36,8.50,0.28,1.10,0.45,6.69,45.23,334.05,3.08
1970-10-12,0.18,0.32,11.08,0.29,1.16,0.35,8.23,60.54,336.36,2.58
1970-10-13,0.00,0.45,10.88,0.28,1.12,0.46,7.12,72.93,324.74,1.03
1970-10-14,0.00,0.30,9.10,0.25,1.00,0.30,7.03,51.56,330.96,1.71
1970-10-15,0.00,0.34,9.90,0.24,0.95,0.34,7.32,44.00,339.27,2.87
1970-10-16,0.00,0.58,9.53,0.23,0.92,0.58,6.39,82.72,307.07,2.39
1970-10-17,0.25,0.72,8.35,0.21,0.85,0.85,5.83,53.40,321.73,4.32
1970-10-18,4.60,1.40,9.69,0.21,0.85,1.73,6.01,38.63,338.98,10.00
1970-10-19,0.03,1.39,6.89,0.28,1.11,1.44,4.74,70.09,296.61,9.92
1970-10-20,0.00,1.35,3.79,0.24,0.97,1.35,3.61,60.81,286.08,10.22
1970-10-21,0.24,1.45,4.62,0.20,0.81,1.70,3.60,58.25,290.08,8.24
1970-10-22,0.01,0.52,7.10,0.19,0.77,0.53,5.56,53.80,311.24,4.11
1970-10-23,0.82,0.84,7.55,0.19,0.77,1.05,5.31,34.71,328.18,5.34
1970-10-24,11.83,0.28,8.96,0.20,0.81,0.41,6.98,32.76,337.95,5.86
1970-10-25,5.74,0.46,9.25,2.63,10.50,0.63,6.78,36.61,335.17,5.51
1970-10-26,1.44,0.92,5.85,1.14,4.54,1.11,4.57,74.90,278.95,6.88
1970-10-27,4.65,0.69,4.78,0.71,2.84,0.85,4.15,30.02,314.63,3.86
1970-10-28,10.81,0.35,5.13,1.26,5.04,0.47,4.99,35.59,312.85,3.95
1970-10-29,7.40,0.28,7.63,4.43,17.70,0.42,6.29,35.22,325.88,5.90
1970-10-30,3.82,0.21,9.74,3.65,14.60,0.35,7.45,42.15,329.36,7.71
1970-10-31,20.61,0.99,9.90,14.79,59.10,1.24,6.29,27.62,342.13,6.88
1970-11-01,1.79,1.99,8.29,3.10,12.40,2.35,4.59,50.97,303.06,11.43
1970-11-02,9.02,0.39,8.23,1.71,6.85,0.54,6.34,27.34,333.65,5.45
1970-11-03,4.21,1.04,7.28,5.23,20.90,1.37,5.25,31.66,321.82,9.83
1970-11-04,6.68,0.60,6.57,2.85,11.40,0.83,5.34,27.33,323.33,6.69
1970-11-05,0.23,0.92,5.93,2.70,10.80,1.18,4.66,53.61,286.89,8.51
1970-11-06,0.02,0.36,4.15,1.33,5.33,0.38,4.22,31.71,303.05,2.88
1970-11-07,1.73,0.27,4.17,0.95,3.78,0.36,4.55,36.57,297.84,3.51
1970-11-08,1.85,0.69,5.67,1.12,4.47,0.99,4.94,29.59,312.77,8.72
1970-11-09,0.00,1.23,6.01,0.97,3.89,1.23,4.42,46.72,289.03,10.47
1970-11-10,2.73,0.79,6.34,0.69,2.77,0.98,4.48,22.95,321.15,4.29
1970-11-11,0.38,0.02,5.56,0.91,3.64,0.03,5.75,23.07,320.47,5.72
1970-11-12,0.35,0.55,3.23,0.75,3.01,0.74,3.99,45.67,274.94,6.81
1970-11-13,1.20,0.46,2.49,0.61,2.44,0.67,3.80,43.04,273.57,5.88
1970-11-14,0.07,0.21,0.57,0.59,2.36,0.25,3.34,37.77,270.26,3.29
1970-11-15,1.14,0.37,0.81,0.51,2.03,0.54,3.28,51.64,250.98,5.18
1970-11-16,0.57,0.00,1.13,0.50,2.01,0.00,4.37,34.55,280.40,4.89
1970-11-17,8.06,0.15,3.02,1.10,4.41,0.23,4.40,11.05,308.48,4.42
1970-11-18,3.98,0.19,3.24,2.11,8.44,0.27,4.25,33.41,286.66,3.82
1970-11-19,0.05,0.23,2.75,1.89,7.54,0.29,4.35,22.54,300.65,6.42
1970-11-20,3.57,0.48,1.98,1.37,5.48,0.65,3.42,28.09,283.85,4.44
1970-11-21,0.62,0.00,2.62,1.32,5.29,0.00,4.81,24.20,297.95,6.69
1970-11-22,4.91,0.27,2.52,0.93,3.73,0.39,3.87,34.03,277.24,4.32
1970-11-23,19.25,0.55,5.78,12.92,51.60,0.79,4.96,9.81,321.56,7.07
1970-11-24,0.21,0.00,7.60,2.95,11.80,0.00,7.05,9.63,332.56,7.03
1970-11-25,0.09,0.20,7.71,1.45,5.81,0.24,5.83,17.62,329.39,2.66
1970-11-26,7.76,0.09,5.66,1.77,7.08,0.12,5.27,17.47,319.21,2.43
1970-11-27,2.61,0.00,6.29,2.90,11.60,0.00,6.01,16.64,324.30,4.60
1970-11-28,4.19,0.00,7.21,3.93,15.70,0.00,6.44,16.56,328.46,4.01
1970-11-29,7.92,0.02,4.88,4.33,17.30,0.03,5.23,8.83,318.47,3.64
1970-11-30,3.54,0.00,4.47,3.65,14.60,0.00,5.28,8.69,316.86,6.42
1970-12-01,0.11,0.41,4.06,2.11,8.45,0.54,4.27,26.34,289.71,5.48
1970-12-02,7.34,0.15,5.01,2.36,9.44,0.24,5.15,8.43,318.84,5.52
1970-12-03,1.53,0.51,3.13,3.25,13.00,0.67,3.66,17.44,299.31,4.10
1970-12-04,3.31,0.15,3.24,2.90,11.60,0.25,4.41,29.50,279.60,6.16
1970-12-05,3.16,0.60,5.22,2.50,10.00,0.88,4.73,23.29,299.41,8.75
1970-12-06,1.27,0.71,4.19,2.55,10.20,0.98,4.05,23.51,291.34,7.16
1970-12-07,0.02,0.30,2.63,1.55,6.19,0.33,4.05,22.37,287.65,6.12
1970-12-08,0.12,0.11,1.37,1.01,4.04,0.13,3.24,33.73,255.53,2.84
1970-12-09,0.01,0.00,2.44,0.82,3.29,0.00,4.15,27.23,276.90,1.96
1970-12-10,0.00,0.01,2.03,0.74,2.96,0.01,4.17,15.19,299.46,1.78
1970-12-11,0.00,0.00,2.65,0.69,2.74,0.00,4.53,14.57,304.31,3.35
1970-12-12,0.13,0.02,3.47,0.63,2.53,0.03,4.78,14.05,309.21,4.08
1970-12-13,0.00,0.21,3.10,0.60,2.40,0.22,4.12,21.47,289.23,4.34
1970-12-14,0.00,0.03,2.54,0.55,2.21,0.03,4.34,13.75,304.34,2.69
1970-12-15,0.00,0.37,2.87,0.51,2.03,0.37,3.99,13.81,303.93,4.75
1970-12-16,3.81,0.26,5.22,0.49,1.96,0.42,5.04,21.14,301.12,6.84
1970-12-17,0.75,0.59,5.54,0.98,3.91,0.83,4.63,24.39,293.39,6.96
1970-12-18,2.58,0.32,7.01,0.78,3.10,0.46,5.71,12.78,328.18,5.41
1970-12-19,3.94,0.20,8.15,1.77,7.07,0.34,6.53,13.36,333.02,7.78
1970-12-20,0.19,0.34,3.68,2.00,7.99,0.47,4.07,31.30,269.31,5.65
1970-12-21,0.00,0.50,0.88,0.99,3.95,0.50,3.05,28.73,258.99,5.80
1970-12-22,1.79,0.50,1.21,0.73,2.91,0.71,3.32,15.46,290.13,5.50
1970-12-23,9.05,0.00,2.41,1.64,6.55,0.00,4.59,14.93,301.70,7.02
1970-12-24,1.80,0.08,1.52,3.05,12.20,0.12,4.04,13.56,299.27,4.19
1970-12-25,8.20,0.36,1.19,1.83,7.32,0.52,3.38,19.31,282.32,4.83
1970-12-26,3.09,0.03,1.31,4.00,16.00,0.05,4.12,17.50,290.59,6.75
1970-12-27,5.33,0.37,0.18,1.88,7.53,0.59,3.32,7.47,292.69,6.73
1970-12-28,9.81,0.14,0.90,2.58,10.30,0.24,3.80,7.51,297.75,5.65
1970-12-29,4.22,0.31,1.44,4.23,16.90,0.53,3.87,14.70,296.53,8.36
1970-12-30,3.41,0.41,0.01,1.18,4.73,0.67,3.26,22.29,272.62,8.16
1970-12-31,0.47,0.16,-1.28,1.17,4.69,0.23,3.10,22.86,266.55,5.47
1971-01-01,0.00,0.22,-1.41,0.97,3.88,0.22,2.83,21.89,265.41,4.12
1971-01-02,0.00,0.03,-0.54,0.89,3.56,0.03,3.39,14.82,287.43,2.26
1971-01-03,0.00,0.03,-1.66,0.73,2.92,0.03,2.85,23.05,263.28,2.10
1971-01-04,0.00,0.06,-2.63,0.68,2.72,0.06,2.84,14.66,277.64,2.67
1971-01-05,0.16,0.08,-2.66,0.53,2.10,0.09,2.85,8.39,279.46,3.75
1971-01-06,8.68,0.84,2.59,2.44,9.73,1.10,3.24,8.23,301.51,5.81
1971-01-07,1.89,0.00,4.31,2.20,8.79,0.00,6.67,18.25,311.11,10.27
1971-01-08,1.32,0.65,7.96,21.88,87.40,0.91,5.71,20.07,321.01,7.51
1971-01-09,0.21,0.64,9.05,3.03,12.10,0.79,6.52,15.52,337.17,10.91
1971-01-10,0.00,1.35,9.85,1.99,7.95,1.35,5.29,26.95,314.09,7.06
1971-01-11,0.00,0.14,4.22,1.21,4.84,0.14,4.70,25.86,293.67,4.60
1971-01-12,0.00,0.11,1.17,0.86,3.44,0.11,3.45,15.81,296.51,1.59
1971-01-13,0.17,0.00,2.16,0.73,2.90,0.00,4.69,9.17,305.97,2.13
1971-01-14,5.75,0.00,3.09,0.66,2.65,0.00,4.87,16.79,308.86,2.71
1971-01-15,0.29,0.00,2.42,1.28,5.10,0.00,4.51,16.72,305.69,1.34
1971-01-16,0.18,0.08,1.56,1.38,5.53,0.10,3.74,24.22,286.35,2.41
1971-01-17,0.07,0.29,2.63,0.93,3.73,0.32,4.02,18.29,303.02,3.93
1971-01-18,6.49,0.32,3.60,0.80,3.18,0.52,4.60,17.90,310.33,7.93
1971-01-19,0.52,0.46,4.80,0.94,3.75,0.68,4.66,31.54,292.59,7.04
1971-01-20,7.04,0.35,3.32,2.13,8.51,0.49,4.07,29.33,288.99,4.53
1971-01-21,5.89,0.00,3.03,1.14,4.57,0.00,5.00,20.85,306.31,5.79
1971-01-22,5.22,0.04,3.12,5.98,23.90,0.06,4.50,19.04,308.69,1.58
1971-01-23,2.15,0.01,3.52,2.40,9.60,0.02,4.91,24.83,303.19,5.32
1971-01-24,8.56,0.41,3.90,3.33,13.30,0.67,4.55,31.06,294.50,8.70
1971-01-25,0.12,0.12,4.55,2.83,11.30,0.15,5.08,26.59,306.63,4.98
1971-01-26,0.61,0.15,2.73,4.76,19.00,0.20,4.19,23.75,301.44,2.68
1971-01-27,5.00,0.01,3.05,1.87,7.46,0.01,4.75,21.81,308.28,2.04
1971-01-28,15.40,0.05,3.20,1.32,5.26,0.07,4.77,21.64,309.81,3.52
1971-01-29,1.96,0.08,2.56,8.61,34.40,0.10,4.31,24.89,301.83,2.14
1971-01-30,2.58,0.14,0.52,6.48,25.90,0.21,3.69,25.43,291.44,3.53
1971-01-31,1.27,0.27,0.29,2.70,10.80,0.53,3.66,33.41,280.75,10.43
1971-02-01,0.00,0.70,-0.06,1.40,5.58,0.70,2.73,29.08,281.32,5.23
1971-02-02,1.77,0.92,2.71,1.26,5.02,1.21,3.35,13.80,302.62,6.82
1971-02-03,0.00,0.00,4.72,2.48,9.91,0.01,6.26,46.38,298.03,7.95
1971-02-04,0.10,0.38,5.72,1.23,4.92,0.41,4.47,67.03,273.30,2.78
1971-02-05,0.00,0.09,2.90,0.94,3.75,0.09,4.36,28.05,305.00,1.27
1971-02-06,0.00,0.25,3.28,0.82,3.28,0.25,4.29,25.94,309.09,2.62
1971-02-07,0.10,0.33,5.20,0.77,3.06,0.38,5.00,35.13,310.44,4.08
1971-02-08,0.01,0.18,4.74,0.68,2.71,0.19,5.21,31.63,313.44,5.10
1971-02-09,0.35,0.33,4.97,0.63,2.53,0.46,4.99,34.52,311.65,4.49
1971-02-10,0.00,0.74,4.65,0.58,2.32,0.74,4.25,41.81,301.25,5.55
1971-02-11,4.27,0.46,4.01,0.54,2.14,0.64,4.45,44.05,298.50,4.98
1971-02-12,11.65,0.59,5.18,2.88,11.50,0.91,5.00,39.95,309.71,10.63
1971-02-13,5.86,0.87,3.14,4.46,17.80,1.23,3.92,52.30,287.10,10.41
1971-02-14,4.76,0.79,2.14,2.90,11.60,1.11,3.62,66.32,270.79,8.54
1971-02-15,0.06,0.53,1.30,3.25,13.00,0.56,3.45,68.43,266.47,4.62
1971-02-16,0.81,0.42,-1.48,1.25,5.00,0.55,2.71,89.31,237.17,3.16
1971-02-17,4.53,0.15,-0.79,1.05,4.19,0.25,3.39,19.18,289.41,5.11
1971-02-18,0.23,0.12,1.50,1.82,7.28,0.15,4.29,50.27,289.30,3.39
1971-02-19,2.23,0.56,2.37,1.39,5.56,0.70,3.49,76.27,268.60,3.04
1971-02-20,2.52,0.00,4.21,2.75,11.00,0.20,5.78,63.66,296.72,6.48
1971-02-21,0.01,0.82,4.81,1.92,7.67,0.84,4.47,91.17,273.87,6.62
1971-02-22,0.00,0.86,4.31,0.95,3.81,0.86,3.96,78.81,279.58,4.60
1971-02-23,0.00,0.52,4.44,0.78,3.12,0.52,4.69,59.68,298.93,5.12
1971-02-24,0.00,0.56,5.83,0.67,2.69,0.56,5.04,61.49,305.19,3.78
1971-02-25,0.08,0.27,3.82,0.60,2.38,0.29,4.68,41.38,310.90,1.77
1971-02-26,0.02,0.11,3.10,0.55,2.20,0.12,4.31,23.10,308.47,1.51
1971-02-27,5.46,0.40,1.64,0.52,2.07,0.54,3.87,43.26,299.14,3.99
1971-02-28,0.66,0.26,0.33,0.56,2.24,0.35,3.74,43.83,293.69,3.89
1971-03-01,6.15,0.43,0.72,0.60,2.39,0.61,3.38,24.51,295.07,4.80
1971-03-02,0.55,0.78,1.88,1.25,4.98,0.94,3.67,117.37,256.24,5.43
1971-03-03,0.00,0.49,1.01,1.34,5.37,0.49,3.56,72.97,279.85,2.99
1971-03-04,1.52,0.47,-1.07,0.88,3.53,0.58,2.96,82.45,264.34,2.34
1971-03-05,2.66,0.04,0.38,1.57,6.28,0.06,3.95,26.46,296.40,3.05
1971-03-06,0.59,0.38,2.08,2.12,8.46,0.47,4.15,59.72,296.38,2.53
1971-03-07,0.52,0.31,3.21,1.57,6.27,0.41,4.30,28.98,308.89,3.38
1971-03-08,0.03,0.71,4.68,1.24,4.95,0.75,4.60,77.96,299.40,3.87
1971-03-09,0.25,0.71,4.66,0.95,3.78,0.86,4.79,81.42,299.00,6.55
1971-03-10,1.73,1.28,1.72,0.68,2.70,1.56,2.86,89.48,274.07,5.81
1971-03-11,1.30,0.59,3.44,0.68,2.72,0.75,4.29,54.16,307.97,3.96
1971-03-12,0.26,0.40,5.42,0.71,2.85,0.57,5.51,61.09,316.63,7.59
1971-03-13,2.88,1.02,5.84,0.64,2.57,1.25,4.80,95.91,299.12,5.21
1971-03-14,3.02,0.46,3.40,1.25,5.01,0.54,4.45,54.64,309.58,2.16
1971-03-15,0.15,0.69,2.57,1.23,4.92,0.80,4.02,84.83,290.48,4.13
1971-03-16,4.43,0.80,1.84,0.74,2.96,0.95,3.60,109.77,274.44,2.87
1971-03-17,5.57,0.84,1.81,1.04,4.17,0.98,3.61,122.39,269.40,2.59
1971-03-18,20.48,0.03,2.06,15.52,62.00,0.11,4.56,33.20,305.15,9.03
1971-03-19,15.55,0.10,3.05,12.99,51.90,0.18,4.82,33.74,309.89,6.63
1971-03-20,5.35,0.60,3.04,9.94,39.70,0.91,4.40,68.50,304.32,9.00
1971-03-21,0.92,1.09,3.33,3.33,13.30,1.43,4.08,124.75,279.72,8.83
1971-03-22,0.00,1.23,2.64,1.89,7.54,1.23,3.51,143.55,266.44,4.50
1971-03-23,3.52,0.90,3.94,1.74,6.96,1.15,4.21,62.06,311.33,5.95
1971-03-24,0.65,0.86,7.46,2.44,9.76,1.13,5.92,83.42,322.17,7.49
1971-03-25,0.32,1.35,4.97,1.58,6.32,1.57,4.39,134.03,286.26,7.28
1971-03-26,0.27,1.05,4.06,0.91,3.63,1.23,4.30,113.41,291.96,5.45
1971-03-27,1.46,1.25,3.96,0.67,2.68,1.43,3.99,149.26,275.85,3.20
1971-03-28,0.18,0.55,6.20,0.68,2.70,0.69,5.77,70.39,323.59,5.41
1971-03-29,1.51,0.71,7.57,0.60,2.41,0.91,5.66,39.17,330.86,5.35
1971-03-30,0.01,0.86,6.17,0.60,2.39,0.87,5.51,104.63,310.65,3.93
1971-03-31,0.04,0.81,3.25,0.55,2.18,0.84,4.07,84.07,302.42,2.86
1971-04-01,0.24,0.78,2.91,0.51,2.03,0.86,4.17,93.75,298.55,2.93
1971-04-02,0.61,0.80,3.70,0.49,1.94,1.02,4.46,89.89,304.63,4.73
1971-04-03,1.72,0.77,4.00,0.47,1.89,1.02,4.71,96.36,304.85,6.33
1971-04-04,1.88,0.60,3.62,0.50,1.99,0.82,4.70,76.14,310.78,5.58
1971-04-05,0.52,0.42,4.26,0.62,2.48,0.56,4.80,42.98,314.78,4.23
1971-04-06,0.03,0.76,5.14,0.59,2.36,0.79,5.19,90.06,314.30,2.01
1971-04-07,0.21,0.79,4.58,0.49,1.96,0.86,5.01,100.54,308.40,2.96
1971-04-08,0.10,1.11,5.45,0.45,1.80,1.17,5.06,132.39,301.77,2.84
1971-04-09,0.00,1.48,5.19,0.41,1.62,1.48,4.81,185.93,282.47,2.74
1971-04-10,0.00,1.31,5.56,0.37,1.47,1.31,5.07,160.85,293.93,2.69
1971-04-11,0.00,1.91,7.05,0.35,1.38,1.91,5.26,223.43,280.06,2.82
1971-04-12,0.00,1.55,6.52,0.32,1.26,1.55,5.40,188.21,291.19,3.15
1971-04-13,0.00,1.20,6.08,0.30,1.20,1.20,5.21,132.70,307.05,3.09
1971-04-14,0.03,1.68,5.70,0.30,1.19,1.70,4.83,198.55,283.61,2.39
1971-04-15,1.06,1.59,6.59,0.28,1.13,1.74,5.22,178.03,295.67,2.83
1971-04-16,1.56,1.66,6.24,0.29,1.16,1.96,4.89,173.43,294.94,7.25
1971-04-17,0.17,2.07,3.95,0.28,1.11,2.30,3.15,126.77,292.60,8.01
1971-04-18,0.25,2.04,7.11,0.27,1.09,2.36,4.82,168.78,300.30,9.87
1971-04-19,0.17,1.95,8.60,0.26,1.04,2.12,5.34,145.58,316.00,6.26
1971-04-20,0.00,1.99,7.22,0.25,1.00,1.99,4.66,185.04,295.87,3.25
1971-04-21,0.00,1.52,8.12,0.24,0.96,1.52,5.66,135.53,319.04,4.18
1971-04-22,2.78,1.65,8.29,0.23,0.93,1.87,5.41,126.82,321.97,4.68
1971-04-23,25.03,0.50,7.69,2.85,11.40,0.68,6.55,70.28,332.63,5.89
1971-04-24,0.32,0.95,5.82,3.93,15.70,1.24,5.33,105.12,318.56,8.09
1971-04-25,0.23,1.39,4.23,1.02,4.07,1.58,4.36,155.70,294.76,4.56
1971-04-26,0.00,1.62,3.59,0.61,2.44,1.62,3.81,172.52,285.14,4.43
1971-04-27,0.20,1.56,3.45,0.46,1.82,1.67,3.94,178.61,284.13,4.68
1971-04-28,0.23,1.84,4.22,0.38,1.52,2.06,3.87,189.59,283.64,5.14
1971-04-29,0.39,1.47,5.58,0.35,1.38,1.64,4.67,147.51,304.98,3.02
1971-04-30,1.72,1.27,5.77,0.41,1.63,1.38,5.15,136.28,310.91,2.83
1971-05-01,0.00,1.88,6.00,0.38,1.53,1.88,5.01,212.74,291.86,2.93
1971-05-02,0.00,2.24,6.78,0.31,1.25,2.24,5.12,249.64,285.80,3.51
1971-05-03,0.00,2.94,8.27,0.28,1.10,2.94,5.17,302.36,277.25,3.10
1971-05-04,0.00,2.91,8.19,0.26,1.02,2.91,5.00,292.37,279.25,2.95
1971-05-05,0.00,2.50,8.22,0.24,0.96,2.50,5.67,273.25,288.74,4.56
1971-05-06,9.72,2.03,9.82,0.25,1.00,2.26,6.14,168.11,324.01,5.16
1971-05-07,0.73,1.69,10.58,0.41,1.63,1.86,7.06,151.22,333.77,3.53
1971-05-08,0.13,2.10,11.15,0.33,1.32,2.21,6.99,181.43,328.87,4.00
1971-05-09,4.21,2.04,10.85,0.27,1.09,2.28,6.80,168.86,330.60,5.74
1971-05-10,0.47,2.46,13.16,0.37,1.46,2.71,7.82,189.90,337.53,6.80
1971-05-11,1.05,2.73,12.47,0.37,1.47,2.90,6.73,202.48,329.19,4.10
1971-05-12,0.00,2.83,10.66,0.28,1.10,2.83,6.57,267.87,305.67,3.62
1971-05-13,0.09,2.34,8.85,0.24,0.94,2.40,6.36,258.73,301.02,4.13
1971-05-14,0.17,2.83,8.70,0.22,0.89,2.89,5.29,269.49,293.25,3.55
1971-05-15,0.25,2.68,8.35,0.21,0.84,2.85,4.89,225.70,301.53,6.00
1971-05-16,1.50,2.02,7.23,0.21,0.83,2.29,5.36,216.78,302.08,6.09
1971-05-17,2.07,2.02,7.08,0.22,0.86,2.24,5.15,201.11,304.72,4.69
1971-05-18,0.12,2.99,9.14,0.23,0.91,3.20,5.25,268.29,296.28,5.42
1971-05-19,0.00,2.40,8.00,0.21,0.83,2.40,5.22,226.95,302.66,3.97
1971-05-20,0.00,1.98,9.65,0.20,0.80,1.98,6.39,179.15,324.75,3.47
1971-05-21,0.00,3.35,9.74,0.19,0.76,3.35,6.01,334.20,287.19,3.64
1971-05-22,3.99,2.30,9.36,0.19,0.75,2.52,6.29,228.77,312.19,4.63
1971-05-23,13.08,0.26,8.36,0.24,0.96,0.50,7.21,63.90,336.00,5.30
1971-05-24,1.54,0.61,8.98,0.95,3.78,0.80,6.90,64.17,338.70,5.43
1971-05-25,0.00,2.75,9.10,0.55,2.18,2.75,5.65,258.85,302.38,4.33
1971-05-26,1.61,2.12,7.80,0.31,1.25,2.33,5.52,210.19,308.71,4.26
1971-05-27,0.09,3.07,7.26,0.25,0.99,3.16,4.51,305.21,279.45,4.84
1971-05-28,0.62,2.34,7.22,0.22,0.88,2.44,5.67,254.83,297.42,2.76
1971-05-29,4.73,2.45,7.83,0.21,0.85,2.66,5.58,258.89,298.47,4.26
1971-05-30,3.59,1.29,10.59,0.26,1.04,1.51,7.48,120.83,344.67,5.48
1971-05-31,5.78,2.21,10.95,0.52,2.06,2.35,7.30,201.49,328.98,2.65
1971-06-01,0.00,3.30,10.89,0.63,2.51,3.30,6.85,318.35,299.68,3.09
1971-06-02,0.00,2.56,11.28,0.30,1.20,2.56,7.20,238.43,321.05,4.06
1971-06-03,0.00,1.98,9.27,0.22,0.88,1.98,6.22,183.37,323.22,5.97
1971-06-04,0.02,1.99,8.80,0.20,0.79,2.04,5.72,161.85,325.09,6.25
1971-06-05,0.21,1.52,8.84,0.19,0.76,1.67,6.08,117.94,336.46,6.20
1971-06-06,1.93,1.80,8.73,0.19,0.76,2.09,6.03,164.84,325.09,7.19
1971-06-07,0.18,0.79,8.78,0.21,0.83,0.89,6.52,68.29,337.46,5.12
1971-06-08,0.23,1.97,8.09,0.20,0.80,2.14,5.36,165.44,320.60,4.55
1971-06-09,0.42,1.75,6.46,0.19,0.76,1.97,5.05,172.45,311.43,4.32
1971-06-10,1.35,1.94,7.37,0.18,0.73,2.19,5.60,210.41,308.19,5.28
1971-06-11,10.59,0.67,8.99,0.28,1.13,0.93,6.85,67.46,338.73,7.88
1971-06-12,0.20,1.49,10.03,0.50,2.01,1.61,7.09,142.38,337.91,5.24
1971-06-13,0.13,1.65,8.66,0.30,1.19,1.79,5.74,126.94,333.33,4.06
1971-06-14,0.03,2.50,7.70,0.24,0.94,2.57,5.01,234.57,301.61,4.68
1971-06-15,0.58,1.86,7.36,0.21,0.83,2.02,5.26,170.60,316.49,3.37
1971-06-16,1.59,1.97,8.60,0.20,0.82,2.19,5.92,184.68,320.26,4.70
1971-06-17,0.52,2.51,8.16,0.19,0.77,2.69,5.25,234.00,304.64,5.06
1971-06-18,4.74,1.82,7.62,0.19,0.75,2.03,5.26,155.50,321.09,4.08
1971-06-19,16.48,2.43,10.51,0.23,0.91,2.62,6.41,205.42,324.63,4.19
1971-06-20,3.14,1.36,10.19,2.34,9.36,1.55,7.48,138.83,339.84,4.06
1971-06-21,2.43,1.41,9.78,1.05,4.18,1.64,6.91,128.90,339.68,5.47
1971-06-22,0.04,2.80,10.57,0.77,3.06,2.84,6.02,228.27,318.20,5.15
1971-06-23,0.01,1.75,11.19,0.41,1.63,1.76,7.20,140.89,343.68,2.97
1971-06-24,0.38,2.12,12.55,0.30,1.19,2.29,7.73,166.25,344.74,3.98
1971-06-25,2.60,2.22,13.77,0.26,1.03,2.46,8.43,167.32,350.59,6.00
1971-06-26,2.39,2.60,12.03,0.28,1.11,2.85,7.36,226.86,328.24,6.20
1971-06-27,0.55,3.20,11.37,0.31,1.22,3.44,6.17,252.38,315.85,6.65
1971-06-28,0.15,3.00,10.55,0.23,0.90,3.12,5.89,247.00,312.86,5.16
1971-06-29,0.24,2.46,10.01,0.20,0.78,2.58,6.29,220.17,318.54,3.54
1971-06-30,0.14,2.02,11.81,0.19,0.75,2.11,6.96,153.92,343.04,2.18
1971-07-01,0.00,2.50,16.11,0.18,0.74,2.50,10.16,196.95,355.37,3.08
1971-07-02,0.04,3.47,16.78,0.18,0.70,3.49,10.08,270.78,342.85,2.95
1971-07-03,5.07,2.73,16.34,0.29,1.15,2.85,10.68,228.17,350.46,3.22
1971-07-04,4.10,1.54,14.55,0.51,2.03,1.68,9.48,119.18,363.80,3.25
1971-07-05,0.05,3.42,14.44,0.39,1.57,3.44,8.61,289.04,325.38,3.38
1971-07-06,0.00,4.18,15.03,0.22,0.88,4.18,8.16,339.88,313.62,2.74
1971-07-07,0.00,4.09,16.83,0.18,0.71,4.09,9.46,314.73,330.99,3.35
1971-07-08,0.00,4.07,17.63,0.16,0.65,4.07,10.01,305.05,337.82,3.91
1971-07-09,0.00,2.55,14.19,0.16,0.63,2.55,8.13,180.68,347.80,4.45
1971-07-10,0.00,2.82,15.00,0.16,0.64,2.82,8.99,223.55,342.60,3.45
1971-07-11,0.06,3.50,16.69,0.15,0.62,3.57,9.35,253.64,343.35,4.49
1971-07-12,0.00,3.59,13.34,0.14,0.57,3.59,6.32,255.43,319.99,4.20
1971-07-13,0.00,3.48,12.47,0.14,0.57,3.48,6.79,297.32,307.65,2.72
1971-07-14,0.00,2.68,13.42,0.14,0.57,2.68,7.19,160.51,347.32,6.17
1971-07-15,0.00,3.33,14.57,0.14,0.56,3.33,8.02,239.85,333.94,8.60
1971-07-16,0.00,3.88,11.37,0.14,0.55,3.88,5.07,278.05,299.59,6.19
1971-07-17,0.00,3.49,10.64,0.14,0.54,3.49,5.44,296.51,293.74,4.45
1971-07-18,0.05,2.70,10.40,0.14,0.54,2.75,6.77,261.47,307.93,2.71
1971-07-19,1.21,1.91,10.68,0.14,0.56,2.06,7.03,170.18,331.86,3.01
1971-07-20,0.93,2.27,12.92,0.15,0.61,2.38,7.45,169.33,342.30,3.25
1971-07-21,8.87,1.62,12.78,0.16,0.63,1.77,8.18,127.72,352.29,3.15
1971-07-22,7.79,1.77,11.42,0.21,0.84,1.96,7.16,136.47,343.09,4.15
1971-07-23,13.20,0.74,11.94,0.30,1.20,0.90,8.18,62.63,352.68,4.43
1971-07-24,27.22,1.20,13.00,1.73,6.90,1.36,9.11,114.81,355.59,3.92
1971-07-25,5.74,2.16,14.19,4.28,17.10,2.34,8.90,177.19,346.79,4.18
1971-07-26,4.18,1.81,13.55,1.63,6.51,1.95,8.61,145.37,351.03,3.09
1971-07-27,0.13,1.55,13.32,1.04,4.16,1.64,8.87,133.24,352.62,3.14
1971-07-28,0.00,2.02,13.57,0.58,2.33,2.02,8.72,172.01,344.43,2.59
1971-07-29,0.00,2.85,14.14,0.38,1.53,2.85,8.60,242.63,329.17,2.01
1971-07-30,7.85,2.84,14.57,0.28,1.12,2.96,8.99,242.80,331.53,2.63
1971-07-31,1.07,1.57,14.13,0.66,2.62,1.75,8.99,116.10,359.85,4.43
1971-08-01,4.48,2.38,14.73,0.43,1.70,2.58,8.79,179.72,346.18,4.85
1971-08-02,0.16,2.61,15.03,0.43,1.71,2.75,8.95,205.85,340.67,4.36
1971-08-03,12.42,1.81,12.25,0.34,1.36,1.95,8.58,181.44,334.26,2.93
1971-08-04,1.00,1.44,13.26,1.24,4.95,1.60,8.67,116.04,354.89,3.86
1971-08-05,1.73,1.96,14.15,0.71,2.82,2.12,9.01,165.57,346.32,3.58
1971-08-06,7.71,1.60,13.67,0.44,1.74,1.77,8.86,132.27,352.26,4.00
1971-08-07,1.32,1.46,12.24,1.12,4.46,1.63,7.76,108.42,351.40,3.74
1971-08-08,1.55,1.69,12.14,0.74,2.95,1.89,7.87,146.12,340.52,4.69
1971-08-09,0.00,2.49,14.52,0.50,2.01,2.49,8.32,177.57,342.43,5.48
1971-08-10,0.00,1.44,11.73,0.35,1.38,1.44,7.73,123.30,344.22,3.00
1971-08-11,1.31,1.48,12.22,0.27,1.08,1.64,7.63,105.39,351.19,3.77
1971-08-12,5.51,0.74,12.21,0.26,1.03,0.87,8.04,54.97,354.03,3.44
1971-08-13,24.19,0.92,12.16,2.33,9.31,1.14,8.65,95.63,353.04,6.08
1971-08-14,14.11,1.09,10.43,12.04,48.10,1.39,7.25,87.53,345.41,8.56
1971-08-15,0.00,3.07,11.71,2.80,11.20,3.07,5.72,223.92,305.51,5.33
1971-08-16,0.00,1.69,11.54,1.00,4.00,1.69,7.55,155.18,332.14,3.92
1971-08-17,0.00,1.89,12.32,0.63,2.53,1.89,7.21,153.55,334.82,2.37
1971-08-18,0.00,1.95,11.59,0.46,1.84,1.95,7.79,198.04,319.51,3.13
1971-08-19,0.42,1.50,12.14,0.38,1.53,1.65,8.47,156.29,334.65,3.40
1971-08-20,0.00,2.21,13.46,0.34,1.35,2.21,8.81,220.83,321.98,3.88
1971-08-21,2.51,1.68,12.16,0.28,1.12,1.88,7.61,132.80,339.64,4.93
1971-08-22,3.37,1.43,12.92,0.28,1.11,1.60,8.18,109.58,350.37,3.92
1971-08-23,0.63,0.99,13.65,0.30,1.19,1.11,9.31,88.45,359.45,3.05
1971-08-24,0.00,1.15,14.76,0.29,1.17,1.15,9.92,102.12,360.32,2.72
1971-08-25,0.00,2.36,15.54,0.26,1.05,2.36,9.33,195.97,335.65,3.75
1971-08-26,0.00,2.24,14.36,0.23,0.91,2.25,8.11,161.71,338.30,4.50
1971-08-27,2.87,1.88,11.66,0.22,0.87,2.12,7.23,160.75,324.91,5.96
1971-08-28,13.10,1.91,13.92,0.22,0.90,2.14,8.24,126.45,347.28,6.21
1971-08-29,6.83,0.86,11.52,2.24,8.96,1.04,8.46,105.12,342.98,4.43
1971-08-30,1.01,1.33,11.22,1.20,4.81,1.55,7.36,107.63,339.70,5.45
1971-08-31,0.84,1.47,12.20,0.63,2.52,1.69,7.68,106.42,344.44,5.86
1971-09-01,0.26,2.70,13.40,0.43,1.70,2.95,7.30,175.01,322.97,9.67
1971-09-02,1.05,1.34,12.29,0.34,1.34,1.55,7.77,93.33,348.54,5.27
1971-09-03,0.51,0.74,12.27,0.33,1.32,0.88,7.82,44.08,354.35,3.77
1971-09-04,0.02,2.18,12.56,0.29,1.16,2.21,7.22,179.21,315.56,5.31
1971-09-05,0.00,2.16,11.92,0.24,0.97,2.16,7.06,217.34,297.24,2.68
1971-09-06,0.00,2.08,13.49,0.22,0.88,2.08,8.19,204.02,311.74,2.65
1971-09-07,0.00,2.07,14.31,0.21,0.83,2.07,8.56,191.02,319.97,3.30
1971-09-08,0.00,2.04,13.47,0.20,0.79,2.04,8.25,199.93,311.56,3.89
1971-09-09,0.00,1.67,13.68,0.19,0.76,1.67,8.84,168.72,325.06,4.53
1971-09-10,0.79,1.68,12.01,0.19,0.76,1.88,7.52,160.47,316.93,4.59
1971-09-11,0.00,1.57,11.47,0.19,0.74,1.57,7.74,181.54,306.81,3.04
1971-09-12,0.00,1.55,10.40,0.18,0.73,1.55,7.14,185.40,298.20,2.92
1971-09-13,0.00,1.12,11.17,0.18,0.72,1.12,7.32,111.78,330.43,1.89
1971-09-14,3.22,0.29,10.85,0.18,0.74,0.33,7.84,39.74,347.56,1.63
1971-09-15,0.13,0.79,12.47,0.21,0.82,0.84,8.20,66.69,354.43,2.04
1971-09-16,0.08,1.19,14.56,0.20,0.81,1.23,8.92,95.50,352.18,2.61
1971-09-17,0.25,0.79,13.57,0.19,0.75,0.84,9.14,70.35,357.10,3.58
1971-09-18,0.00,1.42,13.27,0.18,0.73,1.42,8.12,129.75,329.59,3.22
1971-09-19,0.10,1.21,12.87,0.18,0.71,1.31,8.34,119.38,332.12,3.72
1971-09-20,0.01,1.48,13.14,0.17,0.69,1.49,7.75,112.97,334.05,4.09
1971-09-21,0.18,1.41,13.17,0.17,0.68,1.56,7.67,95.88,341.24,4.08
1971-09-22,2.18,0.97,13.12,0.17,0.68,1.06,8.34,90.69,343.63,2.21
1971-09-23,0.97,0.70,12.47,0.19,0.74,0.80,8.45,65.29,351.57,2.86
1971-09-24,0.06,1.11,7.73,0.18,0.73,1.15,5.42,114.56,301.46,3.51
1971-09-25,0.33,1.03,7.45,0.17,0.70,1.13,5.26,102.48,305.04,3.17
1971-09-26,3.09,0.62,7.90,0.18,0.70,0.76,6.01,50.55,332.79,3.76
1971-09-27,0.36,0.49,10.21,0.19,0.75,0.55,7.76,70.61,336.56,2.86
1971-09-28,0.83,0.50,10.55,0.18,0.73,0.59,7.80,63.99,340.73,2.51
1971-09-29,2.76,0.90,12.88,0.18,0.73,1.09,8.33,62.44,351.89,5.05
1971-09-30,0.00,0.88,14.19,0.20,0.78,0.88,9.46,96.98,341.04,3.78
1971-10-01,0.00,1.37,14.71,0.19,0.74,1.37,8.90,105.38,336.49,5.28
1971-10-02,0.00,1.23,14.56,0.17,0.69,1.23,8.35,99.06,337.14,3.04
1971-10-03,0.16,0.74,11.43,0.17,0.67,0.81,7.70,82.37,331.32,3.00
1971-10-04,0.00,0.93,10.18,0.17,0.67,0.93,6.51,65.63,332.76,4.00
1971-10-05,0.00,1.23,10.45,0.16,0.65,1.23,6.15,77.22,324.94,4.53
1971-10-06,0.06,1.44,12.46,0.16,0.64,1.50,7.31,93.13,325.41,6.40
1971-10-07,0.13,0.66,13.21,0.16,0.65,0.75,8.88,53.49,353.65,5.53
1971-10-08,0.90,0.96,12.76,0.17,0.67,1.14,7.91,67.03,342.35,4.47
1971-10-09,0.29,0.88,11.67,0.17,0.69,1.08,7.58,61.36,339.94,5.56
1971-10-10,4.76,1.28,12.92,0.18,0.71,1.57,7.91,46.94,354.56,8.87
1971-10-11,0.02,1.03,12.17,0.24,0.96,1.06,7.65,80.93,327.85,5.83
1971-10-12,0.00,0.81,8.06,0.22,0.88,0.81,5.60,55.77,322.22,4.29
1971-10-13,0.00,0.82,3.22,0.18,0.74,0.82,3.66,70.61,283.94,4.33
1971-10-14,0.00,0.72,2.90,0.17,0.69,0.72,3.30,116.68,245.79,2.45
1971-10-15,7.97,0.93,4.20,0.19,0.76,1.24,4.01,22.40,311.73,7.70
1971-10-16,4.10,0.35,7.95,0.29,1.17,0.51,6.51,56.17,320.56,6.24
1971-10-17,11.47,0.41,9.28,0.51,2.03,0.60,7.05,55.52,326.69,6.71
1971-10-18,8.52,1.38,9.27,1.44,5.76,1.69,5.72,67.04,313.31,8.67
1971-10-19,5.86,0.57,9.19,2.09,8.37,0.81,6.77,53.63,325.60,7.68
1971-10-20,2.82,1.11,7.21,1.36,5.42,1.42,5.11,64.77,302.78,8.30
1971-10-21,5.08,1.48,10.10,1.65,6.59,1.78,5.80,19.80,342.40,8.69
1971-10-22,0.48,0.28,11.50,1.30,5.18,0.40,8.46,64.87,327.03,10.20
1971-10-23,0.31,0.77,11.33,0.70,2.80,0.91,7.29,45.91,338.42,5.49
1971-10-24,0.52,0.47,10.11,0.52,2.07,0.60,7.05,37.77,338.95,4.10
1971-10-25,0.00,0.45,6.23,0.45,1.79,0.45,4.89,73.15,285.03,2.72
1971-10-26,0.00,0.34,4.97,0.37,1.49,0.34,4.32,70.04,279.12,1.89
1971-10-27,0.00,0.45,5.77,0.33,1.31,0.45,4.61,87.11,266.19,2.80
1971-10-28,0.00,0.46,6.18,0.29,1.17,0.46,5.05,85.24,270.33,3.91
1971-10-29,0.04,0.36,7.40,0.28,1.11,0.38,5.78,53.53,306.28,3.57
1971-10-30,3.54,0.36,6.44,0.27,1.08,0.51,5.56,44.12,309.90,5.23
1971-10-31,0.11,0.48,9.07,0.47,1.89,0.55,6.51,50.82,315.38,5.45
1971-11-01,0.23,0.48,10.80,0.34,1.37,0.59,7.51,30.76,343.34,6.38
1971-11-02,1.14,1.22,12.27,0.30,1.18,1.52,7.42,35.97,343.66,9.21
1971-11-03,0.27,0.85,9.27,0.29,1.14,0.99,5.97,31.38,332.41,5.59
1971-11-04,27.25,0.36,9.73,6.98,27.90,0.55,7.19,37.46,329.01,8.11
1971-11-05,6.74,0.51,8.37,5.51,22.00,0.70,6.17,27.31,332.07,5.78
1971-11-06,0.75,0.96,5.06,2.93,11.70,1.25,4.16,47.78,286.78,7.38
1971-11-07,2.98,0.00,4.29,1.89,7.54,0.00,5.72,25.76,314.49,7.30
1971-11-08,1.60,0.68,3.47,1.64,6.56,1.01,4.18,29.85,300.91,9.53
1971-11-09,0.17,0.87,0.89,1.02,4.06,0.97,3.03,51.10,257.88,8.79
1971-11-10,0.05,0.57,1.90,0.68,2.71,0.62,3.01,35.20,279.86,3.42
1971-11-11,0.47,0.19,3.98,0.59,2.36,0.25,4.64,29.26,303.11,3.37
1971-11-12,0.37,0.10,6.01,0.54,2.17,0.13,5.66,23.49,320.99,3.15
1971-11-13,0.00,0.79,5.93,0.51,2.04,0.79,4.50,47.75,282.69,6.42
1971-11-14,0.08,0.91,5.41,0.43,1.73,1.00,3.82,38.36,288.82,4.94
1971-11-15,0.72,0.15,6.95,0.41,1.63,0.26,6.12,24.99,321.76,7.86
1971-11-16,0.05,0.85,6.57,0.44,1.76,0.95,5.00,35.91,300.49,9.00
1971-11-17,13.93,0.93,1.97,0.92,3.67,1.20,2.98,25.01,288.15,5.89
1971-11-18,1.57,0.46,-0.19,1.54,6.14,0.68,3.08,30.44,272.36,6.17
1971-11-19,1.03,0.46,-0.71,0.66,2.64,0.72,2.97,37.58,258.55,7.19
1971-11-20,14.20,0.52,-0.23,0.64,2.57,0.73,2.86,10.39,288.37,5.08
1971-11-21,3.40,0.00,0.45,4.81,19.20,0.00,4.06,26.64,283.35,11.56
1971-11-22,5.45,0.56,0.58,1.69,6.77,0.89,3.33,32.88,269.24,9.79
1971-11-23,0.47,0.00,0.48,1.41,5.62,0.00,3.92,19.77,292.05,3.77
1971-11-24,0.61,0.82,3.49,1.85,7.41,1.03,3.10,34.34,272.77,4.62
1971-11-25,0.31,0.00,4.71,11.61,46.40,0.00,6.65,23.42,309.17,6.58
1971-11-26,0.74,0.15,8.70,2.58,10.30,0.22,6.62,24.81,322.36,4.87
1971-11-27,2.41,0.25,6.93,1.77,7.07,0.37,5.80,16.53,326.88,5.11
1971-11-28,0.02,0.05,1.21,1.39,5.55,0.06,3.49,32.94,266.87,2.23
1971-11-29,0.19,0.26,-1.11,0.89,3.57,0.31,2.70,27.39,262.27,3.42
1971-11-30,0.05,0.00,-0.10,0.75,3.00,0.00,4.04,15.47,293.98,3.30
1971-12-01,0.02,0.00,1.06,0.68,2.72,0.00,3.95,8.56,299.01,1.54
1971-12-02,0.02,0.01,1.09,0.63,2.50,0.01,3.88,18.40,291.38,1.91
1971-12-03,0.97,0.58,3.38,0.57,2.28,0.76,3.71,13.84,306.77,4.34
1971-12-04,0.02,0.00,5.15,0.61,2.42,0.00,6.26,15.86,318.07,6.36
1971-12-05,0.00,0.34,6.70,0.56,2.25,0.34,5.29,18.38,317.04,4.24
1971-12-06,0.03,0.27,5.28,0.51,2.02,0.29,4.87,16.19,314.08,3.88
1971-12-07,3.58,0.62,3.86,0.46,1.84,0.84,4.05,14.24,309.12,5.76
1971-12-08,1.71,0.21,4.98,0.78,3.13,0.29,4.81,7.82,317.77,3.63
1971-12-09,0.00,0.44,6.81,0.79,3.17,0.45,5.54,20.34,312.48,8.21
1971-12-10,0.01,1.01,8.28,0.57,2.29,1.04,5.30,21.09,315.50,7.82
1971-12-11,0.18,0.82,8.03,0.48,1.93,0.96,5.61,14.40,329.83,8.03
1971-12-12,3.34,0.51,7.17,0.46,1.82,0.70,5.41,16.64,320.50,5.76
1971-12-13,0.45,0.48,7.14,0.67,2.69,0.65,5.38,27.36,297.35,6.93
1971-12-14,5.76,0.50,6.73,1.06,4.22,0.75,5.43,17.77,315.79,8.03
1971-12-15,0.08,0.93,7.81,1.61,6.45,1.07,5.38,18.73,317.70,9.24
1971-12-16,0.43,0.67,8.30,0.79,3.15,0.85,5.94,12.97,333.92,7.90
1971-12-17,0.04,0.34,7.36,0.64,2.57,0.38,5.89,14.86,325.48,6.75
1971-12-18,2.60,0.25,7.23,0.55,2.18,0.42,6.00,16.64,321.13,7.85
1971-12-19,2.37,0.31,7.45,0.81,3.22,0.53,6.09,16.53,322.53,9.62
1971-12-20,2.37,1.43,8.57,0.99,3.95,1.77,5.17,12.91,333.34,9.51
1971-12-21,0.18,0.79,7.05,1.08,4.31,0.94,5.20,21.67,307.07,9.28
1971-12-22,0.02,0.30,3.37,0.63,2.50,0.32,4.10,14.79,303.77,3.86
1971-12-23,0.92,0.91,4.18,0.52,2.07,1.17,3.60,18.11,296.87,5.99
1971-12-24,1.70,0.00,5.16,0.61,2.44,0.00,6.09,13.76,318.89,9.02
1971-12-25,0.35,0.63,8.18,0.73,2.91,0.78,5.84,15.26,328.11,7.17
1971-12-26,0.65,0.15,5.53,0.54,2.14,0.21,5.24,13.09,320.46,3.76
1971-12-27,1.71,0.19,3.76,0.48,1.92,0.31,4.66,15.17,307.25,5.82
1971-12-28,8.28,0.37,1.47,0.70,2.81,0.60,3.69,18.82,286.78,7.25
1971-12-29,0.19,0.36,1.86,1.57,6.27,0.50,3.70,22.40,281.03,6.18
1971-12-30,0.20,0.71,1.97,0.86,3.43,0.97,3.46,16.18,293.55,7.55
1971-12-31,0.00,0.46,2.70,0.80,3.21,0.46,4.12,8.56,306.15,9.54
1972-01-01,5.34,0.43,3.50,0.81,3.25,0.63,4.21,15.96,303.76,6.08
1972-01-02,7.80,0.09,2.86,3.35,13.40,0.14,4.55,13.42,308.32,5.48
1972-01-03,1.93,0.00,2.66,3.43,13.70,0.00,4.51,7.93,307.41,3.16
1972-01-04,1.98,0.03,2.03,1.89,7.55,0.05,4.22,8.02,303.89,3.79
1972-01-05,1.00,0.13,2.17,1.56,6.23,0.19,4.09,14.44,302.85,3.44
1972-01-06,0.12,0.00,1.49,1.20,4.81,0.00,3.99,19.88,289.00,1.62
1972-01-07,2.22,0.06,0.90,0.99,3.96,0.09,3.90,15.19,296.49,3.98
1972-01-08,10.82,0.15,1.75,2.00,7.98,0.28,4.20,14.73,302.32,8.38
1972-01-09,0.41,0.03,3.45,4.10,16.40,0.05,4.86,15.31,310.52,5.62
1972-01-10,6.57,0.34,4.96,3.20,12.80,0.55,5.04,15.31,317.64,7.86
1972-01-11,7.08,0.49,5.94,4.83,19.30,0.73,5.16,8.87,322.75,7.83
1972-01-12,6.22,0.74,4.41,3.33,13.30,1.04,4.29,20.85,302.89,8.50
1972-01-13,1.97,0.09,4.81,3.40,13.60,0.14,5.22,17.47,314.92,4.96
1972-01-14,0.21,0.29,5.05,1.94,7.75,0.41,4.92,27.77,296.45,6.34
1972-01-15,1.43,0.18,3.87,1.34,5.34,0.32,4.81,9.50,313.21,7.85
1972-01-16,2.36,0.41,4.30,1.48,5.92,0.68,4.75,17.88,312.53,9.17
1972-01-17,11.31,0.36,2.16,2.26,9.02,0.64,4.07,9.86,303.85,9.95
1972-01-18,12.25,0.82,1.24,2.25,8.97,1.16,3.21,10.05,296.13,9.00
1972-01-19,0.13,0.14,0.67,5.51,22.00,0.20,3.61,41.76,256.55,5.66
1972-01-20,0.34,0.13,-0.06,2.29,9.14,0.18,3.33,40.63,255.34,4.27
1972-01-21,1.47,0.31,1.62,2.04,8.17,0.45,3.50,40.12,263.60,4.59
1972-01-22,1.75,0.00,3.88,7.43,29.70,0.00,5.31,21.85,309.64,5.00
1972-01-23,6.15,0.44,6.41,5.21,20.80,0.69,5.56,19.64,324.76,8.78
1972-01-24,0.38,0.23,3.02,3.88,15.50,0.35,4.26,33.81,285.93,5.04
1972-01-25,1.32,0.55,1.20,2.08,8.31,0.75,3.13,36.01,270.59,4.94
1972-01-26,18.23,0.00,1.79,11.96,47.80,0.00,4.89,20.43,304.94,5.61
1972-01-27,2.08,0.67,3.03,5.78,23.10,1.03,4.08,25.71,300.00,11.19
1972-01-28,0.75,0.63,1.58,2.90,11.60,0.87,3.39,24.34,293.85,5.94
1972-01-29,6.14,0.53,-0.36,1.79,7.17,0.78,3.05,22.91,287.43,6.44
1972-01-30,3.79,0.22,-3.32,1.30,5.20,0.35,2.61,30.58,264.39,4.48
1972-01-31,0.84,0.14,-5.77,0.97,3.87,0.20,1.98,36.48,244.66,2.43
1972-02-01,9.08,0.00,-4.35,1.01,4.04,0.00,2.94,13.50,274.02,8.72
1972-02-02,2.01,0.36,1.19,2.18,8.72,0.63,3.78,13.80,298.81,9.42
1972-02-03,14.10,0.18,3.08,17.92,71.60,0.30,4.59,32.24,300.74,6.19
1972-02-04,2.48,0.15,2.06,7.46,29.80,0.19,4.03,31.66,295.89,2.29
1972-02-05,2.22,0.00,1.67,6.23,24.90,0.00,4.46,14.75,303.31,6.20
1972-02-06,5.71,0.23,3.36,4.93,19.70,0.33,4.53,31.02,305.03,4.02
1972-02-07,0.07,0.24,2.93,4.83,19.30,0.27,4.09,42.31,290.91,2.44
1972-02-08,4.02,0.36,2.93,2.83,11.30,0.49,4.11,38.89,295.28,3.88
1972-02-09,1.03,0.33,2.57,4.00,16.00,0.43,3.95,39.21,293.75,3.14
1972-02-10,4.21,0.48,1.75,3.30,13.20,0.69,3.75,32.21,297.10,5.87
1972-02-11,1.24,0.27,0.69,2.98,11.90,0.39,3.64,31.52,293.90,4.08
1972-02-12,0.18,0.41,0.28,1.84,7.37,0.48,3.05,58.23,265.66,3.03
1972-02-13,0.11,0.48,1.81,1.65,6.58,0.61,3.80,61.26,274.02,6.34
1972-02-14,0.11,0.97,3.57,1.30,5.21,1.13,3.59,86.63,257.53,6.05
1972-02-15,22.59,0.49,1.50,5.71,22.80,0.73,3.75,32.08,299.43,6.93
1972-02-16,6.54,0.00,2.88,13.84,55.30,0.00,5.01,18.77,309.74,5.58
1972-02-17,6.70,0.26,4.16,9.19,36.70,0.39,4.94,37.02,311.49,5.24
1972-02-18,0.50,0.54,2.13,3.45,13.80,0.70,3.81,47.93,291.09,5.48
1972-02-19,0.01,0.34,1.61,2.05,8.20,0.35,3.70,40.46,295.31,2.63
1972-02-20,1.13,0.26,1.53,1.55,6.20,0.35,3.97,35.46,300.70,3.17
1972-02-21,1.15,0.16,1.98,1.62,6.49,0.23,4.36,35.87,304.19,3.68
1972-02-22,0.47,0.41,2.45,1.65,6.59,0.51,4.02,39.92,302.31,3.68
1972-02-23,0.02,0.49,2.80,1.29,5.17,0.51,4.07,66.28,285.43,4.00
1972-02-24,0.08,0.42,2.00,1.08,4.32,0.46,3.97,45.71,297.45,4.87
1972-02-25,5.09,0.24,2.75,1.03,4.13,0.37,4.55,40.42,306.86,5.35
1972-02-26,0.06,0.35,3.39,1.91,7.64,0.40,4.51,42.50,308.44,3.55
1972-02-27,0.04,0.48,3.75,1.35,5.40,0.51,4.50,50.86,304.81,4.54
1972-02-28,0.33,0.71,4.34,1.08,4.33,0.89,4.42,46.55,310.36,5.75
1972-02-29,6.18,0.70,4.34,1.02,4.06,0.91,4.46,71.92,294.55,5.12
1972-03-01,9.42,0.17,3.76,5.28,21.10,0.23,4.72,24.99,312.53,3.10
1972-03-02,0.71,0.69,3.43,3.88,15.50,0.89,4.35,108.05,272.07,5.60
1972-03-03,4.63,0.64,3.48,2.70,10.80,0.98,4.42,53.40,305.26,10.29
1972-03-04,0.29,0.79,1.20,2.36,9.44,1.07,3.41,63.52,286.61,7.10
1972-03-05,0.03,0.65,2.42,1.54,6.16,0.70,3.95,93.74,277.75,3.91
1972-03-06,7.17,0.53,1.69,1.39,5.56,0.78,3.89,54.46,297.22,6.71
1972-03-07,2.03,0.34,2.91,3.40,13.60,0.54,4.58,51.77,306.67,7.06
1972-03-08,0.43,0.47,3.61,2.47,9.86,0.61,4.62,59.83,305.81,4.09
1972-03-09,1.45,0.59,3.20,1.67,6.69,0.78,4.28,63.20,301.74,4.59
1972-03-10,1.50,0.47,1.93,1.64,6.57,0.70,4.01,43.91,302.49,6.71
1972-03-11,0.02,1.17,1.83,1.36,5.43,1.23,3.23,98.95,273.86,7.04
1972-03-12,0.00,1.22,1.67,1.00,4.00,1.22,3.15,151.97,247.00,5.07
1972-03-13,0.13,0.73,0.35,0.87,3.47,0.83,3.20,74.50,282.30,4.72
1972-03-14,0.52,0.81,2.79,0.85,3.41,0.93,3.60,93.89,284.52,2.37
1972-03-15,0.40,0.59,5.40,0.83,3.32,0.67,5.29,82.03,308.22,1.82
1972-03-16,17.47,0.63,4.20,6.16,24.60,0.75,4.62,74.82,305.23,2.68
1972-03-17,0.07,0.75,5.56,5.08,20.30,0.81,5.23,101.11,301.24,2.88
1972-03-18,0.01,0.77,5.00,1.78,7.12,0.78,4.75,95.98,300.28,2.05
1972-03-19,0.01,0.79,5.29,1.20,4.78,0.81,4.74,94.06,302.83,1.87
1972-03-20,0.00,0.74,5.98,0.98,3.90,0.74,5.49,99.64,306.43,2.66
1972-03-21,0.00,1.32,4.66,0.84,3.37,1.32,4.13,139.86,278.56,4.73
1972-03-22,0.01,1.36,6.79,0.74,2.97,1.37,4.99,117.86,301.03,6.38
1972-03-23,0.00,1.30,8.73,0.66,2.65,1.30,5.85,111.87,315.07,4.73
1972-03-24,0.00,1.47,7.23,0.61,2.44,1.47,4.87,149.08,290.09,3.28
1972-03-25,1.78,1.15,5.45,0.58,2.31,1.34,4.44,102.89,302.18,3.79
1972-03-26,7.54,1.60,4.40,0.68,2.72,1.91,3.85,142.54,279.30,7.29
1972-03-27,1.33,1.20,2.18,1.77,7.07,1.56,3.64,134.20,274.76,9.57
1972-03-28,0.76,1.52,2.93,1.00,3.98,1.85,3.52,153.14,269.66,7.94
1972-03-29,4.82,1.50,3.34,0.81,3.23,1.82,3.57,131.38,280.83,7.27
1972-03-30,1.67,0.30,4.70,1.58,6.30,0.41,5.15,40.26,317.55,3.87
1972-03-31,2.89,1.14,5.56,1.12,4.47,1.36,4.69,99.89,308.31,4.87
1972-04-01,9.60,0.70,7.27,4.13,16.50,0.86,6.01,72.04,329.83,3.84
1972-04-02,5.62,0.66,8.68,5.68,22.70,0.93,6.88,88.47,331.79,7.98
1972-04-03,1.00,1.78,6.37,2.85,11.40,2.11,4.57,144.24,296.37,8.59
1972-04-04,4.43,1.34,6.80,2.16,8.63,1.62,5.02,97.77,317.45,6.58
1972-04-05,6.73,1.59,6.51,2.18,8.70,1.91,4.94,153.08,296.80,8.26
1972-04-06,1.39,1.97,5.49,2.73,10.90,2.30,4.12,180.19,279.95,8.26
1972-04-07,5.45,0.88,6.54,2.21,8.84,1.05,5.74,104.88,317.24,3.67
1972-04-08,2.23,0.87,5.94,3.05,12.20,1.04,5.24,86.18,320.06,3.62
1972-04-09,5.60,1.51,5.99,1.97,7.87,1.74,4.77,156.94,295.30,4.53
1972-04-10,1.63,1.44,5.01,3.05,12.20,1.73,4.45,146.80,294.25,6.32
1972-04-11,1.66,0.95,4.31,2.16,8.63,1.17,4.72,114.77,303.72,4.78
1972-04-12,0.79,1.39,6.29,1.40,5.61,1.65,4.93,125.73,309.07,5.99
1972-04-13,0.00,1.66,6.23,1.03,4.12,1.66,4.72,172.24,293.30,3.34
1972-04-14,0.75,1.72,6.31,0.85,3.40,1.95,4.90,186.75,290.45,5.06
1972-04-15,0.06,2.14,5.35,0.75,2.98,2.26,4.03,214.02,274.08,6.58
1972-04-16,0.13,1.19,7.19,0.63,2.50,1.28,5.42,108.94,321.21,2.88
1972-04-17,0.09,1.37,9.11,0.49,1.94,1.47,6.28,123.36,327.24,3.63
1972-04-18,0.00,1.89,7.46,0.42,1.69,1.89,5.19,182.39,299.57,6.35
1972-04-19,0.00,1.80,5.75,0.38,1.53,1.80,4.65,196.90,287.09,6.54
1972-04-20,0.06,2.12,5.05,0.36,1.44,2.14,4.36,255.22,266.13,3.01
1972-04-21,1.32,1.25,5.79,0.35,1.39,1.45,4.77,111.88,314.20,3.87
1972-04-22,0.42,1.45,4.63,0.35,1.38,1.75,4.47,162.56,293.99,7.41
1972-04-23,0.00,1.27,4.56,0.33,1.31,1.27,4.37,116.15,307.18,5.72
1972-04-24,0.00,1.67,5.23,0.31,1.22,1.67,4.11,122.89,306.99,6.55
1972-04-25,0.00,2.39,7.61,0.30,1.20,2.39,4.63,225.58,288.02,3.38
1972-04-26,3.25,1.66,7.92,0.30,1.20,1.88,5.38,139.32,318.43,4.53
1972-04-27,0.01,2.24,6.12,0.33,1.31,2.27,3.98,181.17,293.45,5.81
1972-04-28,11.92,1.34,6.51,0.31,1.25,1.63,5.05,102.95,322.57,6.79
1972-04-29,0.40,1.92,7.25,1.05,4.21,2.20,5.16,184.11,303.43,7.31
1972-04-30,0.26,2.07,7.35,0.50,1.99,2.23,4.99,182.65,303.82,8.06
1972-05-01,0.06,2.16,8.02,0.37,1.48,2.25,5.33,205.35,302.91,5.87
1972-05-02,5.35,2.00,8.18,0.33,1.31,2.13,5.96,206.70,306.13,2.25
1972-05-03,0.19,0.68,8.09,0.44,1.77,0.78,6.19,60.26,334.00,3.93
1972-05-04,0.02,1.25,7.51,0.39,1.56,1.30,5.82,121.12,325.37,7.51
1972-05-05,1.70,0.68,6.63,0.36,1.42,0.92,5.59,58.05,326.67,6.27
1972-05-06,0.69,1.09,8.33,0.39,1.56,1.28,6.55,116.92,331.57,4.28
1972-05-07,3.14,1.34,8.91,0.41,1.65,1.55,6.51,130.18,331.04,4.51
1972-05-08,2.92,1.70,7.57,0.44,1.76,1.97,5.32,141.45,320.06,6.28
1972-05-09,2.36,2.42,9.91,0.57,2.28,2.66,6.06,212.23,314.09,5.46
1972-05-10,1.17,2.40,8.27,0.47,1.87,2.56,5.66,244.71,298.68,3.18
1972-05-11,16.78,1.40,6.56,0.61,2.44,1.63,5.90,186.65,307.62,4.70
1972-05-12,4.63,1.49,6.87,5.68,22.70,1.78,5.64,178.45,310.16,7.13
1972-05-13,0.27,1.61,6.60,1.59,6.35,1.86,5.05,142.61,316.05,8.03
1972-05-14,0.27,1.72,6.66,0.76,3.02,1.97,4.99,153.78,313.56,6.94
1972-05-15,0.41,2.26,7.51,0.54,2.16,2.53,4.99,203.84,304.75,6.72
1972-05-16,0.04,2.74,7.31,0.44,1.75,2.77,5.01,290.08,283.10,4.09
1972-05-17,0.52,2.59,8.01,0.37,1.48,2.75,5.57,268.03,294.08,3.03
1972-05-18,4.69,1.25,6.49,0.43,1.73,1.42,5.28,115.80,323.52,3.24
1972-05-19,0.22,1.83,8.56,0.52,2.09,1.92,5.75,162.40,322.53,2.54
1972-05-20,0.90,2.32,8.82,0.38,1.51,2.51,6.19,240.63,306.89,3.77
1972-05-21,1.03,1.64,8.48,0.33,1.32,1.84,6.15,158.97,324.37,4.26
1972-05-22,0.26,2.05,10.51,0.33,1.31,2.21,6.97,189.64,327.80,4.00
1972-05-23,0.34,2.58,8.80,0.30,1.18,2.79,5.56,241.81,304.74,4.80
1972-05-24,2.37,1.75,10.94,0.28,1.11,2.01,7.08,137.63,341.84,6.84
1972-05-25,8.15,2.78,9.19,0.28,1.13,3.10,5.18,202.18,314.62,8.86
1972-05-26,7.14,2.68,9.27,0.95,3.80,3.03,5.42,200.48,316.47,10.84
1972-05-27,0.26,1.94,8.44,1.19,4.75,2.26,5.51,140.11,327.83,8.91
1972-05-28,4.58,2.30,10.02,0.55,2.19,2.56,5.81,157.23,331.42,6.33
1972-05-29,4.97,2.71,9.74,0.96,3.83,3.02,5.54,196.43,320.25,8.72
1972-05-30,6.04,2.12,8.97,1.94,7.74,2.40,5.69,167.97,324.43,6.99
1972-05-31,2.13,2.09,9.09,1.36,5.44,2.30,6.13,196.53,319.79,4.48
1972-06-01,4.21,2.54,8.73,1.02,4.09,2.72,5.75,247.30,304.32,3.34
1972-06-02,9.22,0.63,6.92,2.60,10.40,0.84,5.91,66.38,328.49,5.83
1972-06-03,2.40,2.90,7.97,2.80,11.20,3.16,5.00,285.92,288.99,5.80
1972-06-04,9.91,2.26,8.45,1.35,5.40,2.42,5.36,199.99,313.47,3.08
1972-06-05,0.04,2.50,9.73,3.45,13.80,2.58,6.15,232.77,313.54,6.19
1972-06-06,0.26,2.87,9.90,0.97,3.86,3.00,5.93,260.59,306.83,3.94
1972-06-07,3.24,1.71,9.41,0.66,2.64,1.90,6.56,158.65,330.61,3.88
1972-06-08,8.39,1.82,9.11,3.20,12.80,2.01,6.63,186.83,323.30,3.98
1972-06-09,0.17,2.12,9.25,1.61,6.44,2.18,6.08,190.79,321.65,2.67
1972-06-10,0.27,1.55,8.56,0.78,3.11,1.66,6.10,138.51,330.87,5.57
1972-06-11,0.26,1.79,8.79,0.56,2.23,1.90,5.66,139.82,330.68,3.53
1972-06-12,1.19,1.98,8.88,0.47,1.86,2.10,6.03,179.77,322.69,2.17
1972-06-13,0.22,2.58,10.00,0.46,1.84,2.69,6.60,249.47,312.96,3.47
1972-06-14,2.33,2.23,10.07,0.41,1.65,2.37,6.66,203.46,323.89,2.64
1972-06-15,0.01,2.06,11.27,0.40,1.60,2.08,7.02,168.47,337.61,2.56
1972-06-16,0.02,3.02,12.31,0.35,1.38,3.05,7.11,252.65,322.83,4.10
1972-06-17,8.93,1.99,12.30,0.31,1.24,2.27,7.40,121.33,353.39,7.96
1972-06-18,0.27,2.49,11.83,0.92,3.67,2.70,7.05,194.68,334.12,7.14
1972-06-19,6.93,2.51,9.14,0.71,2.84,2.74,5.55,214.62,314.20,5.06
1972-06-20,1.65,1.45,8.23,0.63,2.53,1.70,6.28,156.05,326.07,5.96
1972-06-21,1.23,3.04,11.17,0.46,1.82,3.35,6.22,238.17,318.88,8.64
1972-06-22,0.55,2.52,9.44,0.40,1.58,2.83,5.67,199.24,319.48,8.48
1972-06-23,1.20,2.61,10.14,0.33,1.31,2.89,5.82,194.64,323.89,7.01
1972-06-24,0.49,1.59,11.06,0.30,1.18,1.82,7.48,141.20,343.25,5.35
1972-06-25,0.32,2.06,12.43,0.29,1.15,2.28,7.41,137.75,350.23,5.85
1972-06-26,0.35,2.40,11.96,0.27,1.08,2.53,6.87,180.17,337.54,3.54
1972-06-27,3.67,1.30,9.80,0.28,1.10,1.48,7.16,125.21,340.67,3.79
1972-06-28,0.17,3.33,9.68,0.29,1.15,3.49,5.66,318.63,291.30,5.33
1972-06-29,1.89,2.57,9.57,0.26,1.03,2.72,6.40,248.89,310.56,2.85
1972-06-30,0.21,3.13,10.67,0.26,1.02,3.25,6.51,295.86,304.01,4.04
1972-07-01,0.09,3.11,12.73,0.23,0.91,3.17,6.92,240.15,325.37,4.40
1972-07-02,0.00,2.72,11.15,0.21,0.85,2.72,6.05,201.83,325.73,4.45
1972-07-03,5.90,2.31,10.68,0.22,0.88,2.50,5.85,157.56,334.37,4.00
1972-07-04,6.32,1.26,10.98,0.33,1.32,1.49,7.78,122.12,346.62,5.76
1972-07-05,0.12,3.15,11.74,0.62,2.47,3.30,6.35,248.48,316.95,5.62
1972-07-06,0.51,1.98,10.56,0.30,1.20,2.14,6.99,178.77,330.92,3.26
1972-07-07,0.04,1.81,12.49,0.25,0.99,1.89,7.99,144.90,348.39,5.75
1972-07-08,0.00,2.91,10.44,0.23,0.92,2.91,5.75,240.45,311.22,4.11
1972-07-09,0.93,2.52,10.46,0.21,0.83,2.72,6.38,221.04,318.35,4.50
1972-07-10,6.59,2.58,11.01,0.20,0.82,2.84,6.10,175.32,331.12,6.55
1972-07-11,0.04,3.33,11.29,0.30,1.18,3.40,5.73,255.84,309.70,5.40
1972-07-12,0.33,2.31,10.50,0.22,0.86,2.51,6.05,172.35,329.33,4.46
1972-07-13,0.09,2.70,13.52,0.20,0.81,2.74,8.26,227.03,333.53,2.72
1972-07-14,0.00,2.91,15.17,0.19,0.78,2.91,8.80,226.59,341.39,2.19
1972-07-15,0.00,3.15,15.79,0.18,0.74,3.15,9.46,251.44,339.44,2.48
1972-07-16,0.00,3.37,14.77,0.17,0.69,3.37,8.75,281.61,326.35,2.94
1972-07-17,0.00,3.34,14.40,0.16,0.65,3.34,8.83,293.54,322.22,3.33
1972-07-18,0.00,2.99,13.89,0.16,0.63,2.99,8.50,261.78,326.39,3.68
1972-07-19,0.01,2.84,14.90,0.16,0.63,2.85,9.11,233.62,338.23,2.61
1972-07-20,0.00,3.27,16.41,0.16,0.62,3.27,10.07,264.44,339.30,2.58
1972-07-21,5.30,1.70,14.04,0.16,0.62,1.86,8.89,128.83,357.85,3.77
1972-07-22,7.82,0.63,13.24,0.21,0.82,0.72,9.16,62.63,358.40,2.62
1972-07-23,8.69,1.40,14.01,0.28,1.12,1.49,9.43,116.86,359.86,2.01
1972-07-24,12.39,1.43,14.12,4.03,16.10,1.54,9.65,125.00,358.30,2.32
1972-07-25,0.21,1.51,12.96,1.27,5.08,1.67,8.41,119.48,354.38,3.93
1972-07-26,0.00,2.67,12.95,0.56,2.24,2.67,7.09,198.76,332.31,3.82
1972-07-27,0.00,2.46,12.99,0.34,1.36,2.46,7.38,187.14,336.00,3.63
1972-07-28,0.00,2.24,11.65,0.26,1.05,2.24,7.47,204.49,325.95,3.26
1972-07-29,0.01,2.45,14.12,0.23,0.92,2.45,8.64,203.39,338.56,2.24
1972-07-30,1.77,1.62,13.53,0.21,0.85,1.75,8.61,128.19,354.09,2.79
1972-07-31,8.49,1.24,13.24,0.24,0.94,1.35,9.07,108.82,356.96,2.57
1972-08-01,1.40,0.89,12.82,0.39,1.57,1.05,8.63,73.36,356.73,4.05
1972-08-02,0.00,2.05,12.35,0.33,1.31,2.05,7.22,138.04,344.20,5.43
1972-08-03,2.29,2.32,11.10,0.26,1.02,2.51,6.22,174.72,325.82,4.11
1972-08-04,1.13,1.26,12.11,0.24,0.95,1.48,8.31,117.26,348.97,5.43
1972-08-05,2.27,2.11,13.04,0.26,1.02,2.33,7.20,118.22,352.24,5.23
1972-08-06,3.28,1.64,14.22,0.28,1.10,1.87,8.80,105.03,361.81,5.95
1972-08-07,8.43,2.72,14.53,0.30,1.19,2.96,8.53,216.29,332.59,6.68
1972-08-08,7.34,1.54,14.02,1.47,5.87,1.79,9.19,129.74,353.82,7.01
1972-08-09,0.24,2.71,12.90,0.88,3.52,2.92,7.27,208.12,323.92,6.73
1972-08-10,0.35,2.69,10.56,0.38,1.53,2.82,6.10,246.38,298.63,4.25
1972-08-11,0.03,2.09,10.23,0.27,1.09,2.11,6.37,191.25,314.77,3.28
1972-08-12,0.00,2.20,12.59,0.21,0.86,2.20,6.98,162.98,334.14,3.35
1972-08-13,0.00,2.02,13.50,0.20,0.80,2.02,8.09,166.00,339.04,2.37
1972-08-14,0.00,1.72,13.74,0.19,0.75,1.72,8.60,140.44,347.71,2.84
1972-08-15,0.00,2.30,13.07,0.19,0.75,2.30,7.53,188.74,328.30,3.20
1972-08-16,2.33,2.25,11.84,0.17,0.69,2.50,6.55,140.44,335.42,6.17
1972-08-17,0.00,2.56,13.25,0.17,0.66,2.56,7.64,195.51,326.17,8.16
1972-08-18,0.01,2.50,11.00,0.17,0.66,2.52,6.05,182.50,315.74,6.39
1972-08-19,0.16,2.18,11.49,0.17,0.66,2.29,6.45,166.13,323.95,4.14
1972-08-20,0.00,2.06,13.77,0.17,0.66,2.06,8.19,162.73,338.23,3.97
1972-08-21,0.00,2.75,12.07,0.15,0.61,2.75,6.81,253.36,297.32,3.79
1972-08-22,0.00,2.37,12.59,0.15,0.58,2.37,7.32,210.77,314.68,3.19
1972-08-23,0.00,1.58,13.29,0.15,0.62,1.58,8.29,120.22,348.16,4.61
1972-08-24,0.00,2.26,15.05,0.15,0.61,2.26,8.78,176.68,338.35,3.84
1972-08-25,0.04,1.41,12.27,0.15,0.61,1.45,8.13,130.95,339.30,3.08
1972-08-26,0.00,1.34,11.67,0.16,0.62,1.34,7.20,100.45,345.13,2.78
1972-08-27,0.00,1.69,11.55,0.16,0.62,1.69,6.69,130.66,332.89,2.92
1972-08-28,0.00,1.88,11.74,0.15,0.61,1.88,6.91,157.40,324.30,3.29
1972-08-29,0.00,1.20,10.54,0.15,0.60,1.20,7.00,105.42,337.03,2.60
1972-08-30,0.01,1.91,12.55,0.15,0.60,1.92,7.23,163.78,324.92,2.61
1972-08-31,0.00,1.90,12.33,0.15,0.59,1.90,7.86,190.26,316.22,2.49
1972-09-01,0.00,1.82,12.60,0.14,0.57,1.82,7.86,177.86,320.05,2.00
1972-09-02,0.00,1.80,12.16,0.14,0.56,1.80,7.79,183.29,315.53,2.01
1972-09-03,0.83,1.04,11.63,0.14,0.57,1.17,8.16,107.95,339.85,3.23
1972-09-04,0.00,1.71,11.36,0.15,0.58,1.71,6.14,103.34,336.77,3.71
1972-09-05,0.00,1.55,10.64,0.14,0.58,1.55,6.32,138.74,319.38,2.36
1972-09-06,3.90,1.58,11.70,0.15,0.58,1.75,6.59,100.34,339.41,3.72
1972-09-07,1.24,1.74,11.36,0.16,0.64,1.97,6.72,127.60,326.59,5.35
1972-09-08,8.27,1.54,6.28,0.18,0.72,1.72,4.75,179.64,277.83,3.32
1972-09-09,0.32,1.41,7.22,0.20,0.80,1.60,5.14,131.00,302.31,4.86
1972-09-10,0.65,1.60,6.66,0.19,0.77,1.84,4.75,157.17,286.59,5.35
1972-09-11,0.36,1.52,8.28,0.16,0.65,1.78,5.39,113.54,313.33,5.99
1972-09-12,8.86,1.02,8.74,0.16,0.64,1.20,6.09,81.49,330.41,4.05
1972-09-13,0.54,0.93,10.11,0.21,0.85,1.10,7.05,87.18,335.04,4.06
1972-09-14,0.00,1.25,10.09,0.20,0.81,1.25,6.91,139.89,311.96,3.60
1972-09-15,0.00,1.27,9.00,0.17,0.68,1.27,6.09,138.88,304.53,2.85
1972-09-16,0.00,0.87,8.88,0.16,0.65,0.87,6.34,76.65,331.60,3.56
1972-09-17,0.01,1.47,10.10,0.16,0.63,1.47,6.18,110.42,320.34,5.00
1972-09-18,0.32,1.03,9.48,0.15,0.62,1.20,6.50,90.67,327.04,4.56
1972-09-19,0.13,0.85,9.07,0.16,0.62,0.91,6.44,75.43,331.61,3.70
1972-09-20,0.05,1.30,10.43,0.16,0.62,1.36,6.44,119.34,315.75,3.36
1972-09-21,0.79,0.57,10.22,0.15,0.61,0.69,7.02,33.87,344.45,4.84
1972-09-22,0.02,0.84,11.41,0.15,0.61,0.86,7.36,70.78,343.74,2.37
1972-09-23,0.00,0.53,11.59,0.15,0.61,0.53,8.32,58.82,349.85,3.94
1972-09-24,0.00,1.06,8.29,0.15,0.60,1.06,5.28,76.14,322.21,3.11
1972-09-25,0.00,0.89,7.50,0.15,0.60,0.89,5.23,78.84,316.71,2.64
1972-09-26,0.00,0.90,6.92,0.15,0.59,0.90,5.50,126.42,289.99,2.39
1972-09-27,0.00,0.55,7.51,0.15,0.58,0.55,5.91,55.66,329.56,2.27
1972-09-28,0.00,0.81,9.52,0.15,0.59,0.81,5.65,67.50,330.58,1.65
1972-09-29,0.00,0.98,8.94,0.15,0.58,0.98,5.89,87.73,316.70,3.35
1972-09-30,0.00,1.31,9.91,0.14,0.57,1.31,6.03,107.32,308.96,4.65
1972-10-01,0.00,1.20,9.52,0.13,0.54,1.20,5.94,74.40,324.84,5.25
1972-10-02,0.00,0.90,10.29,0.13,0.54,0.90,6.74,70.80,331.31,4.13
1972-10-03,0.00,0.85,8.95,0.13,0.54,0.85,6.06,115.06,296.83,2.15
1972-10-04,0.00,1.04,10.30,0.13,0.54,1.04,5.91,114.82,299.62,2.27
1972-10-05,0.00,0.97,8.52,0.13,0.53,0.97,5.43,109.46,293.33,2.77
1972-10-06,0.00,0.76,8.24,0.13,0.53,0.76,5.54,66.84,319.19,2.64
1972-10-07,0.00,0.92,8.99,0.13,0.54,0.92,5.59,105.09,296.01,2.61
1972-10-08,1.17,0.74,11.08,0.13,0.53,0.91,7.47,75.05,328.65,4.46
1972-10-09,8.18,0.63,12.38,0.14,0.57,0.79,8.35,50.84,349.61,5.06
1972-10-10,0.53,0.43,11.66,0.19,0.77,0.53,8.23,51.34,345.32,3.38
1972-10-11,0.00,0.61,9.47,0.17,0.68,0.61,6.74,43.16,339.24,4.85
1972-10-12,0.00,0.63,6.67,0.15,0.60,0.63,4.60,93.48,284.55,1.74
1972-10-13,0.00,0.53,7.49,0.14,0.57,0.53,5.29,75.82,302.50,1.68
1972-10-14,0.00,0.49,8.84,0.14,0.57,0.49,6.29,70.24,314.31,2.20
1972-10-15,0.00,0.34,8.85,0.14,0.56,0.34,6.74,48.18,330.44,2.44
1972-10-16,0.00,0.44,7.61,0.14,0.56,0.44,5.30,61.19,311.09,1.48
1972-10-17,0.24,0.39,7.67,0.14,0.56,0.46,5.92,51.58,319.83,2.35
1972-10-18,0.12,0.63,6.69,0.14,0.56,0.70,4.87,36.66,324.16,2.91
1972-10-19,1.09,0.84,7.35,0.14,0.55,1.00,4.77,44.98,318.80,3.47
1972-10-20,0.20,1.20,3.83,0.14,0.55,1.32,3.42,57.74,286.64,6.30
1972-10-21,0.57,1.30,4.68,0.14,0.56,1.53,3.35,48.19,296.79,5.41
1972-10-22,0.67,0.80,7.78,0.14,0.56,1.06,5.76,35.77,329.25,8.34
1972-10-23,0.77,1.06,9.28,0.14,0.57,1.35,6.15,69.21,306.18,9.37
1972-10-24,0.79,0.83,7.61,0.15,0.59,1.02,5.12,48.05,313.95,4.53
1972-10-25,0.02,0.59,8.91,0.14,0.55,0.62,6.33,52.07,318.29,5.51
1972-10-26,0.08,0.83,8.87,0.14,0.55,0.91,5.65,33.91,332.66,4.41
1972-10-27,1.08,0.24,10.16,0.14,0.55,0.35,7.63,32.41,341.58,6.28
1972-10-28,2.38,0.48,7.72,0.14,0.55,0.61,5.70,60.84,300.11,4.04
1972-10-29,2.86,0.05,8.32,0.15,0.59,0.10,6.99,29.71,334.21,7.74
1972-10-30,0.42,1.18,9.33,0.17,0.67,1.43,5.40,69.93,292.47,6.19
1972-10-31,0.01,0.24,7.03,0.17,0.67,0.25,5.26,62.19,290.60,2.01
1972-11-01,0.59,0.35,6.65,0.15,0.59,0.51,5.70,34.28,318.35,5.91
1972-11-02,0.31,0.04,9.80,0.14,0.55,0.06,7.67,37.24,331.04,5.13
1972-11-03,0.47,0.25,10.39,0.15,0.60,0.33,7.52,27.03,343.41,4.02
1972-11-04,0.75,0.26,5.37,0.15,0.60,0.32,4.45,43.31,295.90,2.00
1972-11-05,0.10,0.15,7.41,0.15,0.60,0.18,5.97,39.33,313.02,2.64
1972-11-06,0.71,0.00,10.04,0.15,0.59,0.00,8.35,34.37,332.44,5.43
1972-11-07,0.00,0.36,7.44,0.15,0.60,0.36,5.66,28.89,322.98,3.45
1972-11-08,1.19,0.40,4.67,0.15,0.59,0.55,4.55,35.32,299.28,4.34
1972-11-09,17.62,0.95,7.25,0.62,2.49,1.28,5.32,22.35,328.32,9.69
1972-11-10,2.70,0.97,4.06,0.62,2.48,1.29,3.86,41.78,283.10,8.33
1972-11-11,0.67,0.49,3.72,0.35,1.40,0.75,4.39,31.63,297.13,7.98
1972-11-12,8.14,0.53,3.11,0.30,1.19,0.74,4.00,22.04,305.35,5.57
1972-11-13,0.45,0.23,1.68,0.35,1.41,0.30,3.84,41.97,271.47,5.04
1972-11-14,0.45,0.24,-0.82,0.26,1.04,0.29,2.82,40.44,257.40,3.12
1972-11-15,2.71,0.15,-0.16,0.25,0.98,0.24,3.44,39.97,263.50,5.13
1972-11-16,0.02,0.27,0.16,0.21,0.85,0.30,3.26,40.27,261.78,4.68
1972-11-17,0.08,0.42,-0.45,0.20,0.81,0.47,2.84,38.02,258.83,4.66
1972-11-18,9.01,0.39,-1.05,0.21,0.82,0.54,2.68,27.26,270.37,3.85
1972-11-19,12.72,0.03,0.50,1.18,4.70,0.05,3.97,18.47,296.01,6.63
1972-11-20,3.46,0.06,3.35,3.30,13.20,0.09,4.73,18.42,309.44,3.90
1972-11-21,0.29,0.24,3.93,2.53,10.10,0.31,4.71,19.64,309.15,5.79
1972-11-22,0.03,0.19,2.90,1.24,4.95,0.21,4.21,32.31,282.26,4.84
1972-11-23,0.85,0.93,2.26,0.62,2.49,1.27,3.34,26.09,284.23,8.78
1972-11-24,0.46,0.45,0.73,0.46,1.85,0.58,3.01,29.87,269.53,4.28
1972-11-25,0.39,0.34,1.26,0.38,1.53,0.49,3.60,18.86,293.15,5.07
1972-11-26,0.05,0.42,2.59,0.39,1.56,0.47,3.49,18.10,298.39,3.23
1972-11-27,2.97,0.21,4.35,0.56,2.25,0.38,5.03,15.45,315.71,8.92
1972-11-28,0.66,1.13,4.47,0.65,2.60,1.42,3.68,33.27,277.08,8.56
1972-11-29,7.95,0.42,5.56,0.75,2.98,0.66,5.18,16.18,318.87,8.30
1972-11-30,6.11,0.49,5.03,1.71,6.83,0.67,4.49,24.14,298.74,5.32
1972-12-01,2.85,0.00,4.83,2.47,9.87,0.00,5.71,16.80,314.96,8.82
1972-12-02,0.01,0.03,2.87,1.25,4.99,0.03,4.22,18.58,298.76,1.78
1972-12-03,5.48,0.28,1.71,0.71,2.83,0.40,3.49,22.41,282.68,3.76
1972-12-04,11.56,0.00,2.67,4.20,16.80,0.00,5.12,14.40,308.17,7.78
1972-12-05,7.17,0.97,4.60,3.88,15.50,1.32,4.18,15.58,310.14,9.82
1972-12-06,6.16,0.49,3.29,2.47,9.85,0.68,3.90,18.99,296.13,5.18
1972-12-07,0.52,0.18,1.11,2.63,10.50,0.27,3.71,16.87,291.02,4.43
1972-12-08,0.24,0.00,-0.71,1.34,5.35,0.01,3.25,22.46,270.46,1.66
1972-12-09,3.27,0.22,-0.46,0.91,3.63,0.33,3.19,7.68,289.59,4.38
1972-12-10,4.11,0.19,1.07,1.86,7.45,0.34,3.81,19.34,285.37,7.06
1972-12-11,19.76,1.09,2.93,7.68,30.70,1.42,3.31,7.55,303.22,8.29
1972-12-12,6.33,1.25,5.19,5.56,22.20,1.57,3.77,22.80,291.86,8.35
1972-12-13,5.62,0.46,6.36,3.50,14.00,0.71,5.31,21.84,305.28,8.55
1972-12-14,0.08,0.02,8.18,3.43,13.70,0.03,6.78,13.79,332.84,6.48
1972-12-15,0.00,0.08,6.25,1.59,6.37,0.08,5.08,28.85,288.97,3.30
1972-12-16,0.08,0.04,3.24,1.07,4.28,0.06,4.40,15.70,302.64,2.43
1972-12-17,0.02,0.00,4.28,0.86,3.44,0.00,5.34,16.87,307.26,2.78
1972-12-18,0.01,0.11,5.05,0.73,2.90,0.11,4.63,20.52,299.73,2.60
1972-12-19,0.00,0.32,3.44,0.63,2.50,0.32,3.60,22.65,283.91,3.16
1972-12-20,0.00,0.00,2.57,0.55,2.21,0.00,4.58,16.25,299.38,3.89
1972-12-21,0.01,0.01,3.37,0.52,2.07,0.01,4.56,16.52,301.88,2.35
1972-12-22,0.02,0.00,2.17,0.49,1.96,0.00,4.39,18.09,293.38,2.12
1972-12-23,0.79,0.34,1.46,0.47,1.89,0.49,3.63,12.96,298.46,4.82
1972-12-24,0.04,0.06,-0.79,0.43,1.71,0.07,2.61,28.35,251.61,1.78
1972-12-25,0.04,0.00,-0.07,0.40,1.60,0.00,3.86,17.71,284.08,5.69
1972-12-26,0.28,0.38,3.22,0.43,1.71,0.52,4.21,13.05,308.07,5.86
1972-12-27,0.16,0.08,4.92,0.41,1.65,0.11,5.28,14.42,315.50,5.77
1972-12-28,0.10,0.23,6.62,0.40,1.61,0.27,5.55,13.74,324.91,4.17
1972-12-29,0.08,0.11,4.88,0.36,1.45,0.12,4.62,19.48,302.91,2.52
1972-12-30,0.03,0.19,4.10,0.35,1.40,0.22,4.80,18.94,302.17,7.02
1972-12-31,0.19,0.47,6.02,0.33,1.33,0.61,5.21,9.42,323.20,7.59
1973-01-01,1.13,0.05,6.71,0.33,1.33,0.08,6.03,7.77,327.75,6.44
1973-01-02,5.28,0.69,7.86,0.44,1.74,0.96,5.66,16.92,324.24,7.82
1973-01-03,0.14,0.03,3.45,1.10,4.39,0.04,4.23,26.32,282.36,2.34
1973-01-04,0.00,0.00,3.67,0.62,2.46,0.00,4.97,18.38,303.24,2.43
1973-01-05,0.02,0.00,1.46,0.47,1.86,0.00,4.05,15.83,297.05,1.67
1973-01-06,0.02,0.00,0.33,0.43,1.70,0.00,3.86,21.70,280.59,1.82
1973-01-07,0.12,0.00,-0.12,0.40,1.58,0.00,3.69,23.38,275.49,1.77
1973-01-08,0.05,0.02,0.44,0.36,1.44,0.03,3.62,19.10,285.96,2.33
1973-01-09,0.63,0.00,1.70,0.35,1.41,0.00,4.31,8.59,302.94,1.93
1973-01-10,0.80,0.02,2.98,0.36,1.42,0.03,4.46,15.28,307.89,1.68
1973-01-11,0.01,0.09,2.03,0.38,1.52,0.10,3.86,23.77,285.77,2.90
1973-01-12,0.11,0.15,-0.10,0.35,1.39,0.17,3.23,22.44,277.92,3.15
1973-01-13,2.01,0.12,-0.15,0.32,1.29,0.17,3.30,19.69,283.88,2.85
1973-01-14,3.83,0.06,1.89,0.35,1.41,0.11,4.29,14.36,303.24,5.83
1973-01-15,5.80,0.16,3.62,1.14,4.54,0.32,4.81,18.80,307.66,9.25
1973-01-16,0.02,0.36,2.36,1.22,4.89,0.40,3.79,34.55,271.31,5.84
1973-01-17,0.00,0.05,-1.46,0.53,2.13,0.05,2.54,39.07,243.99,1.51
1973-01-18,0.00,0.15,-2.74,0.33,1.30,0.15,2.27,30.43,252.83,2.20
1973-01-19,2.94,0.20,-2.00,0.42,1.66,0.37,3.10,17.66,283.26,8.02
1973-01-20,13.26,0.41,0.77,0.44,1.74,0.67,3.51,10.46,295.93,7.74
1973-01-21,6.03,0.44,1.37,0.75,2.99,0.71,3.73,20.14,296.24,8.39
1973-01-22,1.30,0.62,2.52,1.71,6.83,0.90,3.66,41.50,266.56,7.61
1973-01-23,1.76,0.31,4.82,7.83,31.30,0.40,4.55,14.80,316.30,3.19
1973-01-24,0.04,0.11,5.75,6.51,26.00,0.14,5.63,22.58,318.23,5.69
1973-01-25,3.68,0.71,6.89,2.68,10.70,0.98,5.29,23.86,320.89,7.55
1973-01-26,1.04,1.00,5.05,1.85,7.40,1.33,4.29,26.43,306.75,9.05
1973-01-27,0.16,0.56,4.14,1.15,4.58,0.64,4.20,23.38,308.33,4.95
1973-01-28,0.01,0.37,4.78,0.86,3.44,0.38,4.76,25.89,310.05,4.91
1973-01-29,1.40,0.23,6.44,0.73,2.90,0.37,5.76,28.25,317.11,6.69
1973-01-30,0.60,0.34,5.03,0.70,2.80,0.52,5.00,42.52,290.90,7.29
1973-01-31,0.03,0.63,3.05,0.65,2.58,0.69,3.78,33.75,290.65,5.65
1973-02-01,0.01,0.39,4.67,0.56,2.24,0.41,4.27,32.71,303.31,2.87
1973-02-02,0.01,0.22,6.70,0.51,2.02,0.23,5.52,46.06,301.98,3.11
1973-02-03,0.06,0.28,5.43,0.47,1.88,0.33,5.26,24.75,320.27,4.90
1973-02-04,0.39,0.54,6.74,0.44,1.74,0.72,5.47,28.79,322.50,6.64
1973-02-05,0.10,0.93,5.40,0.41,1.63,1.05,4.37,42.63,299.07,7.18
1973-02-06,0.56,0.14,6.28,0.39,1.56,0.28,5.95,36.95,314.84,11.19
1973-02-07,0.22,0.94,5.66,0.39,1.57,1.14,4.58,52.14,293.26,8.52
1973-02-08,1.74,0.61,3.96,0.37,1.47,0.83,4.20,42.47,296.02,5.57
1973-02-09,0.44,0.54,1.53,0.41,1.65,0.71,3.48,54.09,273.17,5.32
1973-02-10,0.03,0.59,1.66,0.37,1.48,0.65,3.70,54.42,275.75,8.96
1973-02-11,4.77,0.60,3.84,0.33,1.33,0.89,4.43,35.66,305.57,8.71
1973-02-12,3.47,0.59,2.33,0.74,2.97,0.93,3.99,41.58,293.26,10.47
1973-02-13,1.55,0.71,-0.86,0.63,2.52,1.02,2.82,56.72,262.63,7.89
1973-02-14,0.01,0.31,-2.96,0.41,1.62,0.32,2.58,64.85,248.59,3.46
1973-02-15,4.71,0.62,-4.45,0.37,1.49,0.83,1.81,65.33,237.63,4.29
1973-02-16,0.00,0.29,-1.90,0.40,1.59,0.29,2.78,85.47,239.59,2.43
1973-02-17,0.00,0.48,-1.61,0.45,1.81,0.48,2.51,56.75,261.67,3.09
1973-02-18,0.27,0.30,1.04,1.53,6.10,0.43,3.81,44.45,289.82,4.46
1973-02-19,0.34,0.15,5.50,2.70,10.80,0.21,5.68,38.50,318.88,5.29
1973-02-20,0.03,0.97,8.37,1.21,4.84,1.03,5.71,62.02,313.16,6.79
1973-02-21,0.92,1.07,6.43,0.73,2.93,1.38,4.88,74.57,293.99,8.34
1973-02-22,0.12,1.09,2.80,0.59,2.35,1.35,3.54,75.67,274.33,8.81
1973-02-23,0.03,0.46,0.25,0.46,1.84,0.54,3.52,61.30,277.03,8.25
1973-02-24,0.45,0.73,0.36,0.38,1.51,0.89,3.21,100.12,249.56,6.94
1973-02-25,0.04,0.58,-0.72,0.34,1.37,0.60,2.74,84.22,254.70,3.07
1973-02-26,0.12,0.35,-0.86,0.31,1.23,0.40,2.89,74.06,263.19,1.50
1973-02-27,0.11,0.74,-1.01,0.33,1.33,0.84,2.67,90.05,251.51,4.71
1973-02-28,2.05,0.41,2.15,0.34,1.36,0.57,4.22,93.98,270.86,4.66
1973-03-01,6.60,0.00,3.85,1.33,5.31,0.02,5.53,24.51,314.81,6.89
1973-03-02,2.72,0.94,3.78,1.06,4.22,1.24,4.03,50.53,305.37,7.50
1973-03-03,0.17,0.69,5.85,1.16,4.63,0.88,5.19,73.44,304.77,6.25
1973-03-04,0.56,0.60,6.69,0.74,2.97,0.80,5.67,59.28,318.56,6.76
1973-03-05,9.10,0.80,2.77,0.57,2.28,1.01,3.79,94.70,276.50,4.35
1973-03-06,0.58,0.87,2.00,1.30,5.21,1.12,3.60,101.72,269.70,5.87
1973-03-07,0.04,0.76,3.70,1.91,7.63,0.83,4.14,63.98,300.74,4.76
1973-03-08,0.00,0.69,4.97,1.25,5.00,0.70,4.63,72.45,303.64,3.20
1973-03-09,0.01,1.05,3.78,0.75,2.98,1.06,3.51,135.64,259.36,2.51
1973-03-10,0.00,0.95,3.43,0.57,2.27,0.95,3.31,141.53,254.88,1.58
1973-03-11,0.00,1.10,2.83,0.46,1.85,1.10,2.97,144.62,250.03,2.22
1973-03-12,0.00,0.44,2.37,0.43,1.70,0.44,4.30,67.76,297.48,4.11
1973-03-13,0.00,0.89,2.60,0.39,1.57,0.89,3.52,96.84,280.36,3.24
1973-03-14,0.00,0.75,1.70,0.35,1.41,0.75,3.60,87.55,283.09,4.04
1973-03-15,0.00,0.78,2.27,0.33,1.33,0.78,3.47,84.65,286.48,2.59
1973-03-16,0.00,0.82,3.34,0.31,1.24,0.82,3.86,65.34,302.64,3.74
1973-03-17,0.00,1.49,7.12,0.30,1.18,1.49,4.58,96.88,305.58,5.46
1973-03-18,0.01,1.06,7.78,0.28,1.12,1.08,5.39,67.53,326.21,4.66
1973-03-19,0.00,0.74,5.51,0.26,1.04,0.74,4.68,60.94,318.21,2.69
1973-03-20,0.00,1.06,5.66,0.25,1.01,1.06,4.07,78.27,308.73,2.81
1973-03-21,0.00,1.76,5.32,0.24,0.97,1.76,3.64,167.74,263.58,4.45
1973-03-22,0.00,1.88,7.15,0.23,0.92,1.88,4.28,117.32,298.32,6.47
1973-03-23,0.00,2.19,9.57,0.22,0.89,2.19,4.86,140.57,300.11,5.54
1973-03-24,1.18,1.82,6.98,0.21,0.86,2.12,4.23,75.47,318.29,7.31
1973-03-25,1.08,1.83,7.58,0.22,0.87,2.13,4.75,122.10,302.53,7.49
1973-03-26,0.02,1.13,4.43,0.22,0.88,1.16,4.21,119.88,290.14,3.75
1973-03-27,2.28,1.70,3.89,0.21,0.84,1.95,3.45,171.97,262.52,4.94
1973-03-28,0.06,1.76,5.60,0.21,0.84,1.83,4.23,178.06,271.72,6.05
1973-03-29,6.13,1.68,6.24,0.20,0.81,1.98,4.51,138.49,292.61,7.43
1973-03-30,0.51,1.59,6.01,0.27,1.09,1.85,4.71,161.77,284.37,8.38
1973-03-31,5.69,1.35,4.79,0.28,1.13,1.69,4.29,101.55,302.47,8.98
1973-04-01,9.45,1.60,3.89,0.44,1.76,1.93,3.74,144.52,280.91,7.77
1973-04-02,2.43,1.10,1.79,0.89,3.56,1.45,3.58,118.68,282.92,8.70
1973-04-03,6.48,2.06,2.56,1.02,4.08,2.36,2.78,193.06,252.89,6.64
1973-04-04,1.33,0.49,6.22,3.58,14.30,0.79,5.91,87.89,320.39,10.24
1973-04-05,4.49,2.02,4.81,1.52,6.06,2.36,3.85,189.56,270.97,9.17
1973-04-06,1.89,1.85,3.61,1.31,5.23,2.23,3.60,177.95,270.47,10.85
1973-04-07,2.80,1.47,3.51,0.86,3.42,1.78,3.86,156.55,280.08,7.10
1973-04-08,6.52,1.32,0.82,0.68,2.72,1.61,3.13,159.96,265.93,6.25
1973-04-09,0.13,1.39,0.23,1.14,4.54,1.60,3.02,195.80,252.06,5.45
1973-04-10,0.90,1.22,2.46,1.33,5.32,1.47,3.62,129.28,285.99,4.99
1973-04-11,0.00,2.01,3.56,1.06,4.24,2.01,2.95,130.87,285.57,6.88
1973-04-12,0.16,1.56,3.87,0.59,2.36,1.63,3.30,100.46,300.03,4.85
1973-04-13,0.01,1.20,5.66,0.46,1.82,1.22,4.61,99.95,313.81,3.93
1973-04-14,0.00,1.68,8.10,0.41,1.62,1.68,5.05,126.43,316.87,3.97
1973-04-15,0.00,1.98,9.43,0.35,1.39,1.98,5.67,164.86,312.22,4.32
1973-04-16,0.00,2.14,8.86,0.31,1.24,2.14,5.43,184.96,303.16,5.62
1973-04-17,1.24,1.96,6.82,0.30,1.21,2.19,4.13,137.84,305.38,4.71
1973-04-18,0.11,1.72,8.00,0.27,1.09,1.85,5.14,107.85,324.47,6.71
1973-04-19,3.63,2.10,4.28,0.26,1.03,2.43,3.41,156.69,286.70,8.20
1973-04-20,4.58,1.21,4.49,0.29,1.14,1.45,4.38,114.26,306.23,5.13
1973-04-21,7.61,1.36,3.92,0.68,2.71,1.67,4.37,173.05,286.95,7.42
1973-04-22,4.07,1.21,4.29,0.98,3.91,1.55,4.67,167.97,291.68,8.74
1973-04-23,4.54,1.11,5.54,0.90,3.60,1.46,5.16,138.73,307.05,10.19
1973-04-24,0.28,1.32,6.00,1.15,4.61,1.51,5.22,152.52,305.49,6.32
1973-04-25,0.01,1.91,6.28,0.66,2.64,1.93,4.46,189.07,292.90,2.83
1973-04-26,0.03,1.22,5.30,0.46,1.85,1.25,4.96,134.75,307.61,3.15
1973-04-27,0.92,1.55,5.41,0.42,1.67,1.75,4.47,148.77,302.42,3.98
1973-04-28,2.12,1.88,3.69,0.40,1.59,2.10,3.63,198.92,277.68,4.53
1973-04-29,0.05,2.50,2.39,0.36,1.44,2.55,2.84,297.09,240.08,4.55
1973-04-30,4.51,0.49,2.65,0.42,1.68,0.66,4.28,55.50,306.59,4.65
1973-05-01,0.11,2.46,5.02,0.55,2.20,2.55,3.99,279.88,264.64,8.89
1973-05-02,0.00,2.16,5.29,0.35,1.39,2.16,4.12,225.54,281.67,3.83
1973-05-03,8.78,1.26,5.59,0.34,1.34,1.54,4.83,109.95,317.20,6.68
1973-05-04,17.72,1.27,7.75,9.76,39.00,1.49,5.89,119.46,326.72,5.07
1973-05-05,1.16,1.65,8.85,2.12,8.46,1.94,6.06,143.11,325.98,7.21
1973-05-06,0.27,2.12,8.72,1.06,4.24,2.31,5.63,187.89,312.89,5.86
1973-05-07,2.43,1.66,6.77,0.70,2.79,1.87,5.07,155.51,311.93,4.21
1973-05-08,0.35,1.99,7.36,0.66,2.63,2.25,4.70,141.47,316.85,5.97
1973-05-09,4.80,1.82,9.18,0.61,2.45,2.10,5.97,140.45,328.77,7.14
1973-05-10,1.54,2.28,5.17,0.91,3.65,2.62,4.05,227.76,283.56,8.86
1973-05-11,0.71,1.90,5.72,0.63,2.50,2.19,4.37,167.28,303.04,6.59
1973-05-12,2.50,2.21,8.55,0.50,1.99,2.53,5.04,120.91,329.24,8.83
1973-05-13,0.18,2.50,8.54,0.58,2.31,2.66,5.19,206.96,307.76,7.76
1973-05-14,0.17,2.31,5.26,0.43,1.71,2.49,4.11,242.52,281.93,3.97
1973-05-15,0.00,2.24,6.22,0.36,1.44,2.24,4.60,229.30,291.58,3.30
1973-05-16,0.00,2.83,6.83,0.31,1.23,2.83,4.99,336.39,269.83,5.50
1973-05-17,0.00,2.85,7.62,0.27,1.07,2.85,5.03,310.73,279.11,7.95
1973-05-18,0.00,2.16,8.87,0.25,1.00,2.16,6.11,222.86,310.13,5.59
1973-05-19,1.38,2.09,8.04,0.23,0.94,2.38,5.86,241.12,302.12,7.41
1973-05-20,14.41,1.28,7.47,1.08,4.30,1.58,5.85,130.43,325.71,7.85
1973-05-21,3.73,1.30,8.49,1.65,6.60,1.51,6.34,124.58,332.44,4.74
1973-05-22,0.01,1.72,9.54,1.28,5.10,1.74,6.83,166.00,328.58,2.83
1973-05-23,0.14,0.58,8.85,0.69,2.74,0.62,6.89,63.90,338.11,3.42
1973-05-24,2.69,1.84,10.82,0.53,2.11,1.95,7.09,157.74,336.70,2.43
1973-05-25,0.57,2.82,11.59,0.49,1.97,2.94,7.21,251.95,319.11,2.59
1973-05-26,0.15,2.36,13.96,0.35,1.39,2.43,8.15,175.95,348.20,2.79
1973-05-27,0.05,2.57,14.70,0.30,1.21,2.59,8.62,191.01,348.86,3.50
1973-05-28,0.00,1.67,12.13,0.26,1.03,1.67,7.44,118.42,352.19,3.16
1973-05-29,12.78,1.84,11.19,0.28,1.10,1.96,7.36,157.24,339.42,2.27
1973-05-30,1.50,1.69,11.59,1.29,5.14,1.84,7.80,148.44,343.61,3.14
1973-05-31,0.87,1.59,8.79,0.66,2.65,1.80,6.01,131.46,332.77,4.26
1973-06-01,0.31,3.16,7.51,0.46,1.85,3.38,4.58,315.49,277.11,5.48
1973-06-02,2.19,2.30,9.45,0.34,1.35,2.56,5.85,189.45,321.31,6.27
1973-06-03,0.50,2.71,9.32,0.32,1.27,2.91,5.77,252.96,305.30,5.27
1973-06-04,0.00,3.35,9.01,0.27,1.08,3.35,4.97,306.69,287.08,4.45
1973-06-05,0.01,3.34,10.42,0.23,0.91,3.37,5.70,292.04,299.62,4.25
1973-06-06,0.00,3.56,14.59,0.21,0.83,3.56,7.98,278.69,327.49,3.32
1973-06-07,0.00,3.39,15.57,0.20,0.79,3.39,9.42,272.91,336.88,2.47
1973-06-08,0.09,3.01,15.72,0.19,0.77,3.09,9.47,236.29,345.36,3.82
1973-06-09,0.02,2.58,14.04,0.18,0.73,2.62,8.02,169.22,350.79,6.78
1973-06-10,0.01,2.36,11.52,0.18,0.71,2.39,6.44,150.86,341.53,5.69
1973-06-11,0.11,2.88,11.39,0.16,0.65,3.01,6.07,193.56,329.77,6.75
1973-06-12,1.05,2.85,13.11,0.16,0.65,3.15,7.28,184.62,342.18,9.24
1973-06-13,0.12,3.98,8.91,0.16,0.65,4.18,4.36,334.01,277.30,10.28
1973-06-14,0.05,2.41,9.39,0.16,0.62,2.47,5.19,168.09,325.09,4.58
1973-06-15,0.00,3.12,14.18,0.16,0.64,3.12,8.12,246.06,334.55,3.36
1973-06-16,0.93,3.05,14.50,0.15,0.61,3.23,7.29,189.91,347.25,4.19
1973-06-17,0.98,2.99,15.20,0.15,0.60,3.18,8.47,202.99,349.32,5.47
1973-06-18,2.66,2.62,13.76,0.14,0.57,2.80,7.58,177.95,347.35,4.10
1973-06-19,8.85,1.63,14.36,0.17,0.68,1.78,9.58,136.70,359.64,3.64
1973-06-20,5.81,0.99,10.95,0.30,1.20,1.22,7.33,67.90,347.99,5.98
1973-06-21,0.01,2.94,13.19,0.27,1.09,2.96,7.94,247.22,329.96,3.37
1973-06-22,0.28,2.91,14.18,0.20,0.79,2.98,8.70,241.42,336.96,2.94
1973-06-23,0.17,2.77,14.49,0.18,0.71,2.86,7.98,198.94,346.34,2.93
1973-06-24,4.17,1.70,12.29,0.17,0.69,1.84,8.21,146.01,348.19,2.94
1973-06-25,4.34,1.98,13.19,0.20,0.80,2.11,8.22,154.27,350.60,2.77
1973-06-26,3.44,1.74,12.22,0.23,0.93,1.87,7.51,129.01,351.26,2.57
1973-06-27,0.00,2.84,13.57,0.26,1.03,2.84,8.14,232.59,335.01,2.76
1973-06-28,0.00,3.58,13.28,0.20,0.81,3.58,7.02,285.27,318.31,3.37
1973-06-29,0.28,2.69,15.05,0.17,0.69,2.86,8.28,152.70,359.63,6.61
1973-06-30,0.15,3.74,16.43,0.16,0.63,3.85,9.02,258.09,342.94,7.83
1973-07-01,0.00,3.35,15.73,0.14,0.58,3.35,8.27,213.59,347.79,5.59
1973-07-02,3.80,3.54,15.04,0.14,0.56,3.69,7.70,254.29,333.48,3.53
1973-07-03,0.00,2.61,13.26,0.14,0.56,2.62,7.69,198.68,339.45,4.51
1973-07-04,0.02,2.46,14.84,0.15,0.60,2.48,8.92,188.39,350.33,2.74
1973-07-05,0.00,3.45,14.77,0.14,0.56,3.45,8.58,281.75,328.18,2.96
1973-07-06,22.08,0.77,14.31,0.17,0.67,0.87,9.59,66.65,363.27,2.94
1973-07-07,2.01,2.42,11.54,1.21,4.85,2.61,6.91,196.83,330.54,4.42
1973-07-08,0.01,2.54,10.28,0.39,1.56,2.55,6.12,220.80,317.17,2.49
1973-07-09,0.35,2.34,12.80,0.23,0.91,2.40,7.21,165.94,343.88,3.45
1973-07-10,2.44,1.93,15.31,0.18,0.73,2.10,9.55,139.24,362.91,4.31
1973-07-11,0.09,1.62,14.41,0.18,0.71,1.69,9.25,122.02,362.22,4.22
1973-07-12,4.11,1.58,14.34,0.17,0.70,1.72,9.31,123.91,361.35,2.95
1973-07-13,13.14,1.60,15.51,0.19,0.74,1.74,10.17,125.70,365.95,3.40
1973-07-14,11.21,1.29,14.29,2.68,10.70,1.40,9.45,103.37,363.20,2.66
1973-07-15,0.36,1.67,14.25,2.11,8.42,1.91,9.43,147.45,355.54,7.60
1973-07-16,2.89,1.98,14.56,0.71,2.82,2.25,9.10,143.19,357.85,8.21
1973-07-17,0.25,1.56,12.16,0.49,1.97,1.67,7.89,121.35,351.32,5.34
1973-07-18,5.33,0.94,11.93,0.35,1.41,1.08,7.81,70.41,352.71,3.40
1973-07-19,2.03,1.55,12.93,0.75,2.98,1.73,8.60,132.34,352.23,4.11
1973-07-20,1.08,1.88,12.92,0.56,2.24,2.06,8.03,144.87,348.96,4.01
1973-07-21,4.90,1.60,12.20,0.37,1.46,1.75,7.87,127.48,349.51,3.38
1973-07-22,1.79,2.12,10.79,0.50,2.01,2.30,6.66,176.44,329.40,3.89
1973-07-23,0.00,2.50,9.71,0.47,1.89,2.50,6.55,248.55,306.36,2.61
1973-07-24,0.00,2.35,10.56,0.29,1.15,2.35,7.33,229.66,316.57,2.06
1973-07-25,0.00,2.45,12.28,0.24,0.95,2.45,7.32,202.32,329.79,4.29
1973-07-26,0.00,2.59,12.07,0.21,0.82,2.59,6.89,202.19,327.57,4.91
1973-07-27,0.00,2.74,12.45,0.19,0.74,2.74,7.25,228.87,322.84,5.40
1973-07-28,0.02,2.70,13.25,0.17,0.68,2.72,7.62,216.83,329.85,3.81
1973-07-29,7.51,2.06,15.69,0.16,0.65,2.16,9.99,165.92,355.97,2.01
1973-07-30,0.00,2.78,14.99,0.22,0.88,2.78,9.58,244.37,334.30,2.96
1973-07-31,0.00,2.50,14.80,0.18,0.70,2.50,9.28,210.60,340.50,2.67
1973-08-01,0.19,2.70,16.09,0.15,0.61,2.77,9.48,206.85,346.17,3.26
1973-08-02,2.25,1.49,15.10,0.15,0.60,1.65,9.67,109.54,365.36,3.89
1973-08-03,6.17,1.75,14.37,0.18,0.72,1.94,8.77,116.22,360.43,4.73
1973-08-04,7.02,2.79,11.49,0.20,0.78,3.06,6.04,178.23,325.79,7.34
1973-08-05,19.70,3.28,12.92,0.56,2.25,3.55,6.46,209.11,323.23,7.81
1973-08-06,9.39,1.57,11.73,3.15,12.60,1.84,8.11,171.08,333.05,7.06
1973-08-07,7.82,2.26,10.48,3.98,15.90,2.52,6.49,203.25,314.82,6.38
1973-08-08,2.20,2.31,11.53,1.20,4.81,2.55,6.81,182.17,325.64,6.10
1973-08-09,4.63,2.03,13.61,1.65,6.59,2.32,8.09,118.47,354.74,8.76
1973-08-10,7.27,2.67,13.94,1.16,4.62,2.89,7.07,148.97,345.67,5.38
1973-08-11,0.02,2.47,12.55,1.62,6.48,2.50,7.50,219.31,319.61,3.09
1973-08-12,0.01,2.49,13.10,0.63,2.51,2.50,8.10,227.33,320.82,2.83
1973-08-13,0.00,2.87,15.79,0.41,1.62,2.87,9.46,241.51,330.83,3.22
1973-08-14,0.00,2.72,15.50,0.30,1.19,2.72,9.29,230.26,331.76,2.31
1973-08-15,0.00,2.87,16.06,0.25,0.98,2.87,9.26,234.66,331.98,2.32
1973-08-16,0.02,2.45,16.64,0.22,0.86,2.47,9.42,180.54,349.68,2.62
1973-08-17,0.00,3.27,14.47,0.20,0.79,3.27,7.08,222.03,320.94,5.20
1973-08-18,1.18,2.55,12.03,0.18,0.73,2.74,6.64,207.88,314.14,4.27
1973-08-19,8.14,1.18,10.82,0.20,0.79,1.29,7.02,92.35,346.16,2.35
1973-08-20,0.57,1.42,10.69,0.26,1.03,1.63,7.06,117.78,337.46,4.88
1973-08-21,0.04,2.00,9.43,0.24,0.98,2.03,5.88,182.58,308.01,4.17
1973-08-22,0.00,1.41,11.49,0.20,0.81,1.41,6.98,97.91,346.60,3.17
1973-08-23,0.00,2.09,14.03,0.19,0.77,2.09,7.95,162.62,337.86,2.81
1973-08-24,0.00,1.63,14.89,0.18,0.73,1.63,9.10,128.69,353.41,2.30
1973-08-25,0.00,1.36,14.21,0.18,0.72,1.36,8.77,102.86,357.68,2.47
1973-08-26,0.00,1.52,14.52,0.18,0.71,1.52,9.25,128.29,351.11,2.80
1973-08-27,0.28,1.16,14.54,0.18,0.70,1.25,9.32,89.66,362.48,2.57
1973-08-28,0.05,1.81,13.70,0.17,0.69,1.87,8.39,156.13,336.83,2.87
1973-08-29,7.36,1.13,12.17,0.19,0.74,1.29,8.04,91.32,350.25,3.83
1973-08-30,2.46,2.21,11.99,0.23,0.92,2.44,7.06,189.25,313.83,5.71
1973-08-31,4.47,1.46,12.64,0.20,0.80,1.72,7.85,88.50,352.69,6.91
1973-09-01,0.09,2.18,13.73,0.28,1.12,2.35,8.10,157.56,332.98,8.41
1973-09-02,0.58,1.91,12.16,0.25,1.01,2.13,6.89,113.19,339.50,5.97
1973-09-03,0.68,1.46,13.30,0.20,0.81,1.62,8.39,123.39,342.57,3.59
1973-09-04,0.07,1.75,15.93,0.19,0.76,1.80,9.98,139.22,349.98,5.16
1973-09-05,0.09,1.22,14.54,0.18,0.73,1.25,8.97,92.07,358.69,2.49
1973-09-06,0.00,1.97,15.75,0.18,0.70,1.97,9.22,129.22,350.63,5.52
1973-09-07,0.01,1.68,17.05,0.17,0.69,1.69,10.83,128.06,357.66,5.73
1973-09-08,0.00,2.09,16.67,0.17,0.66,2.09,9.76,171.62,338.90,3.00
1973-09-09,1.22,1.24,13.70,0.16,0.65,1.42,9.03,114.59,344.91,4.55
1973-09-10,0.00,1.65,10.41,0.16,0.65,1.65,5.75,127.33,318.43,3.07
1973-09-11,0.00,1.73,9.70,0.15,0.62,1.73,6.19,199.04,286.68,1.99
1973-09-12,0.01,1.51,10.38,0.15,0.60,1.51,6.97,173.38,302.19,2.19
1973-09-13,0.17,0.32,10.35,0.15,0.60,0.37,7.56,38.71,345.23,2.56
1973-09-14,0.04,1.16,11.80,0.15,0.60,1.19,7.45,93.44,340.34,3.29
1973-09-15,0.39,1.31,12.06,0.15,0.60,1.50,7.77,117.14,331.50,5.14
1973-09-16,0.20,0.97,14.31,0.15,0.60,1.07,9.35,77.72,358.11,4.09
1973-09-17,4.31,0.78,14.26,0.16,0.63,0.91,9.63,72.16,359.41,3.54
1973-09-18,5.09,1.30,12.14,0.22,0.87,1.46,7.45,110.64,331.81,3.47
1973-09-19,0.18,1.36,11.79,0.21,0.82,1.48,7.25,109.94,329.51,4.44
1973-09-20,0.00,1.22,9.82,0.19,0.76,1.22,6.22,106.72,319.51,3.46
1973-09-21,0.09,1.07,8.45,0.17,0.68,1.13,5.67,89.70,319.84,3.44
1973-09-22,8.18,0.68,7.83,0.16,0.64,0.85,6.12,65.73,329.23,4.28
1973-09-23,0.34,0.87,9.37,0.30,1.19,1.03,6.51,66.92,335.45,4.71
1973-09-24,0.22,0.74,8.38,0.27,1.08,0.80,6.31,90.35,318.96,1.94
1973-09-25,1.10,0.69,10.03,0.20,0.80,0.79,6.99,68.27,337.31,2.32
1973-09-26,0.09,0.95,10.90,0.19,0.76,1.04,7.31,93.62,328.46,4.14
1973-09-27,10.63,0.57,6.66,0.18,0.73,0.80,5.82,68.02,319.95,7.04
1973-09-28,1.20,1.59,8.35,0.47,1.88,1.91,5.42,126.47,293.30,8.75
1973-09-29,5.59,1.01,8.02,0.34,1.37,1.33,5.84,59.24,329.15,9.37
1973-09-30,0.01,1.32,7.50,0.48,1.92,1.34,5.21,91.20,306.78,8.22
1973-10-01,0.03,1.28,8.24,0.29,1.15,1.33,5.03,94.25,305.41,4.16
1973-10-02,0.00,0.82,12.66,0.23,0.94,0.83,8.53,106.94,325.78,2.40
1973-10-03,0.19,0.63,11.87,0.21,0.83,0.73,8.53,98.05,326.34,4.04
1973-10-04,0.02,0.53,10.80,0.20,0.79,0.54,7.68,54.46,343.46,3.56
1973-10-05,0.05,0.64,11.35,0.20,0.78,0.71,7.76,59.79,342.38,3.82
1973-10-06,0.13,0.48,11.11,0.19,0.76,0.54,7.86,57.77,341.87,2.37
1973-10-07,0.30,0.45,10.79,0.19,0.74,0.52,7.61,50.73,343.87,2.14
1973-10-08,7.65,0.90,9.50,0.19,0.76,1.10,6.27,58.08,331.27,4.81
1973-10-09,3.13,1.11,9.37,0.38,1.52,1.37,6.09,64.65,325.22,6.65
1973-10-10,3.57,0.76,5.97,0.41,1.64,0.98,4.98,55.47,313.53,5.44
1973-10-11,1.91,0.86,4.30,0.61,2.44,1.08,4.18,103.72,269.82,4.84
1973-10-12,0.00,0.60,3.35,0.50,1.98,0.60,3.97,75.13,283.95,3.04
1973-10-13,0.04,0.49,4.59,0.34,1.36,0.54,4.78,58.69,302.92,4.17
1973-10-14,0.12,0.39,4.76,0.28,1.12,0.45,4.51,22.85,315.94,3.20
1973-10-15,1.68,0.56,4.96,0.25,1.01,0.74,4.77,60.27,301.46,4.40
1973-10-16,3.25,0.61,4.33,0.31,1.24,0.84,4.57,75.01,286.44,5.85
1973-10-17,0.05,1.12,1.53,0.38,1.51,1.17,2.97,101.17,246.03,6.92
1973-10-18,8.71,1.08,2.57,0.27,1.08,1.35,3.19,58.57,282.96,6.02
1973-10-19,2.19,0.05,4.12,1.40,5.61,0.16,5.38,45.61,308.01,3.75
1973-10-20,9.90,0.54,5.64,3.08,12.30,0.74,5.08,36.00,320.25,5.44
1973-10-21,4.44,0.50,6.08,2.11,8.42,0.65,5.19,54.99,305.93,4.16
1973-10-22,0.63,0.20,6.55,1.98,7.91,0.28,6.03,42.47,319.63,5.08
1973-10-23,0.44,0.77,7.38,0.99,3.96,0.95,5.19,63.47,301.48,4.55
1973-10-24,2.75,0.54,8.65,0.66,2.63,0.72,6.32,43.37,326.66,5.30
1973-10-25,0.51,0.53,10.00,0.96,3.82,0.64,6.80,43.16,332.69,3.90
1973-10-26,0.01,0.42,8.88,0.69,2.77,0.42,6.37,40.92,328.30,3.23
1973-10-27,0.18,0.69,7.09,0.53,2.12,0.76,4.75,41.04,315.38,3.16
1973-10-28,0.14,0.21,6.32,0.43,1.73,0.26,5.70,43.66,312.13,3.23
1973-10-29,0.00,0.63,5.36,0.38,1.52,0.64,4.55,46.97,300.05,4.58
1973-10-30,0.00,0.23,6.35,0.35,1.38,0.23,5.41,32.11,320.99,1.95
1973-10-31,0.13,0.29,6.00,0.33,1.30,0.34,5.26,28.29,322.35,2.67
1973-11-01,0.01,0.04,7.13,0.31,1.24,0.04,6.45,27.71,329.18,2.72
1973-11-02,0.03,0.15,6.44,0.29,1.16,0.16,5.53,32.77,318.71,1.68
1973-11-03,0.36,0.10,7.90,0.28,1.13,0.12,6.58,28.87,330.22,2.63
1973-11-04,4.64,0.27,9.29,0.30,1.20,0.39,7.03,27.60,337.52,5.45
1973-11-05,0.11,0.74,3.32,0.51,2.03,0.79,3.93,56.47,270.82,8.26
1973-11-06,0.00,0.96,2.85,0.38,1.51,0.96,3.31,56.82,263.22,6.85
1973-11-07,0.21,1.05,6.09,0.30,1.18,1.24,4.45,30.66,312.12,7.03
1973-11-08,2.09,0.00,9.08,0.29,1.14,0.00,7.50,26.01,335.99,9.27
1973-11-09,1.58,0.74,9.01,0.44,1.75,0.96,6.07,22.16,337.61,5.93
1973-11-10,0.00,0.40,4.34,0.48,1.93,0.42,4.44,30.84,302.43,4.28
1973-11-11,2.11,0.98,5.12,0.37,1.48,1.25,3.92,51.24,274.54,6.50
1973-11-12,3.26,0.00,5.94,0.69,2.76,0.00,6.47,28.02,316.52,11.32
1973-11-13,0.01,0.93,4.83,0.78,3.12,0.96,4.28,41.06,286.88,9.74
1973-11-14,0.32,0.66,3.46,0.46,1.84,0.87,3.86,32.15,290.98,5.99
1973-11-15,0.19,1.02,3.09,0.37,1.49,1.28,3.50,49.73,261.88,9.57
1973-11-16,0.01,0.64,1.26,0.30,1.19,0.67,3.25,47.04,256.90,7.38
1973-11-17,1.05,0.47,1.64,0.26,1.04,0.61,3.12,32.40,276.87,3.59
1973-11-18,0.61,0.34,4.46,0.28,1.11,0.56,4.93,18.82,315.64,9.57
1973-11-19,0.00,1.34,3.69,0.32,1.28,1.34,3.17,43.82,264.43,8.59
1973-11-20,0.04,0.31,1.57,0.26,1.05,0.33,3.14,37.44,266.09,3.04
1973-11-21,0.01,0.27,2.41,0.25,1.01,0.28,3.92,18.62,302.41,3.45
1973-11-22,0.03,0.37,5.20,0.25,1.00,0.41,4.92,25.01,306.23,5.92
1973-11-23,0.63,0.80,5.85,0.24,0.96,1.02,4.42,28.40,300.09,6.04
1973-11-24,0.10,0.55,6.88,0.24,0.96,0.77,5.63,25.77,312.35,11.47
1973-11-25,0.25,0.56,-0.34,0.23,0.90,0.68,2.78,35.91,254.59,6.16
1973-11-26,0.00,0.45,-1.94,0.12,0.47,0.45,2.56,43.02,235.91,6.62
1973-11-27,0.00,0.43,-2.05,0.18,0.73,0.44,2.48,34.55,247.21,5.53
1973-11-28,3.98,0.21,-2.71,0.19,0.76,0.29,2.61,15.50,277.49,3.22
1973-11-29,0.06,0.08,-2.05,0.19,0.78,0.10,2.98,34.20,250.25,5.06
1973-11-30,1.34,0.15,-3.09,0.21,0.84,0.23,2.55,29.21,251.11,3.96
1973-12-01,0.46,0.29,-3.88,0.28,1.12,0.39,1.86,32.29,235.67,3.15
1973-12-02,1.26,0.60,-0.75,0.35,1.38,0.82,2.54,8.43,284.24,4.92
1973-12-03,0.03,0.00,3.54,0.76,3.02,0.00,5.28,20.66,301.21,9.09
1973-12-04,0.08,0.57,7.65,0.66,2.65,0.66,5.75,15.47,328.56,7.29
1973-12-05,1.59,0.78,7.18,0.44,1.76,1.03,5.12,20.41,314.23,7.05
1973-12-06,0.01,1.16,3.16,0.46,1.85,1.20,3.32,31.28,267.60,9.92
1973-12-07,19.40,0.53,0.54,0.34,1.36,0.71,2.97,12.21,292.00,4.43
1973-12-08,0.05,0.18,0.47,0.46,1.82,0.21,3.61,31.55,259.77,8.42
1973-12-09,0.44,0.52,0.64,0.66,2.63,0.68,3.07,24.23,270.08,5.87
1973-12-10,5.26,0.29,3.47,8.38,33.50,0.52,4.59,12.02,310.69,9.48
1973-12-11,0.33,0.52,2.89,2.60,10.40,0.70,3.70,30.62,267.89,6.45
1973-12-12,5.17,0.53,3.59,2.43,9.70,0.82,4.32,13.40,309.49,8.77
1973-12-13,0.08,1.19,4.23,1.55,6.18,1.33,3.81,20.21,294.39,11.09
1973-12-14,0.00,0.82,1.27,0.60,2.38,0.83,3.23,26.60,266.63,11.03
1973-12-15,3.63,0.96,1.96,0.77,3.08,1.26,3.02,7.42,297.76,6.89
1973-12-16,0.12,0.34,0.83,1.04,4.14,0.44,3.59,28.13,264.17,9.98
1973-12-17,0.00,0.45,0.22,0.48,1.92,0.45,3.07,29.68,255.29,6.83
1973-12-18,0.01,0.11,-1.02,0.49,1.95,0.12,3.05,15.72,279.87,2.90
1973-12-19,13.83,0.03,0.82,1.17,4.68,0.06,3.96,7.33,298.17,6.20
1973-12-20,10.44,0.01,3.00,8.76,35.00,0.01,4.56,7.33,308.94,3.15
1973-12-21,0.96,0.00,3.56,3.70,14.80,0.00,5.18,13.49,310.96,1.77
1973-12-22,6.53,0.00,3.48,3.83,15.30,0.00,4.98,13.32,310.49,2.54
1973-12-23,0.04,0.14,2.00,2.40,9.60,0.15,3.98,14.25,299.19,3.48
1973-12-24,0.03,0.01,1.56,1.27,5.08,0.01,3.93,18.24,288.86,2.24
1973-12-25,0.58,0.35,2.72,0.95,3.80,0.49,3.86,7.59,305.15,4.30
1973-12-26,0.09,0.00,5.05,0.92,3.66,0.00,5.94,14.06,317.83,4.99
1973-12-27,0.72,0.72,7.30,0.75,3.00,0.98,5.35,16.70,320.31,7.67
1973-12-28,6.96,0.63,5.28,0.98,3.92,0.81,4.26,14.87,312.68,4.55
1973-12-29,2.08,0.32,5.73,3.15,12.60,0.57,5.41,15.55,316.99,10.67
1973-12-30,0.05,0.44,2.51,1.66,6.64,0.49,3.57,34.40,258.72,5.92
1973-12-31,0.06,0.14,0.75,0.88,3.53,0.15,3.43,26.17,268.86,3.91
1974-01-01,0.00,0.49,-0.63,0.65,2.59,0.49,2.93,15.54,282.44,6.19
1974-01-02,0.00,0.15,-0.10,0.58,2.31,0.15,3.46,20.86,276.64,5.72
1974-01-03,0.18,0.46,0.22,0.50,1.99,0.60,3.27,13.79,292.18,7.07
1974-01-04,3.04,0.58,3.95,0.52,2.09,0.89,4.43,13.99,311.85,9.55
1974-01-05,2.70,0.19,6.14,0.93,3.72,0.36,5.75,15.52,321.56,10.70
1974-01-06,1.95,0.16,5.11,1.00,3.98,0.26,5.20,18.49,310.22,6.06
1974-01-07,2.45,0.00,4.08,1.51,6.04,0.00,5.25,8.34,315.21,7.57
1974-01-08,7.22,0.51,2.49,2.55,10.20,0.77,3.95,14.94,303.75,7.83
1974-01-09,7.14,0.36,1.34,2.60,10.40,0.52,3.34,29.91,266.92,4.87
1974-01-10,15.02,0.68,2.90,6.08,24.30,1.03,3.98,15.18,305.99,10.23
1974-01-11,5.49,1.40,5.45,4.86,19.40,1.75,3.92,21.42,303.27,9.80
1974-01-12,8.64,1.21,5.47,3.08,12.30,1.61,4.39,25.23,298.74,13.76
1974-01-13,1.84,0.01,3.65,4.53,18.10,0.02,4.96,19.33,306.07,6.57
1974-01-14,8.60,1.15,4.95,2.70,10.80,1.47,3.98,16.18,314.40,8.21
1974-01-15,2.13,0.14,4.22,4.03,16.10,0.27,4.99,26.80,296.34,9.32
1974-01-16,6.39,0.39,1.63,2.10,8.41,0.62,3.81,17.42,299.18,7.28
1974-01-17,1.44,1.07,4.49,5.03,20.10,1.39,3.98,17.28,312.15,8.86
1974-01-18,0.45,0.21,6.32,2.85,11.40,0.37,5.82,20.65,319.97,10.81
1974-01-19,0.12,1.15,8.08,1.54,6.17,1.29,5.29,21.45,325.21,8.99
1974-01-20,0.08,0.60,5.09,1.04,4.16,0.68,4.26,42.88,273.81,5.85
1974-01-21,0.09,0.16,4.29,0.84,3.34,0.18,4.68,25.63,302.46,3.37
1974-01-22,1.42,0.41,4.33,0.72,2.87,0.52,4.05,24.87,302.00,3.15
1974-01-23,0.94,0.28,4.64,0.70,2.78,0.48,4.96,32.62,295.65,8.49
1974-01-24,0.25,0.78,4.54,0.69,2.76,1.04,4.14,29.61,297.18,6.88
1974-01-25,2.94,0.57,5.19,0.63,2.50,0.80,4.76,28.24,305.47,7.44
1974-01-26,7.16,0.85,5.35,1.58,6.30,1.17,4.63,20.77,318.11,9.05
1974-01-27,5.27,1.04,3.73,2.01,8.05,1.33,3.34,45.20,269.15,6.59
1974-01-28,3.29,0.44,3.13,3.40,13.60,0.78,4.39,34.18,290.41,12.82
1974-01-29,8.44,1.15,3.11,2.06,8.23,1.46,3.16,44.82,269.09,7.44
1974-01-30,2.62,0.00,3.48,5.41,21.60,0.00,5.28,23.02,311.64,11.79
1974-01-31,0.09,0.74,3.40,2.18,8.72,0.90,3.70,52.84,265.73,6.56
1974-02-01,3.39,0.28,4.08,1.26,5.04,0.48,4.87,25.22,311.92,8.30
1974-02-02,4.06,0.49,5.11,2.58,10.30,0.76,5.02,26.07,316.24,9.21
1974-02-03,0.02,0.77,4.01,2.02,8.08,0.81,4.04,52.74,279.24,7.04
1974-02-04,2.37,0.10,0.44,1.16,4.62,0.15,3.61,14.43,295.13,3.08
1974-02-05,6.73,0.43,0.96,1.12,4.46,0.60,3.38,54.55,265.59,4.70
1974-02-06,3.42,0.33,0.62,2.34,9.33,0.54,3.64,38.58,283.20,7.19
1974-02-07,0.85,0.95,1.22,1.92,7.69,1.25,2.89,77.10,242.94,6.88
1974-02-08,6.84,0.59,1.86,5.31,21.20,0.81,3.44,15.76,299.77,5.53
1974-02-09,4.66,0.00,3.06,5.13,20.50,0.04,5.01,36.56,302.32,7.03
1974-02-10,2.83,0.51,6.08,3.88,15.50,0.84,5.46,43.31,309.97,11.90
1974-02-11,10.63,0.30,5.43,6.81,27.20,0.45,5.17,16.84,320.61,5.63
1974-02-12,1.89,1.11,2.92,3.28,13.10,1.43,3.34,62.78,272.16,7.59
1974-02-13,0.53,0.13,0.92,1.90,7.59,0.18,3.96,38.11,291.73,2.88
1974-02-14,13.59,0.84,1.31,2.17,8.67,1.10,3.04,64.42,265.66,5.62
1974-02-15,1.18,0.00,3.06,7.86,31.40,0.11,5.03,59.45,288.14,7.31
1974-02-16,7.61,0.35,5.47,4.58,18.30,0.51,5.29,32.46,320.90,5.38
1974-02-17,0.72,0.50,4.78,3.10,12.40,0.69,4.76,35.61,314.62,5.14
1974-02-18,0.06,0.22,3.88,1.87,7.49,0.26,4.88,34.87,312.48,4.04
1974-02-19,0.00,0.36,3.04,1.30,5.20,0.36,4.04,58.41,288.19,2.23
1974-02-20,0.48,0.75,4.07,1.11,4.42,0.99,4.02,20.43,311.27,6.02
1974-02-21,0.75,0.19,6.08,0.96,3.83,0.32,5.93,69.97,300.49,7.65
1974-02-22,0.24,1.14,4.59,0.85,3.41,1.44,4.04,97.29,267.28,7.72
1974-02-23,0.00,0.94,4.46,0.68,2.73,0.94,3.91,93.61,270.05,4.61
1974-02-24,0.07,0.39,4.16,0.61,2.44,0.45,4.69,42.12,311.21,3.49
1974-02-25,0.99,0.43,5.70,0.57,2.28,0.53,5.12,48.03,315.23,2.70
1974-02-26,3.34,0.09,5.52,0.89,3.57,0.11,5.23,23.10,321.15,1.31
1974-02-27,0.03,0.45,3.41,1.04,4.16,0.48,4.40,48.38,304.76,4.12
1974-02-28,5.03,0.88,0.57,0.69,2.74,1.18,3.01,49.28,287.04,6.83
1974-03-01,0.49,0.31,0.59,0.80,3.21,0.46,3.76,43.24,295.74,4.76
1974-03-02,0.10,0.81,0.72,1.07,4.26,0.88,3.20,128.68,242.81,4.36
1974-03-03,8.11,0.80,0.64,1.04,4.14,1.09,3.21,71.77,277.17,6.79
1974-03-04,4.46,0.46,1.80,3.15,12.60,0.68,4.08,80.91,281.77,6.41
1974-03-05,0.28,0.40,1.78,2.80,11.20,0.53,4.03,57.32,295.48,3.65
1974-03-06,3.33,0.85,2.40,1.94,7.76,1.08,3.62,90.06,277.73,4.79
1974-03-07,0.10,0.37,5.20,2.65,10.60,0.46,5.50,73.84,306.17,4.34
1974-03-08,0.02,0.56,3.38,1.39,5.54,0.58,4.44,63.88,301.48,5.71
1974-03-09,1.30,0.89,1.76,0.90,3.58,1.19,3.45,50.78,298.39,7.19
1974-03-10,1.25,0.77,1.82,0.92,3.69,1.09,3.69,51.63,299.86,8.59
1974-03-11,3.29,0.86,2.24,0.93,3.73,1.17,3.67,54.69,300.33,7.46
1974-03-12,1.45,0.45,2.31,1.27,5.09,0.64,4.15,46.18,304.72,5.49
1974-03-13,1.63,0.31,2.49,1.23,4.90,0.41,4.55,56.55,304.92,3.39
1974-03-14,5.37,0.65,2.75,1.07,4.27,0.79,4.03,81.27,292.24,3.05
1974-03-15,3.52,0.58,4.12,2.78,11.10,0.78,4.72,61.77,310.39,5.39
1974-03-16,2.04,0.81,5.75,2.73,10.90,1.07,5.20,92.30,304.43,6.75
1974-03-17,10.17,1.49,4.79,4.15,16.60,1.84,3.98,86.42,299.05,9.21
1974-03-18,3.63,1.25,4.18,3.75,15.00,1.53,4.12,135.37,275.11,6.51
1974-03-19,9.63,0.69,2.92,3.13,12.50,0.91,4.25,87.06,294.39,5.17
1974-03-20,6.75,0.71,3.97,10.86,43.40,0.87,4.47,78.15,303.87,3.46
1974-03-21,0.04,0.97,2.88,2.70,10.80,1.03,3.75,117.50,279.43,3.08
1974-03-22,0.00,0.88,4.79,1.51,6.03,0.88,4.66,101.60,298.67,3.44
1974-03-23,0.00,0.95,4.64,0.99,3.94,0.95,4.70,112.17,294.37,6.21
1974-03-24,0.31,0.93,3.22,0.78,3.10,1.21,4.00,71.16,304.10,6.79
1974-03-25,0.69,0.44,4.13,0.72,2.89,0.61,4.87,52.54,314.37,4.98
1974-03-26,0.00,0.72,4.75,0.71,2.83,0.72,4.98,90.06,306.97,3.54
1974-03-27,0.00,0.59,4.48,0.64,2.56,0.59,4.95,70.86,313.95,3.29
1974-03-28,0.00,1.29,5.02,0.56,2.22,1.29,4.34,136.13,287.71,4.09
1974-03-29,0.00,1.30,4.21,0.49,1.94,1.30,4.17,168.01,272.05,2.34
1974-03-30,0.00,1.21,4.16,0.44,1.76,1.21,4.18,157.62,276.92,1.62
1974-03-31,0.00,1.32,4.97,0.41,1.63,1.32,4.45,158.67,281.52,2.87
1974-04-01,0.15,1.27,4.65,0.37,1.46,1.42,4.71,176.78,277.15,4.45
1974-04-02,0.02,1.07,5.62,0.36,1.43,1.09,4.66,97.97,309.96,3.16
1974-04-03,0.00,1.22,5.69,0.35,1.41,1.22,4.98,146.02,294.61,2.44
1974-04-04,0.00,1.28,6.04,0.33,1.30,1.28,4.90,138.66,298.81,3.05
1974-04-05,0.00,0.96,4.48,0.30,1.21,0.96,4.85,125.09,298.21,3.41
1974-04-06,0.00,1.11,4.75,0.30,1.19,1.11,4.71,133.88,296.12,3.58
1974-04-07,0.00,1.27,4.84,0.29,1.15,1.27,4.62,151.71,290.48,3.73
1974-04-08,0.02,1.64,5.87,0.27,1.08,1.67,4.73,186.81,283.22,3.96
1974-04-09,0.00,1.72,5.54,0.28,1.12,1.72,4.34,187.41,280.47,3.48
1974-04-10,0.08,1.73,6.75,0.26,1.02,1.78,4.55,172.87,291.47,2.56
1974-04-11,5.65,0.39,3.73,0.26,1.03,0.59,4.75,46.18,312.47,6.49
1974-04-12,0.93,0.92,3.45,0.36,1.42,1.18,4.27,90.77,306.35,6.44
1974-04-13,0.00,1.62,3.85,0.33,1.30,1.62,3.33,140.07,287.14,3.76
1974-04-14,0.00,2.05,3.84,0.28,1.10,2.05,3.58,248.60,253.55,2.56
1974-04-15,0.00,1.73,5.91,0.26,1.02,1.73,4.95,207.35,282.84,3.36
1974-04-16,0.03,1.08,5.91,0.24,0.96,1.11,5.29,121.78,311.36,3.28
1974-04-17,0.01,1.34,5.66,0.24,0.95,1.35,4.69,130.64,305.87,3.67
1974-04-18,0.00,1.58,5.16,0.23,0.93,1.58,4.38,163.78,292.73,3.94
1974-04-19,0.00,1.68,4.55,0.23,0.91,1.68,4.35,199.61,280.00,2.71
1974-04-20,0.00,1.14,4.25,0.22,0.88,1.14,4.33,123.18,302.40,1.96
1974-04-21,0.00,1.42,5.62,0.22,0.88,1.42,4.25,134.25,304.24,2.05
1974-04-22,0.00,1.62,6.11,0.21,0.85,1.62,4.69,162.15,300.07,2.86
1974-04-23,0.01,1.99,6.81,0.21,0.83,2.01,4.59,175.99,298.46,5.00
1974-04-24,0.00,1.33,6.04,0.20,0.81,1.33,4.89,116.91,314.75,5.03
1974-04-25,0.00,1.08,5.68,0.20,0.81,1.09,4.82,81.88,320.59,5.80
1974-04-26,0.00,2.05,4.87,0.20,0.80,2.05,4.42,253.38,269.79,4.28
1974-04-27,4.48,1.57,4.39,0.20,0.80,1.81,4.27,172.60,290.88,4.66
1974-04-28,13.87,1.14,4.70,1.18,4.70,1.44,4.70,120.34,308.94,7.24
1974-04-29,0.18,1.60,6.31,1.24,4.96,1.71,5.21,174.63,302.34,2.92
1974-04-30,0.03,1.27,4.88,0.47,1.86,1.31,5.16,156.39,302.14,2.35
1974-05-01,0.10,1.06,5.65,0.35,1.40,1.16,5.16,110.34,317.89,3.30
1974-05-02,0.10,1.15,6.38,0.29,1.17,1.27,5.56,126.60,317.95,3.76
1974-05-03,0.26,1.19,5.66,0.27,1.06,1.44,5.29,151.19,308.35,6.12
1974-05-04,0.12,1.45,5.87,0.24,0.96,1.61,4.96,148.35,309.03,5.91
1974-05-05,1.31,1.78,5.83,0.22,0.89,2.05,4.58,170.25,301.93,5.86
1974-05-06,0.03,2.21,5.15,0.22,0.89,2.24,4.26,245.31,278.60,3.61
1974-05-07,0.01,2.05,5.09,0.21,0.84,2.06,4.39,226.05,284.55,2.49
1974-05-08,0.00,2.63,7.45,0.20,0.80,2.63,4.32,224.64,293.09,4.68
1974-05-09,7.94,2.13,8.09,0.20,0.78,2.40,4.78,135.99,321.81,6.10
1974-05-10,2.18,2.17,8.95,0.29,1.16,2.48,5.91,208.58,310.83,8.29
1974-05-11,0.48,1.88,8.56,0.32,1.29,2.11,5.94,181.78,316.35,5.18
1974-05-12,2.72,1.90,8.59,0.29,1.16,2.15,5.87,178.38,317.40,5.72
1974-05-13,0.19,2.41,10.43,0.27,1.07,2.56,6.69,231.40,314.52,4.97
1974-05-14,0.05,3.41,9.72,0.22,0.90,3.44,5.41,320.25,284.28,4.03
1974-05-15,0.01,3.35,10.02,0.19,0.76,3.36,5.39,298.09,291.25,4.19
1974-05-16,0.01,2.65,10.37,0.18,0.72,2.67,6.37,246.03,310.53,6.03
1974-05-17,0.05,1.96,9.94,0.18,0.70,2.02,5.79,127.35,336.52,4.60
1974-05-18,2.27,1.81,11.48,0.18,0.73,1.96,6.76,127.25,345.32,3.04
1974-05-19,0.05,2.97,11.12,0.20,0.79,3.01,6.62,267.88,309.93,3.53
1974-05-20,0.31,2.80,11.19,0.19,0.76,3.01,6.09,207.78,323.23,5.42
1974-05-21,0.11,2.31,10.04,0.19,0.75,2.45,6.14,194.14,322.30,4.50
1974-05-22,1.50,2.69,9.47,0.19,0.74,2.96,5.36,204.82,314.95,6.65
1974-05-23,2.94,1.62,8.78,0.19,0.77,1.85,6.22,151.61,327.60,5.18
1974-05-24,0.07,1.37,8.41,0.20,0.82,1.50,6.15,124.38,332.22,7.82
1974-05-25,0.04,3.20,10.29,0.19,0.77,3.23,4.91,238.44,308.33,4.14
1974-05-26,0.04,3.12,12.75,0.17,0.69,3.15,7.13,249.58,324.08,4.83
1974-05-27,0.59,2.16,11.30,0.16,0.64,2.38,6.62,147.83,340.73,5.56
1974-05-28,0.71,2.70,10.28,0.16,0.63,3.00,6.09,226.61,316.78,8.09
1974-05-29,0.00,3.38,6.73,0.15,0.61,3.38,3.86,324.95,269.18,5.58
1974-05-30,0.01,2.75,7.20,0.14,0.57,2.77,4.63,266.22,290.03,3.88
1974-05-31,0.91,3.01,9.74,0.14,0.57,3.16,5.57,266.22,303.85,3.41
1974-06-01,0.78,1.73,10.98,0.14,0.57,1.96,7.00,129.46,344.32,5.61
1974-06-02,1.92,3.80,12.85,0.15,0.59,4.09,6.17,246.94,321.54,8.41
1974-06-03,0.00,3.06,9.44,0.14,0.57,3.06,4.98,231.93,307.46,6.46
1974-06-04,0.20,3.19,10.37,0.14,0.56,3.37,5.42,254.29,307.41,5.04
1974-06-05,5.95,1.79,8.95,0.15,0.61,2.00,5.83,140.27,331.21,4.44
1974-06-06,1.78,2.44,8.16,0.18,0.71,2.72,5.07,202.86,310.61,6.72
1974-06-07,2.38,2.48,9.26,0.17,0.69,2.75,5.79,222.15,313.07,6.73
1974-06-08,4.30,2.36,8.79,0.19,0.76,2.55,5.73,219.67,311.75,3.77
1974-06-09,6.61,2.28,8.17,0.23,0.94,2.51,5.47,216.82,309.18,4.77
1974-06-10,0.33,2.04,7.52,0.24,0.97,2.26,4.92,160.48,318.11,5.37
1974-06-11,0.00,3.36,10.96,0.18,0.73,3.36,5.46,229.82,316.81,7.51
1974-06-12,0.00,3.06,13.48,0.16,0.62,3.06,7.82,248.57,330.23,3.16
1974-06-13,0.00,3.82,12.08,0.14,0.58,3.82,6.68,336.20,300.40,3.06
1974-06-14,0.00,4.04,11.54,0.14,0.54,4.04,5.78,348.59,290.82,2.81
1974-06-15,0.00,2.69,11.65,0.13,0.52,2.69,6.77,216.68,327.53,4.59
1974-06-16,12.07,1.73,11.63,0.14,0.57,1.87,7.61,143.17,345.47,2.82
1974-06-17,1.49,1.63,12.47,0.24,0.98,1.77,8.59,147.50,348.81,3.04
1974-06-18,0.40,2.25,10.88,0.21,0.83,2.45,6.57,176.45,333.29,4.61
1974-06-19,0.03,2.50,12.11,0.16,0.62,2.55,7.57,216.33,331.53,3.56
1974-06-20,0.00,3.79,15.03,0.14,0.56,3.79,8.46,302.80,326.29,2.71
1974-06-21,0.00,3.38,14.31,0.13,0.53,3.38,9.39,305.66,326.01,3.05
1974-06-22,0.00,2.28,10.93,0.13,0.52,2.28,7.09,214.10,326.12,5.81
1974-06-23,0.00,1.99,11.60,0.12,0.50,1.99,7.55,177.71,337.78,6.33
1974-06-24,0.00,2.50,11.17,0.12,0.49,2.50,6.88,217.35,325.79,5.68
1974-06-25,0.02,2.66,11.05,0.12,0.50,2.70,6.93,247.13,318.66,4.99
1974-06-26,0.00,1.79,9.89,0.12,0.50,1.79,6.39,134.34,338.26,6.63
1974-06-27,0.00,2.60,9.31,0.12,0.50,2.60,4.93,178.08,321.31,4.83
1974-06-28,0.00,2.44,8.84,0.12,0.48,2.44,5.34,208.90,313.40,3.50
1974-06-29,0.00,2.57,11.84,0.12,0.49,2.57,6.93,208.86,330.36,2.99
1974-06-30,2.93,2.43,12.47,0.12,0.48,2.56,7.98,211.02,334.70,2.66
1974-07-01,0.11,2.24,12.56,0.13,0.52,2.41,7.88,189.79,338.96,5.92
1974-07-02,16.17,1.91,10.20,0.15,0.61,2.10,6.53,157.47,333.99,3.90
1974-07-03,1.22,2.55,10.96,0.30,1.19,2.80,6.39,199.01,326.69,6.04
1974-07-04,7.77,2.46,11.09,0.19,0.76,2.63,7.06,224.31,322.92,3.58
1974-07-05,11.32,1.23,11.48,0.46,1.84,1.46,8.20,127.43,347.81,5.72
1974-07-06,0.07,2.38,10.91,0.66,2.65,2.48,6.48,186.02,329.66,5.64
1974-07-07,0.00,2.18,13.00,0.29,1.17,2.18,7.90,171.10,344.69,3.09
1974-07-08,0.08,1.74,14.29,0.20,0.80,1.82,9.07,130.70,360.13,3.96
1974-07-09,0.06,3.35,14.38,0.17,0.69,3.44,7.77,242.92,332.86,6.18
1974-07-10,0.95,1.80,13.01,0.15,0.61,2.03,8.05,125.10,355.23,5.52
1974-07-11,0.48,3.69,12.64,0.15,0.60,3.95,6.15,246.40,319.26,8.19
1974-07-12,2.58,3.13,12.71,0.14,0.56,3.36,6.96,241.83,323.50,5.98
1974-07-13,3.07,2.11,11.99,0.15,0.61,2.24,7.49,176.36,337.72,2.50
1974-07-14,2.65,2.07,11.50,0.15,0.60,2.25,7.09,166.77,337.11,3.88
1974-07-15,7.18,1.52,11.71,0.16,0.65,1.76,7.73,123.27,348.94,6.07
1974-07-16,5.13,1.52,12.46,0.32,1.28,1.75,8.34,134.00,350.00,5.66
1974-07-17,1.74,3.05,11.12,0.39,1.54,3.27,5.98,244.58,311.90,5.03
1974-07-18,0.68,2.76,12.24,0.22,0.88,2.96,6.79,209.99,327.97,4.70
1974-07-19,0.58,2.09,14.68,0.18,0.72,2.31,8.89,142.20,358.30,5.96
1974-07-20,0.00,4.13,15.26,0.16,0.65,4.13,7.37,268.69,325.68,7.46
1974-07-21,0.29,3.68,14.74,0.14,0.56,3.85,7.08,200.96,340.80,8.11
1974-07-22,2.96,2.68,15.42,0.14,0.55,2.97,8.79,160.48,356.92,8.67
1974-07-23,0.54,2.79,11.05,0.14,0.57,3.05,6.03,205.12,320.81,6.41
1974-07-24,2.54,2.90,10.59,0.14,0.56,3.10,5.58,224.34,311.75,4.68
1974-07-25,0.74,2.84,11.50,0.14,0.57,3.02,6.28,222.21,318.23,4.80
1974-07-26,0.98,2.60,13.29,0.14,0.57,2.78,7.20,178.07,339.81,4.38
1974-07-27,1.56,1.88,13.78,0.14,0.55,2.09,8.51,136.04,354.11,5.38
1974-07-28,1.15,2.70,13.97,0.14,0.56,2.93,7.71,183.63,341.77,5.66
1974-07-29,0.19,2.69,12.39,0.14,0.54,2.86,6.83,191.40,330.74,6.09
1974-07-30,0.00,2.13,11.07,0.13,0.52,2.13,6.61,172.58,329.48,3.45
1974-07-31,0.95,2.00,11.92,0.12,0.49,2.14,7.16,157.60,338.02,3.03
1974-08-01,0.69,2.47,11.50,0.12,0.48,2.65,6.29,172.39,329.35,5.10
1974-08-02,0.56,2.79,12.12,0.12,0.48,3.01,6.56,209.89,321.43,5.17
1974-08-03,0.00,2.55,12.18,0.12,0.48,2.55,6.64,196.75,325.40,3.49
1974-08-04,0.00,2.09,10.73,0.11,0.45,2.09,7.13,202.99,319.06,2.95
1974-08-05,0.00,2.67,12.65,0.11,0.44,2.67,7.74,243.65,316.82,2.99
1974-08-06,0.01,2.30,14.12,0.11,0.43,2.31,7.92,158.60,346.46,3.90
1974-08-07,2.67,2.08,14.01,0.11,0.45,2.23,7.75,132.64,352.87,3.51
1974-08-08,8.22,1.28,13.90,0.21,0.83,1.39,9.13,103.65,360.17,2.38
1974-08-09,5.10,2.62,13.36,0.17,0.69,2.84,7.42,190.40,331.86,5.47
1974-08-10,4.68,0.73,11.95,0.21,0.85,0.89,8.04,55.86,352.81,4.32
1974-08-11,8.28,2.52,13.03,0.21,0.82,2.74,7.19,179.04,332.45,5.24
1974-08-12,3.05,1.50,11.68,0.39,1.56,1.72,8.02,151.92,335.84,5.05
1974-08-13,0.26,2.33,12.11,0.28,1.13,2.45,6.80,187.59,324.13,3.21
1974-08-14,11.69,0.59,12.87,0.33,1.33,0.75,8.91,54.57,356.81,5.02
1974-08-15,0.11,3.21,15.67,0.56,2.24,3.38,8.51,207.40,336.23,9.03
1974-08-16,1.69,3.12,14.88,0.23,0.93,3.37,7.66,196.16,333.57,6.71
1974-08-17,1.69,2.53,12.36,0.19,0.76,2.71,6.71,198.56,319.24,3.94
1974-08-18,3.44,1.84,10.92,0.21,0.83,1.98,7.04,172.42,322.41,2.92
1974-08-19,0.00,2.32,11.11,0.32,1.28,2.32,6.95,227.78,305.18,3.05
1974-08-20,0.01,2.10,13.10,0.19,0.74,2.13,7.39,137.32,342.35,5.05
1974-08-21,1.03,1.82,13.88,0.16,0.63,2.01,7.99,105.45,356.43,4.97
1974-08-22,0.11,1.55,12.75,0.15,0.61,1.61,7.51,109.29,349.26,2.89
1974-08-23,0.25,2.32,15.13,0.15,0.58,2.49,8.43,137.45,351.62,5.92
1974-08-24,0.72,2.61,15.42,0.14,0.56,2.83,8.17,142.53,350.42,6.21
1974-08-25,2.42,2.05,15.48,0.14,0.56,2.31,9.18,120.98,358.18,7.65
1974-08-26,7.02,1.24,11.72,0.16,0.66,1.37,7.65,104.94,344.62,2.69
1974-08-27,0.71,2.54,10.97,0.29,1.15,2.71,6.10,225.00,295.66,4.63
1974-08-28,0.01,1.90,11.18,0.19,0.74,1.91,6.50,144.87,325.81,4.34
1974-08-29,0.08,1.92,12.59,0.15,0.59,2.01,7.25,147.96,331.94,3.65
1974-08-30,0.94,0.84,13.07,0.15,0.58,1.00,9.16,84.18,356.11,4.54
1974-08-31,1.47,0.98,13.03,0.15,0.61,1.11,8.92,92.27,353.27,3.06
1974-09-01,3.90,1.05,12.05,0.17,0.68,1.21,8.54,114.89,340.97,3.76
1974-09-02,5.92,1.34,10.85,0.21,0.85,1.54,7.21,121.16,331.56,4.61
1974-09-03,1.15,1.04,12.12,0.36,1.43,1.26,8.24,92.01,347.97,5.86
1974-09-04,5.74,1.26,11.04,0.31,1.24,1.48,7.07,80.07,346.36,5.59
1974-09-05,12.27,1.59,10.59,1.23,4.90,1.81,6.54,124.85,325.94,4.89
1974-09-06,9.50,1.46,10.20,1.46,5.82,1.67,6.60,128.67,322.44,4.68
1974-09-07,10.50,0.42,9.68,4.23,16.90,0.63,7.29,41.94,342.09,7.92
1974-09-08,4.88,2.03,11.68,1.48,5.91,2.31,6.73,135.45,324.73,7.59
1974-09-09,1.69,1.67,10.94,0.94,3.74,1.86,6.69,147.63,316.03,4.21
1974-09-10,0.11,1.10,10.42,0.59,2.35,1.20,7.04,94.86,335.28,4.60
1974-09-11,0.43,1.38,12.11,0.40,1.58,1.52,6.92,87.46,345.12,3.18
1974-09-12,2.01,0.96,12.41,0.33,1.31,1.12,8.26,81.03,349.72,3.88
1974-09-13,0.25,1.09,14.65,0.30,1.20,1.23,9.68,93.73,354.99,5.21
1974-09-14,1.13,1.74,11.44,0.25,1.00,1.92,6.53,143.70,314.81,3.86
1974-09-15,0.13,0.95,12.67,0.23,0.92,1.03,8.15,70.97,353.65,3.28
1974-09-16,1.27,1.12,12.59,0.22,0.89,1.31,8.08,84.82,347.05,4.77
1974-09-17,0.27,1.71,11.70,0.21,0.84,1.81,7.00,139.56,316.71,5.77
1974-09-18,0.03,1.74,8.96,0.19,0.77,1.77,5.28,146.90,295.11,4.78
1974-09-19,0.45,1.36,9.87,0.18,0.71,1.60,6.32,90.28,328.48,6.98
1974-09-20,2.14,1.23,9.47,0.17,0.68,1.48,6.24,87.83,327.06,6.24
1974-09-21,0.72,1.85,9.69,0.17,0.69,2.13,5.83,154.61,293.47,7.50
1974-09-22,3.07,1.73,9.31,0.18,0.71,2.02,5.70,135.26,299.92,7.46
1974-09-23,4.07,0.58,7.55,0.19,0.76,0.79,6.20,63.69,328.63,6.07
1974-09-24,5.75,1.84,7.59,0.29,1.14,2.14,4.69,137.33,285.62,7.61
1974-09-25,2.76,0.47,6.05,0.54,2.14,0.61,5.64,58.23,322.92,3.81
1974-09-26,2.42,1.12,6.32,0.66,2.64,1.33,4.90,124.71,286.92,4.39
1974-09-27,0.24,0.67,4.27,0.47,1.87,0.77,4.45,83.86,297.90,2.30
1974-09-28,0.84,0.91,4.75,0.32,1.29,1.09,4.37,96.31,291.85,3.85
1974-09-29,6.25,0.80,5.41,0.60,2.39,0.96,4.73,82.78,302.38,3.49
1974-09-30,0.04,0.85,5.85,0.67,2.69,0.90,4.95,108.92,289.84,3.40
1974-10-01,7.06,0.80,5.47,0.39,1.54,0.96,4.76,85.08,299.37,3.66
1974-10-02,6.67,0.83,6.05,1.35,5.41,1.07,5.07,66.82,312.64,5.97
1974-10-03,5.03,0.75,6.05,1.53,6.12,1.05,5.24,49.70,322.64,8.34
1974-10-04,1.12,1.06,7.58,2.15,8.60,1.36,5.48,54.53,326.21,8.21
1974-10-05,0.08,1.15,7.00,0.93,3.71,1.24,4.92,72.13,310.33,5.99
1974-10-06,4.59,0.47,5.46,0.56,2.25,0.62,5.23,46.72,320.35,4.35
1974-10-07,5.45,0.51,6.51,0.89,3.55,0.72,5.69,49.07,323.74,6.32
1974-10-08,0.11,0.76,8.56,1.51,6.02,0.90,6.32,69.70,320.03,7.14
1974-10-09,3.24,0.72,6.95,0.72,2.87,0.88,5.33,72.22,308.11,3.77
1974-10-10,4.49,0.57,5.63,1.01,4.02,0.75,5.12,53.52,313.92,4.87
1974-10-11,0.25,1.05,5.73,1.25,5.00,1.25,4.51,69.06,300.47,6.36
1974-10-12,0.04,0.87,4.88,0.64,2.57,0.93,4.22,67.69,295.98,4.62
1974-10-13,0.09,0.46,5.20,0.47,1.89,0.51,4.55,57.96,304.81,1.75
1974-10-14,0.00,0.35,6.80,0.40,1.58,0.35,5.73,49.55,320.31,2.04
1974-10-15,7.13,0.07,8.19,0.38,1.50,0.08,6.59,22.40,334.91,1.71
1974-10-16,7.97,0.28,7.62,2.93,11.70,0.33,6.26,38.13,331.75,2.07
1974-10-17,0.28,0.34,7.80,2.06,8.24,0.37,5.99,45.72,325.76,1.60
1974-10-18,3.86,0.41,7.26,1.41,5.62,0.61,6.05,37.69,329.06,6.61
1974-10-19,0.36,0.82,5.93,1.20,4.79,0.97,4.72,74.96,289.25,5.39
1974-10-20,0.00,0.84,5.42,0.72,2.88,0.84,4.53,77.49,283.22,5.87
1974-10-21,10.05,0.96,5.00,0.57,2.28,1.26,4.34,51.09,301.67,7.49
1974-10-22,2.86,0.68,5.89,3.08,12.30,0.93,5.04,64.54,295.69,6.88
1974-10-23,0.00,1.09,6.14,1.35,5.39,1.09,4.56,41.28,314.00,7.34
1974-10-24,0.00,0.46,5.48,0.76,3.02,0.46,5.14,50.63,304.38,6.13
1974-10-25,0.16,1.24,7.55,0.57,2.26,1.44,4.91,42.57,318.08,7.36
1974-10-26,0.29,0.86,9.04,0.47,1.89,1.08,6.04,36.27,332.69,6.27
1974-10-27,0.06,1.47,6.02,0.42,1.67,1.54,4.30,73.98,277.17,11.38
1974-10-28,2.49,1.48,4.48,0.34,1.36,1.85,3.70,44.94,295.58,10.87
1974-10-29,6.97,1.10,3.07,0.74,2.94,1.47,3.64,55.82,278.31,10.86
1974-10-30,2.15,0.42,1.94,1.23,4.92,0.58,3.64,16.32,301.09,4.56
1974-10-31,2.28,0.15,2.11,0.97,3.87,0.19,3.94,38.62,291.71,1.70
1974-11-01,0.14,0.00,3.56,1.19,4.75,0.01,4.80,15.62,311.93,1.44
1974-11-02,2.25,0.13,5.22,0.93,3.71,0.19,5.47,26.74,319.93,4.14
1974-11-03,7.43,0.38,4.27,2.18,8.70,0.49,4.42,33.09,305.22,3.38
1974-11-04,0.62,0.00,4.86,2.24,8.96,0.02,5.64,27.12,317.07,3.34
1974-11-05,1.57,0.45,4.31,1.13,4.50,0.60,4.47,28.18,309.67,4.45
1974-11-06,0.47,0.18,5.07,0.95,3.81,0.24,4.96,47.64,291.17,3.09
1974-11-07,1.04,0.23,5.46,0.79,3.14,0.29,4.97,29.36,313.12,2.47
1974-11-08,4.97,0.00,7.15,0.79,3.16,0.00,6.91,32.43,320.05,5.34
1974-11-09,6.10,0.49,8.73,3.05,12.20,0.75,6.53,31.51,326.23,9.17
1974-11-10,17.71,1.48,6.34,7.66,30.60,1.84,4.32,30.08,310.70,10.63
1974-11-11,0.42,1.46,5.06,4.78,19.10,1.80,3.93,42.59,285.93,12.47
1974-11-12,0.70,0.65,3.82,1.60,6.38,0.86,4.06,32.16,295.18,6.32
1974-11-13,10.99,0.79,4.68,3.75,15.00,1.06,4.28,20.96,314.33,6.82
1974-11-14,4.43,0.50,5.33,3.60,14.40,0.80,5.07,30.22,306.01,10.32
1974-11-15,0.35,0.73,6.55,2.42,9.66,0.94,4.98,45.13,288.41,7.63
1974-11-16,1.71,0.56,3.04,1.34,5.37,0.75,3.60,45.59,266.88,5.03
1974-11-17,0.03,0.21,3.26,1.14,4.57,0.25,4.26,38.08,281.10,4.35
1974-11-18,0.15,0.16,1.04,0.90,3.58,0.19,3.68,29.90,281.09,3.83
1974-11-19,0.13,0.32,0.78,0.73,2.93,0.40,3.31,28.04,279.86,3.95
1974-11-20,0.79,0.20,0.79,0.66,2.64,0.30,3.63,24.64,286.09,4.38
1974-11-21,11.91,0.17,3.18,1.74,6.96,0.25,4.48,19.64,306.02,4.35
1974-11-22,19.08,0.00,4.59,13.27,53.00,0.00,5.67,17.67,317.37,6.49
1974-11-23,7.01,0.10,5.60,4.83,19.30,0.14,5.51,17.22,321.51,4.15
1974-11-24,14.49,0.68,4.50,7.73,30.90,0.96,4.37,17.69,312.35,7.31
1974-11-25,0.01,0.67,4.15,5.48,21.90,0.72,4.36,32.52,285.09,11.02
1974-11-26,2.01,0.71,4.14,1.92,7.67,0.96,3.95,28.72,288.35,6.29
1974-11-27,4.03,0.00,2.99,2.85,11.40,0.00,5.29,23.34,298.31,9.10
1974-11-28,0.01,0.35,3.18,1.72,6.88,0.37,4.32,28.55,285.57,8.71
1974-11-29,2.74,0.44,3.76,1.15,4.59,0.63,4.06,30.39,282.14,5.37
1974-11-30,1.12,0.22,5.33,1.44,5.77,0.33,5.04,26.12,299.34,5.23
1974-12-01,0.78,0.05,7.22,1.21,4.84,0.09,6.27,21.75,317.34,7.38
1974-12-02,0.00,0.57,9.01,1.05,4.21,0.57,6.25,28.35,311.57,8.00
1974-12-03,0.91,0.55,6.62,0.84,3.35,0.74,5.16,17.49,319.08,5.81
1974-12-04,2.17,0.73,4.84,0.86,3.43,1.05,4.39,28.87,285.99,9.14
1974-12-05,0.49,0.78,4.45,0.83,3.33,1.08,4.23,17.80,305.43,8.18
1974-12-06,0.38,0.79,7.04,0.73,2.91,1.03,5.18,14.11,326.72,7.42
1974-12-07,0.49,0.26,8.83,0.69,2.74,0.42,6.80,14.04,337.02,8.14
1974-12-08,1.58,0.47,9.88,0.99,3.94,0.70,6.95,19.79,329.92,8.63
1974-12-09,6.30,0.72,3.04,0.96,3.85,1.03,3.71,29.79,271.04,8.52
1974-12-10,3.86,0.38,1.90,2.39,9.54,0.64,3.84,23.15,281.02,8.49
1974-12-11,6.48,0.46,0.15,1.14,4.57,0.71,3.10,26.98,262.38,7.00
1974-12-12,1.13,0.43,1.80,1.54,6.17,0.64,3.72,13.46,299.79,6.23
1974-12-13,1.32,1.01,1.95,3.35,13.40,1.29,2.82,16.41,288.33,6.13
1974-12-14,0.50,0.00,2.04,2.78,11.10,0.00,4.38,29.08,271.47,7.03
1974-12-15,5.34,0.62,3.89,1.36,5.45,0.86,3.89,24.57,283.63,6.21
1974-12-16,7.31,0.17,3.52,2.83,11.30,0.30,4.63,21.23,292.98,7.94
1974-12-17,0.73,0.74,2.34,4.36,17.40,1.12,3.76,18.15,290.91,12.53
1974-12-18,0.19,1.26,3.60,1.82,7.26,1.56,3.44,14.89,301.25,9.59
1974-12-19,4.43,0.27,5.23,1.47,5.86,0.47,5.21,13.97,316.86,8.31
1974-12-20,5.83,0.64,7.87,3.23,12.90,0.96,5.95,13.40,330.87,10.79
1974-12-21,14.29,0.83,9.44,4.71,18.80,1.15,6.35,15.84,332.95,9.90
1974-12-22,0.14,0.87,8.96,8.96,35.80,1.00,5.87,24.34,311.09,9.06
1974-12-23,4.25,0.58,8.67,2.21,8.84,0.85,6.23,16.80,327.33,8.80
1974-12-24,0.49,0.31,4.63,2.44,9.73,0.45,4.61,25.96,286.86,6.15
1974-12-25,22.06,0.98,5.30,11.34,45.30,1.27,4.22,12.79,316.91,7.42
1974-12-26,6.03,0.00,5.39,6.28,25.10,0.00,6.01,15.25,316.92,6.69
1974-12-27,3.19,0.72,6.78,5.26,21.00,0.99,5.01,21.22,307.13,7.28
1974-12-28,13.68,0.85,7.28,5.73,22.90,1.20,5.36,22.03,308.87,11.20
1974-12-29,0.25,0.38,4.91,6.76,27.00,0.58,4.79,27.67,286.61,8.29
1974-12-30,0.30,1.03,5.32,2.32,9.28,1.29,4.00,14.61,312.78,6.52
1974-12-31,2.09,0.00,6.36,1.92,7.68,0.00,6.28,14.90,323.21,8.31
1975-01-01,0.07,0.10,7.21,2.02,8.09,0.12,5.83,21.20,312.39,3.94
1975-01-02,0.22,0.20,5.78,1.44,5.77,0.27,5.28,21.88,304.08,5.88
1975-01-03,0.20,0.51,5.27,1.14,4.56,0.69,4.67,20.79,302.56,6.44
1975-01-04,0.47,1.17,6.70,0.98,3.93,1.38,4.56,14.02,323.61,7.87
1975-01-05,0.46,0.07,7.52,0.94,3.75,0.15,6.49,14.63,330.44,10.42
1975-01-06,0.48,0.86,7.36,0.90,3.58,1.19,5.38,22.33,311.64,10.60
1975-01-07,0.02,0.41,1.76,0.75,2.99,0.45,3.55,14.57,299.42,4.43
1975-01-08,0.04,0.56,3.19,0.65,2.59,0.61,3.35,8.46,304.49,3.47
1975-01-09,2.93,0.00,4.06,0.64,2.57,0.00,5.19,20.66,303.44,8.95
1975-01-10,5.28,0.38,5.41,0.92,3.68,0.53,4.85,8.72,319.70,4.98
1975-01-11,1.24,0.00,6.37,2.50,10.00,0.01,5.99,21.28,314.79,7.21
1975-01-12,9.43,0.65,7.51,2.60,10.40,0.94,5.70,17.39,326.93,9.04
1975-01-13,3.20,1.18,6.08,4.46,17.80,1.53,4.48,16.92,318.96,9.62
1975-01-14,1.51,0.17,6.26,2.63,10.50,0.33,5.84,16.78,324.14,10.14
1975-01-15,2.87,0.46,5.97,1.90,7.58,0.71,5.24,9.50,323.08,8.21
1975-01-16,3.11,0.25,2.24,1.58,6.31,0.37,3.77,34.87,270.17,4.54
1975-01-17,0.37,0.13,0.96,1.47,5.88,0.19,3.75,21.89,289.05,3.79
1975-01-18,0.02,0.13,0.73,1.17,4.66,0.14,3.50,31.67,271.11,3.51
1975-01-19,5.46,0.75,1.40,1.52,6.09,0.99,3.01,21.42,288.71,5.37
1975-01-20,0.34,0.00,0.95,2.65,10.60,0.00,4.11,34.40,273.18,7.30
1975-01-21,7.48,0.71,4.33,1.32,5.27,0.97,4.08,36.50,281.81,6.88
1975-01-22,10.15,0.00,4.91,8.01,32.00,0.00,6.18,23.14,313.65,11.38
1975-01-23,6.26,0.66,1.53,5.98,23.90,1.04,3.62,28.83,283.83,12.14
1975-01-24,11.47,0.79,3.50,3.63,14.50,1.09,3.86,32.58,287.29,7.92
1975-01-25,6.72,0.00,4.06,15.02,60.00,0.00,5.60,25.26,308.15,9.29
1975-01-26,15.14,0.77,2.05,5.91,23.60,1.05,3.41,21.71,298.24,6.80
1975-01-27,9.36,0.00,2.41,14.22,56.80,0.00,4.93,15.39,307.60,5.11
1975-01-28,2.82,0.44,0.89,4.25,17.00,0.72,3.60,26.59,289.16,8.63
1975-01-29,10.55,1.06,3.65,3.40,13.60,1.30,3.05,35.91,283.08,5.07
1975-01-30,11.13,0.00,4.31,8.81,35.20,0.00,5.79,48.89,283.99,8.47
1975-01-31,2.77,0.08,6.20,11.14,44.50,0.14,5.90,33.23,311.67,7.19
1975-02-01,0.11,0.00,6.16,3.13,12.50,0.00,6.05,25.58,322.78,5.57
1975-02-02,0.04,0.16,5.45,1.91,7.65,0.17,4.72,60.48,278.28,1.96
1975-02-03,0.00,0.12,3.19,1.41,5.64,0.12,4.50,38.29,294.33,2.63
1975-02-04,0.00,0.30,1.87,1.17,4.68,0.30,3.79,35.77,289.72,3.64
1975-02-05,0.00,0.36,0.47,0.97,3.88,0.37,3.22,36.06,281.92,3.41
1975-02-06,0.00,0.36,0.97,0.85,3.39,0.36,3.42,44.11,277.59,3.77
1975-02-07,0.00,0.34,1.53,0.75,3.01,0.34,3.64,45.76,280.13,3.76
1975-02-08,0.00,0.33,1.67,0.69,2.74,0.33,3.67,44.43,283.05,3.41
1975-02-09,0.00,0.26,0.32,0.65,2.60,0.26,3.41,45.66,276.63,3.15
1975-02-10,1.76,0.18,-0.34,0.62,2.46,0.23,3.22,33.44,285.38,1.84
1975-02-11,0.68,0.07,0.72,0.67,2.66,0.09,4.00,30.59,296.45,1.83
1975-02-12,8.07,0.00,2.72,1.20,4.79,0.00,4.89,17.21,308.74,2.66
1975-02-13,10.37,0.06,3.50,5.91,23.60,0.09,4.74,17.59,311.52,3.12
1975-02-14,0.61,0.10,1.84,3.70,14.80,0.15,4.14,19.23,302.80,3.35
1975-02-15,0.01,0.36,2.12,1.77,7.06,0.38,3.93,41.30,294.77,3.70
1975-02-16,6.01,1.34,3.82,1.41,5.64,1.66,3.40,35.06,304.79,7.78
1975-02-17,0.09,0.00,4.78,2.58,10.30,0.12,6.07,59.63,299.85,8.10
1975-02-18,0.00,0.59,3.61,1.36,5.42,0.59,3.95,79.47,271.87,3.47
1975-02-19,0.01,0.59,0.97,0.93,3.71,0.60,3.05,83.37,255.52,3.14
1975-02-20,0.23,0.12,1.27,0.83,3.30,0.18,4.06,20.43,300.32,5.65
1975-02-21,0.01,0.61,3.54,0.73,2.93,0.63,3.95,69.86,282.57,3.54
1975-02-22,0.11,0.54,1.75,0.64,2.55,0.61,3.44,81.14,266.24,2.93
1975-02-23,0.09,0.29,3.90,0.61,2.45,0.36,4.81,52.96,302.22,3.29
1975-02-24,3.30,0.25,5.33,0.59,2.36,0.30,5.45,49.96,312.63,2.14
1975-02-25,0.00,0.42,4.45,1.02,4.08,0.42,4.87,59.84,301.34,4.56
1975-02-26,0.00,0.74,4.05,0.73,2.91,0.74,4.13,70.17,290.31,4.36
1975-02-27,0.00,0.58,1.69,0.58,2.33,0.58,3.15,92.92,261.77,1.96
1975-02-28,0.00,0.60,0.31,0.54,2.16,0.60,3.02,77.55,267.65,3.07
1975-03-01,3.04,0.29,1.71,0.61,2.44,0.38,3.69,24.51,300.39,2.87
1975-03-02,0.60,0.40,4.77,0.73,2.91,0.54,5.11,59.52,307.82,4.19
1975-03-03,1.85,0.46,4.90,0.73,2.92,0.58,4.95,55.77,310.72,3.17
1975-03-04,0.39,0.59,4.89,0.75,2.99,0.67,4.60,79.01,296.34,2.15
1975-03-05,0.26,0.65,3.94,0.61,2.43,0.71,4.26,99.64,280.25,2.06
1975-03-06,4.75,0.74,3.98,0.69,2.75,0.98,4.33,60.70,303.89,5.78
1975-03-07,2.10,0.95,5.05,1.31,5.23,1.21,4.65,108.91,283.03,6.28
1975-03-08,0.66,0.94,4.40,0.95,3.81,1.11,4.12,99.97,283.85,3.87
1975-03-09,0.67,0.81,2.41,0.68,2.71,0.95,3.51,109.38,269.43,2.59
1975-03-10,14.12,0.48,2.06,3.50,14.00,0.76,4.14,59.95,298.48,8.36
1975-03-11,0.12,0.52,3.34,2.70,10.80,0.72,4.56,67.33,301.86,9.01
1975-03-12,0.02,0.73,3.38,1.11,4.44,0.77,4.22,61.25,304.29,6.38
1975-03-13,0.00,0.98,2.71,0.78,3.11,0.98,3.51,73.96,292.39,4.81
1975-03-14,0.17,0.96,1.54,0.63,2.53,1.08,3.09,72.06,287.14,4.34
1975-03-15,2.51,0.62,2.22,0.61,2.44,0.87,4.09,81.05,291.38,6.65
1975-03-16,1.12,0.93,0.69,0.63,2.50,1.19,3.13,95.09,274.47,5.43
1975-03-17,1.16,0.77,1.74,0.61,2.44,1.01,3.70,88.64,285.35,5.31
1975-03-18,0.05,0.93,1.75,0.60,2.38,1.02,3.45,103.88,277.53,4.46
1975-03-19,1.18,1.03,1.74,0.53,2.13,1.32,3.45,104.20,278.13,6.53
1975-03-20,0.02,1.35,4.00,0.52,2.07,1.41,4.09,171.32,260.18,6.48
1975-03-21,13.04,0.83,2.70,1.57,6.27,1.06,3.78,60.81,304.31,4.96
1975-03-22,0.32,1.00,4.20,2.85,11.40,1.19,4.32,101.29,295.05,5.25
1975-03-23,0.17,1.00,3.95,1.22,4.86,1.19,4.28,109.95,290.85,5.13
1975-03-24,0.04,1.36,3.28,0.78,3.10,1.44,3.51,100.98,288.86,6.56
1975-03-25,0.75,0.82,2.26,0.61,2.44,1.06,3.76,69.47,300.42,5.47
1975-03-26,1.74,1.25,1.07,0.57,2.28,1.53,3.06,140.96,262.89,5.53
1975-03-27,0.48,0.99,0.02,0.53,2.11,1.28,3.08,120.20,268.81,6.31
1975-03-28,1.77,1.34,0.43,0.49,1.96,1.63,2.80,145.02,258.82,6.03
1975-03-29,0.12,1.29,1.75,0.48,1.92,1.48,3.29,126.57,274.78,7.28
1975-03-30,0.47,1.34,1.58,0.44,1.76,1.61,3.33,175.71,256.12,5.59
1975-03-31,0.07,0.94,2.35,0.42,1.66,1.01,3.70,85.08,296.78,5.19
1975-04-01,5.12,1.05,3.53,0.40,1.60,1.32,4.00,84.74,303.54,6.06
1975-04-02,2.62,1.48,2.97,0.59,2.35,1.79,3.58,147.93,276.19,7.25
1975-04-03,4.00,1.13,1.97,0.74,2.97,1.47,3.69,143.07,276.04,8.29
1975-04-04,1.86,1.24,1.86,0.94,3.74,1.49,3.47,147.99,273.17,5.09
1975-04-05,2.86,1.32,1.29,0.85,3.40,1.60,3.25,161.51,265.79,5.80
1975-04-06,1.23,1.40,3.24,1.02,4.09,1.64,3.65,143.84,281.76,4.73
1975-04-07,0.28,1.46,3.86,1.02,4.08,1.80,4.13,172.66,277.28,10.25
1975-04-08,0.86,0.98,0.86,0.69,2.76,1.37,3.18,44.59,294.51,10.89
1975-04-09,0.24,1.48,0.55,0.49,1.97,1.75,2.99,190.09,254.64,7.45
1975-04-10,1.30,0.98,1.19,0.49,1.97,1.19,3.17,87.22,292.75,3.80
1975-04-11,2.07,1.21,4.91,0.53,2.13,1.45,4.62,128.96,300.57,5.00
1975-04-12,2.43,1.17,6.83,0.57,2.27,1.42,5.34,103.04,319.59,5.62
1975-04-13,0.80,0.89,6.97,0.59,2.37,1.06,5.68,83.60,327.56,3.66
1975-04-14,6.46,0.88,6.79,1.49,5.94,1.06,5.74,92.40,324.43,3.98
1975-04-15,0.23,0.91,6.59,1.49,5.97,1.06,5.77,104.96,320.12,3.59
1975-04-16,6.17,1.14,6.69,0.84,3.34,1.29,5.16,101.08,320.50,2.94
1975-04-17,0.46,1.12,8.86,2.23,8.91,1.29,6.54,109.96,330.38,3.87
1975-04-18,4.47,2.14,9.09,1.05,4.18,2.32,5.87,215.69,297.49,3.43
1975-04-19,3.25,0.92,7.25,2.68,10.70,1.11,6.12,108.18,323.94,4.24
1975-04-20,3.06,1.67,6.81,2.15,8.58,1.94,4.97,148.21,307.21,6.23
1975-04-21,3.33,0.89,8.44,2.32,9.25,1.07,6.56,90.23,335.42,4.08
1975-04-22,0.09,1.13,9.95,1.99,7.96,1.20,7.07,104.74,338.81,2.49
1975-04-23,0.05,2.47,11.01,1.02,4.07,2.52,6.68,233.96,305.48,2.35
1975-04-24,0.07,1.74,11.08,0.70,2.78,1.78,7.03,153.34,330.63,2.43
1975-04-25,0.11,1.54,11.54,0.61,2.44,1.63,7.81,143.09,337.09,2.61
1975-04-26,0.00,2.40,11.82,0.52,2.07,2.40,6.81,202.00,319.92,3.23
1975-04-27,0.06,2.67,8.07,0.43,1.73,2.71,4.37,216.48,291.37,4.95
1975-04-28,2.07,1.45,6.04,0.38,1.53,1.69,4.60,111.32,316.52,4.88
1975-04-29,0.93,2.84,6.40,0.38,1.52,3.15,3.90,255.12,272.37,7.82
1975-04-30,5.65,2.40,5.12,0.35,1.38,2.69,3.79,238.87,272.97,6.37
1975-05-01,3.75,2.17,6.90,0.59,2.34,2.49,4.79,205.23,295.98,8.06
1975-05-02,0.08,2.34,6.91,0.47,1.89,2.45,4.53,204.01,295.48,7.59
1975-05-03,0.00,2.52,6.31,0.36,1.42,2.52,4.31,258.17,277.79,4.23
1975-05-04,0.00,2.33,6.00,0.32,1.26,2.33,4.73,258.73,279.67,2.48
1975-05-05,0.00,2.75,7.07,0.28,1.12,2.75,4.73,291.12,274.98,3.60
1975-05-06,0.00,2.12,6.25,0.26,1.05,2.12,4.89,241.14,286.88,5.29
1975-05-07,4.49,1.52,6.38,0.26,1.04,1.83,5.43,196.81,301.42,7.80
1975-05-08,8.52,0.79,5.88,0.54,2.17,1.06,5.61,104.95,322.59,7.22
1975-05-09,2.06,0.85,6.83,1.32,5.26,1.05,6.10,107.20,327.09,4.71
1975-05-10,7.24,0.59,7.40,1.67,6.69,0.72,6.02,59.83,330.75,3.38
1975-05-11,0.49,2.45,6.69,1.71,6.83,2.63,4.46,237.84,288.93,4.27
1975-05-12,4.50,0.84,5.92,0.89,3.57,1.01,4.98,67.03,322.19,3.84
1975-05-13,19.77,1.35,7.97,4.46,17.80,1.48,6.33,139.92,325.40,2.53
1975-05-14,2.86,1.04,6.06,6.68,26.70,1.33,5.37,109.04,322.79,6.92
1975-05-15,0.00,2.21,5.11,1.93,7.71,2.21,3.94,219.83,286.43,3.79
1975-05-16,0.00,2.46,6.65,0.94,3.75,2.46,4.76,255.36,287.76,3.29
1975-05-17,0.00,2.41,6.65,0.62,2.49,2.41,5.12,268.29,286.88,3.53
1975-05-18,0.00,2.76,8.37,0.48,1.93,2.76,5.50,275.91,293.04,2.87
1975-05-19,0.00,3.39,10.54,0.41,1.65,3.39,6.00,312.21,294.33,3.33
1975-05-20,0.05,2.89,10.83,0.36,1.45,2.93,6.13,245.24,312.70,3.77
1975-05-21,0.00,2.99,7.79,0.35,1.39,2.99,4.79,292.53,284.23,3.72
1975-05-22,0.00,2.82,6.35,0.32,1.27,2.82,3.85,254.28,283.50,4.82
1975-05-23,0.00,3.38,6.53,0.29,1.16,3.38,3.77,331.20,264.47,4.75
1975-05-24,0.01,2.04,5.98,0.28,1.11,2.06,4.22,158.45,308.28,6.43
1975-05-25,0.00,2.20,7.49,0.27,1.09,2.20,5.58,249.73,298.48,5.99
1975-05-26,0.00,2.13,6.84,0.27,1.06,2.13,5.15,230.82,298.88,5.86
1975-05-27,0.00,2.28,7.75,0.25,1.01,2.28,5.40,232.51,303.05,6.18
1975-05-28,0.00,2.31,7.52,0.24,0.95,2.31,5.33,239.39,300.52,5.16
1975-05-29,0.00,1.11,6.13,0.24,0.96,1.11,5.44,118.25,322.90,4.96
1975-05-30,0.00,2.48,4.80,0.24,0.94,2.49,3.68,240.50,282.32,5.71
1975-05-31,0.04,2.35,5.02,0.23,0.91,2.42,3.94,236.87,285.71,4.90
1975-06-01,3.31,2.36,5.78,0.21,0.85,2.60,3.92,207.10,294.41,4.82
1975-06-02,17.22,1.53,3.49,0.91,3.65,1.85,4.11,182.57,293.19,7.62
1975-06-03,2.23,1.67,5.11,1.01,4.05,1.96,4.61,181.92,301.77,6.71
1975-06-04,6.01,1.98,6.15,0.52,2.07,2.15,5.21,220.23,299.35,3.10
1975-06-05,0.19,2.06,12.08,0.73,2.91,2.22,6.80,123.73,350.81,4.54
1975-06-06,0.00,3.58,15.32,0.51,2.03,3.58,9.05,294.37,330.16,4.14
1975-06-07,0.00,4.25,17.09,0.31,1.24,4.25,8.44,283.42,337.74,4.33
1975-06-08,0.00,3.92,14.85,0.24,0.97,3.92,8.78,329.86,320.03,3.01
1975-06-09,0.00,3.84,12.73,0.21,0.85,3.84,7.19,335.30,304.81,2.94
1975-06-10,0.00,3.60,12.63,0.20,0.80,3.60,7.51,319.58,309.69,2.73
1975-06-11,0.00,4.08,15.35,0.19,0.75,4.08,8.53,325.64,322.14,2.87
1975-06-12,0.01,3.43,15.63,0.18,0.73,3.44,9.03,266.33,338.03,3.64
1975-06-13,0.13,2.57,11.68,0.17,0.70,2.72,6.15,158.91,339.81,5.08
1975-06-14,0.12,3.69,12.88,0.18,0.71,3.82,6.15,243.80,323.73,6.55
1975-06-15,0.30,2.54,9.64,0.18,0.70,2.66,5.70,212.30,317.19,4.10
1975-06-16,7.88,2.04,9.15,0.21,0.82,2.21,6.20,188.33,322.40,3.54
1975-06-17,4.74,2.50,9.55,0.45,1.80,2.66,6.31,238.37,312.91,3.12
1975-06-18,0.42,1.94,11.07,0.40,1.59,2.08,6.89,144.30,342.06,5.99
1975-06-19,0.30,2.98,13.89,0.26,1.03,3.11,7.27,165.72,350.37,7.52
1975-06-20,0.00,2.35,15.25,0.23,0.90,2.35,8.72,149.40,361.67,4.13
1975-06-21,0.00,2.98,13.04,0.20,0.79,2.98,7.84,254.82,327.41,4.01
1975-06-22,0.00,3.27,13.40,0.18,0.71,3.27,7.62,267.13,325.40,2.82
1975-06-23,0.00,3.34,14.75,0.17,0.66,3.35,8.56,266.86,333.43,2.88
1975-06-24,0.01,2.78,13.81,0.17,0.68,2.79,8.13,219.67,338.98,3.40
1975-06-25,0.00,4.27,14.82,0.16,0.62,4.27,8.00,346.02,313.72,3.80
1975-06-26,0.00,3.46,13.33,0.15,0.60,3.46,6.94,255.60,325.47,5.15
1975-06-27,0.00,2.71,9.71,0.15,0.61,2.71,5.04,183.96,321.89,5.04
1975-06-28,0.00,3.21,9.13,0.15,0.58,3.21,4.96,283.42,294.40,3.57
1975-06-29,0.00,3.79,10.45,0.14,0.57,3.79,5.39,337.56,287.64,3.06
1975-06-30,0.00,3.66,12.47,0.14,0.57,3.66,7.11,320.65,307.18,3.05
1975-07-01,0.00,3.41,14.61,0.14,0.56,3.41,8.15,267.18,330.08,3.74
1975-07-02,0.00,4.28,15.25,0.14,0.55,4.28,7.55,324.21,316.16,3.53
1975-07-03,0.26,2.37,15.44,0.14,0.56,2.44,8.48,154.59,360.66,2.64
1975-07-04,0.51,2.00,13.49,0.14,0.56,2.15,8.31,151.65,351.97,3.57
1975-07-05,0.00,3.67,13.04,0.14,0.57,3.67,7.02,307.93,309.66,2.35
1975-07-06,0.00,3.73,14.16,0.14,0.55,3.73,7.95,309.24,317.08,2.56
1975-07-07,0.00,2.95,13.62,0.13,0.53,2.95,8.15,247.52,330.06,3.53
1975-07-08,3.37,1.99,12.25,0.13,0.54,2.18,7.23,134.76,349.12,4.35
1975-07-09,3.63,1.64,13.26,0.16,0.65,1.75,8.59,131.20,355.10,2.30
1975-07-10,10.00,1.51,14.40,0.18,0.70,1.67,9.54,122.46,361.95,3.82
1975-07-11,4.65,2.07,15.46,0.25,1.00,2.23,9.54,150.33,361.14,3.95
1975-07-12,0.70,2.12,14.47,0.22,0.89,2.28,8.30,137.18,359.23,3.64
1975-07-13,0.51,1.71,15.76,0.18,0.74,1.84,10.03,125.78,367.36,3.39
1975-07-14,13.63,1.84,16.43,0.31,1.24,2.00,11.13,160.16,362.77,4.03
1975-07-15,10.20,2.11,14.87,0.65,2.59,2.35,9.08,144.98,359.12,6.73
1975-07-16,0.03,2.57,14.98,0.64,2.56,2.60,8.73,183.17,350.51,4.84
1975-07-17,2.91,1.94,13.67,0.28,1.10,2.05,8.82,161.35,349.47,2.52
1975-07-18,3.47,2.25,14.53,0.34,1.36,2.32,9.35,187.05,347.82,2.00
1975-07-19,1.78,2.39,14.63,0.37,1.48,2.53,9.06,193.62,346.35,3.02
1975-07-20,1.21,2.37,15.89,0.23,0.92,2.54,9.87,183.76,354.69,4.05
1975-07-21,2.34,2.62,12.49,0.20,0.81,2.86,6.93,179.45,336.62,6.26
1975-07-22,5.42,1.65,14.29,0.20,0.79,1.91,9.08,114.88,362.19,7.35
1975-07-23,1.76,3.12,12.94,0.44,1.77,3.36,6.80,222.48,326.22,6.02
1975-07-24,2.46,2.15,10.57,0.28,1.13,2.41,6.66,187.10,325.32,6.24
1975-07-25,0.06,2.53,11.87,0.21,0.86,2.63,6.38,172.20,333.67,4.76
1975-07-26,0.08,2.00,15.67,0.19,0.76,2.04,9.48,135.41,363.52,4.20
1975-07-27,0.03,3.63,16.46,0.17,0.68,3.65,9.22,281.65,331.02,3.27
1975-07-28,0.57,3.35,16.31,0.16,0.62,3.49,9.15,255.39,336.39,3.24
1975-07-29,0.03,2.68,17.59,0.15,0.60,2.71,9.71,151.59,368.38,4.72
1975-07-30,1.25,2.22,15.95,0.15,0.59,2.35,9.32,153.84,359.62,3.15
1975-07-31,0.02,2.55,12.75,0.15,0.59,2.57,7.76,222.77,325.74,3.41
1975-08-01,0.00,3.22,16.34,0.15,0.59,3.22,8.43,220.86,341.21,3.45
1975-08-02,0.00,3.93,17.63,0.15,0.58,3.93,9.38,295.60,328.36,2.89
1975-08-03,0.00,3.77,18.86,0.14,0.57,3.77,10.61,277.04,341.76,2.76
1975-08-04,0.02,4.08,19.70,0.13,0.54,4.10,10.54,273.07,345.30,4.02
1975-08-05,0.10,2.22,18.82,0.13,0.53,2.28,11.69,155.62,371.15,3.35
1975-08-06,0.06,2.48,18.84,0.13,0.53,2.50,11.29,173.57,366.88,2.73
1975-08-07,0.88,3.15,19.36,0.13,0.52,3.19,11.11,222.80,356.84,2.56
1975-08-08,0.46,2.46,18.71,0.13,0.51,2.54,11.32,177.27,364.85,2.57
1975-08-09,0.00,2.74,18.92,0.13,0.52,2.74,11.75,206.74,358.92,2.93
1975-08-10,0.00,2.38,17.36,0.13,0.51,2.38,11.15,194.50,353.89,2.67
1975-08-11,0.00,2.56,17.08,0.12,0.49,2.56,10.80,210.31,348.11,2.57
1975-08-12,0.23,2.69,17.64,0.12,0.48,2.72,10.61,211.19,349.48,1.96
1975-08-13,19.99,2.01,17.18,0.24,0.94,2.10,10.67,157.55,360.66,1.87
1975-08-14,24.99,1.40,16.49,2.45,9.80,1.49,10.59,108.15,369.37,2.17
1975-08-15,4.95,2.38,15.75,0.81,3.25,2.52,9.22,181.99,345.57,3.22
1975-08-16,0.99,2.37,13.74,0.47,1.87,2.60,7.82,162.57,339.72,6.22
1975-08-17,0.00,2.02,12.35,0.27,1.07,2.02,7.07,148.04,336.33,3.87
1975-08-18,0.14,2.32,12.51,0.21,0.86,2.38,6.90,188.87,323.07,2.81
1975-08-19,6.45,0.72,13.27,0.21,0.86,0.87,8.69,51.72,358.92,3.96
1975-08-20,0.34,3.04,15.33,0.26,1.04,3.15,8.12,189.31,336.68,7.46
1975-08-21,0.68,2.87,13.39,0.23,0.91,3.06,6.91,208.69,318.08,5.08
1975-08-22,0.03,1.77,12.55,0.20,0.79,1.81,7.62,132.29,341.14,4.77
1975-08-23,0.05,2.15,10.27,0.18,0.72,2.22,5.44,164.86,314.27,3.32
1975-08-24,0.02,2.07,13.15,0.17,0.68,2.09,7.37,149.61,336.69,3.78
1975-08-25,0.00,2.05,13.10,0.16,0.63,2.05,8.21,190.80,324.71,2.99
1975-08-26,0.00,2.41,17.51,0.15,0.61,2.41,9.52,150.57,358.04,3.63
1975-08-27,0.00,2.07,19.66,0.15,0.60,2.07,11.95,146.84,370.21,2.69
1975-08-28,0.01,2.24,17.78,0.15,0.60,2.24,10.57,168.89,353.82,2.95
1975-08-29,48.80,1.09,13.57,11.44,45.70,1.27,9.17,99.22,354.28,4.48
1975-08-30,4.30,0.68,12.15,11.06,44.20,0.88,8.22,46.18,353.72,6.25
1975-08-31,0.12,2.19,12.00,1.58,6.33,2.26,7.01,201.68,308.53,3.43
1975-09-01,0.00,2.41,13.71,0.64,2.54,2.41,7.72,213.29,311.54,3.26
1975-09-02,0.00,2.00,14.53,0.41,1.64,2.00,8.75,169.04,333.10,3.93
1975-09-03,0.00,1.96,12.08,0.31,1.25,1.96,7.03,167.18,318.45,3.71
1975-09-04,0.01,1.44,10.65,0.26,1.05,1.47,6.70,109.87,332.88,4.66
1975-09-05,1.24,1.14,12.05,0.24,0.96,1.30,7.78,86.06,348.85,3.90
1975-09-06,3.48,0.86,12.22,0.24,0.95,0.98,8.31,75.67,353.06,2.86
1975-09-07,0.81,1.20,12.11,0.24,0.97,1.34,7.33,80.30,350.28,3.04
1975-09-08,3.41,0.49,13.09,0.24,0.97,0.66,9.20,49.50,357.62,6.49
1975-09-09,9.22,1.63,13.18,0.50,2.00,1.87,7.75,89.56,351.04,6.17
1975-09-10,3.03,1.73,11.86,0.86,3.45,1.95,7.17,145.93,321.05,5.03
1975-09-11,10.23,1.35,9.49,0.70,2.81,1.52,6.25,127.60,315.76,3.68
1975-09-12,9.54,0.90,8.43,4.33,17.30,1.15,6.32,83.01,329.36,6.37
1975-09-13,0.00,1.78,8.62,1.57,6.26,1.78,5.46,166.33,291.07,5.87
1975-09-14,0.00,1.64,7.53,0.67,2.68,1.64,4.96,120.96,304.06,6.94
1975-09-15,0.00,1.91,8.56,0.44,1.74,1.91,4.90,157.04,290.02,4.83
1975-09-16,0.20,1.45,10.35,0.34,1.36,1.56,6.37,125.52,316.54,3.93
1975-09-17,7.30,1.33,12.17,0.30,1.18,1.54,7.46,90.02,341.76,5.08
1975-09-18,0.60,0.92,10.66,0.50,2.00,1.08,7.17,76.81,340.02,3.79
1975-09-19,1.04,1.08,7.99,0.50,2.00,1.28,5.78,109.45,310.48,4.29
1975-09-20,1.61,2.29,11.49,0.38,1.52,2.57,6.09,146.62,305.88,7.63
1975-09-21,0.08,1.87,10.66,0.31,1.24,1.99,5.99,144.53,302.46,5.63
1975-09-22,4.48,1.43,11.56,0.26,1.04,1.72,7.09,66.65,346.67,8.44
1975-09-23,1.62,2.08,12.23,0.41,1.64,2.38,6.81,129.99,316.76,8.46
1975-09-24,14.77,1.23,10.03,1.94,7.76,1.53,6.51,57.50,342.61,8.64
1975-09-25,2.57,0.76,11.04,2.75,11.00,0.99,7.69,63.96,344.44,6.74
1975-09-26,1.26,1.47,8.15,1.17,4.67,1.72,5.31,132.41,291.14,5.92
1975-09-27,20.51,0.32,5.31,7.36,29.40,0.48,5.29,31.23,320.43,6.08
1975-09-28,0.00,1.51,7.51,2.70,10.80,1.51,4.73,126.54,286.70,5.12
1975-09-29,6.17,0.75,11.14,1.87,7.46,0.96,7.74,70.36,339.62,5.88
1975-09-30,4.60,0.50,9.46,1.96,7.82,0.61,7.09,56.78,337.98,3.11
1975-10-01,2.04,1.21,9.19,2.16,8.63,1.46,5.97,86.30,317.39,6.14
1975-10-02,9.31,0.90,10.10,2.05,8.21,1.08,6.73,76.64,327.86,4.41
1975-10-03,1.23,2.03,9.95,2.85,11.40,2.32,5.28,118.02,295.79,7.63
1975-10-04,5.40,0.68,10.50,2.17,8.68,0.93,7.16,27.64,345.83,7.79
1975-10-05,0.36,1.33,12.46,1.82,7.26,1.56,7.70,74.98,338.33,8.80
1975-10-06,0.00,1.46,10.52,0.99,3.97,1.46,6.00,75.08,325.33,5.81
1975-10-07,0.00,0.99,8.33,0.67,2.67,0.99,5.45,116.84,286.78,3.22
1975-10-08,3.19,0.73,6.93,0.55,2.18,0.86,5.01,61.42,314.93,2.83
1975-10-09,3.15,0.28,7.84,0.70,2.79,0.35,6.64,48.54,330.13,2.54
1975-10-10,0.89,0.87,7.20,0.91,3.65,1.09,5.34,70.40,309.43,5.37
1975-10-11,0.13,0.69,6.69,0.68,2.70,0.74,4.98,64.41,309.37,2.85
1975-10-12,0.07,0.53,5.70,0.56,2.23,0.56,4.56,63.18,303.87,1.79
1975-10-13,0.62,0.50,5.00,0.49,1.97,0.58,4.52,61.87,301.16,2.08
1975-10-14,0.04,0.58,5.19,0.47,1.89,0.61,4.52,71.72,293.71,2.57
1975-10-15,1.01,0.49,6.60,0.43,1.71,0.61,5.48,61.34,309.52,3.30
1975-10-16,1.32,0.42,5.97,0.43,1.70,0.52,5.24,50.87,313.21,2.82
1975-10-17,0.16,0.59,6.61,0.49,1.94,0.66,5.19,79.02,293.16,3.22
1975-10-18,0.00,0.41,5.07,0.42,1.69,0.41,4.35,62.26,295.62,1.59
1975-10-19,0.01,0.47,6.12,0.38,1.53,0.49,5.25,83.05,286.23,3.40
1975-10-20,0.00,0.61,8.02,0.35,1.38,0.61,5.86,44.65,325.06,4.39
1975-10-21,0.09,0.65,7.53,0.32,1.29,0.74,5.61,38.35,326.93,4.87
1975-10-22,0.06,0.53,7.92,0.30,1.21,0.56,6.05,35.71,331.09,5.34
1975-10-23,4.84,1.23,9.73,0.29,1.16,1.47,5.61,42.14,331.45,5.56
1975-10-24,0.08,0.72,10.91,0.42,1.67,0.83,7.04,61.96,321.54,4.95
1975-10-25,0.00,0.61,11.74,0.40,1.58,0.61,7.78,47.65,337.74,5.42
1975-10-26,0.00,0.60,9.21,0.34,1.36,0.60,6.26,46.90,323.95,4.19
1975-10-27,0.00,0.44,9.09,0.31,1.24,0.44,6.37,37.86,331.27,3.17
1975-10-28,0.00,0.76,8.71,0.28,1.13,0.76,5.22,83.64,280.54,3.57
1975-10-29,0.00,0.51,7.95,0.26,1.04,0.51,5.44,54.97,305.61,3.03
1975-10-30,0.41,0.32,8.85,0.25,1.01,0.42,6.71,36.41,329.90,4.80
1975-10-31,0.06,0.37,9.72,0.26,1.03,0.44,7.07,28.54,341.09,5.06
1975-11-01,3.25,0.30,7.13,0.28,1.13,0.37,5.67,39.02,316.01,2.92
1975-11-02,1.85,0.56,6.89,0.40,1.61,0.73,5.23,49.68,301.06,4.72
1975-11-03,0.01,0.95,7.18,0.36,1.43,0.96,4.73,60.45,286.47,5.73
1975-11-04,2.66,0.72,7.35,0.33,1.31,0.98,5.49,29.64,324.32,7.03
1975-11-05,0.20,0.40,7.06,0.42,1.68,0.49,5.57,31.49,320.40,4.14
1975-11-06,0.00,0.49,6.03,0.37,1.48,0.49,4.91,56.43,284.02,4.95
1975-11-07,0.00,0.47,4.64,0.31,1.24,0.47,4.03,40.13,292.67,3.06
1975-11-08,0.00,0.29,4.56,0.28,1.12,0.29,4.09,56.88,271.22,2.65
1975-11-09,1.82,0.19,3.80,0.28,1.10,0.27,4.68,32.90,299.66,4.22
1975-11-10,3.64,0.36,4.22,0.42,1.68,0.51,4.61,25.70,309.29,4.96
1975-11-11,0.12,0.16,3.61,0.55,2.18,0.20,4.65,25.44,306.61,3.76
1975-11-12,0.04,0.43,3.98,0.42,1.68,0.46,4.20,22.53,309.61,3.65
1975-11-13,0.00,0.35,3.80,0.36,1.44,0.35,3.97,34.36,290.76,3.08
1975-11-14,0.54,0.14,1.24,0.32,1.26,0.19,3.76,26.64,290.02,2.92
1975-11-15,8.01,0.01,4.48,0.50,1.99,0.02,5.14,11.52,316.60,3.43
1975-11-16,3.54,0.48,3.65,2.50,10.00,0.78,4.46,11.28,311.24,10.35
1975-11-17,0.03,1.17,2.83,1.18,4.72,1.26,3.41,34.04,280.49,11.27
1975-11-18,2.34,1.34,4.70,0.67,2.68,1.60,2.94,38.46,275.47,5.67
1975-11-19,1.66,0.00,5.98,0.83,3.31,0.00,6.86,21.11,321.42,8.26
1975-11-20,0.00,0.97,4.50,0.94,3.77,0.97,3.66,32.66,286.87,6.11
1975-11-21,0.00,0.29,0.91,0.61,2.45,0.29,3.08,48.32,246.28,3.76
1975-11-22,0.39,0.39,2.96,0.50,2.00,0.48,3.69,25.70,291.03,3.51
1975-11-23,2.71,0.00,4.43,0.52,2.08,0.00,5.64,17.66,316.19,7.11
1975-11-24,0.65,0.29,5.95,0.60,2.40,0.42,5.24,26.35,306.48,5.29
1975-11-25,1.48,0.09,6.99,0.62,2.48,0.13,6.05,22.01,319.41,4.85
1975-11-26,6.83,0.22,1.57,0.65,2.58,0.32,3.41,40.26,257.23,3.82
1975-11-27,4.36,0.00,3.02,2.63,10.50,0.00,4.85,19.17,303.88,8.59
1975-11-28,0.08,0.53,2.87,1.78,7.11,0.62,3.63,34.03,271.22,5.66
1975-11-29,0.00,0.31,1.09,0.96,3.84,0.31,3.38,35.37,260.66,5.12
1975-11-30,1.41,0.28,0.45,0.70,2.79,0.42,3.23,28.79,268.10,4.52
1975-12-01,14.25,0.20,1.80,3.70,14.80,0.30,3.94,8.56,301.86,4.89
1975-12-02,5.44,0.12,2.32,6.28,25.10,0.24,4.37,18.32,298.30,8.31
1975-12-03,0.01,1.09,3.29,2.07,8.26,1.11,3.15,20.04,291.55,6.46
1975-12-04,0.05,0.16,5.23,1.25,5.00,0.20,5.31,16.09,316.14,6.57
1975-12-05,0.00,0.24,8.51,0.98,3.92,0.24,6.36,27.75,309.14,6.58
1975-12-06,0.00,0.17,6.27,0.80,3.20,0.18,5.12,27.98,295.08,3.88
1975-12-07,0.00,0.18,6.42,0.69,2.77,0.18,5.66,21.57,309.76,6.63
1975-12-08,0.00,0.34,2.30,0.60,2.39,0.34,3.25,36.65,252.77,4.04
1975-12-09,0.08,0.02,3.24,0.55,2.19,0.02,4.57,26.54,283.17,4.75
1975-12-10,0.02,0.06,5.58,0.54,2.15,0.07,5.07,22.58,301.22,2.94
1975-12-11,0.16,0.00,3.34,0.50,2.00,0.00,4.87,16.04,305.10,3.69
1975-12-12,0.11,0.49,2.04,0.47,1.89,0.63,3.66,21.82,282.53,7.07
1975-12-13,0.17,0.58,-0.11,0.39,1.55,0.75,2.71,24.56,262.78,5.58
1975-12-14,0.00,0.00,1.28,0.41,1.62,0.00,4.43,16.41,294.23,3.98
1975-12-15,0.00,0.12,2.31,0.39,1.56,0.12,3.89,17.48,293.27,2.83
1975-12-16,0.55,0.00,4.05,0.42,1.67,0.00,5.17,17.86,303.95,5.20
1975-12-17,2.21,0.60,0.94,0.41,1.63,0.85,3.06,24.15,268.88,6.27
1975-12-18,0.67,0.27,2.07,0.41,1.65,0.39,3.86,14.13,299.25,4.48
1975-12-19,0.03,0.00,3.42,0.55,2.18,0.00,4.61,22.94,288.76,2.77
1975-12-20,0.33,0.09,4.22,0.48,1.92,0.12,4.90,14.79,310.01,4.49
1975-12-21,0.00,0.51,5.48,0.42,1.69,0.51,4.93,13.59,317.92,7.22
1975-12-22,0.12,0.40,6.27,0.38,1.52,0.48,5.21,18.21,311.69,6.10
1975-12-23,1.72,0.71,6.28,0.37,1.48,0.97,4.99,13.75,321.16,7.52
1975-12-24,2.11,0.71,4.21,0.41,1.64,0.96,3.85,25.50,282.08,6.27
1975-12-25,0.00,0.00,5.15,0.54,2.17,0.00,6.06,17.68,311.02,6.31
1975-12-26,0.02,0.62,6.76,0.49,1.94,0.64,5.20,20.04,310.04,7.54
1975-12-27,0.28,0.53,6.56,0.41,1.63,0.64,5.17,27.60,293.48,7.99
1975-12-28,0.39,0.74,6.99,0.36,1.45,1.04,5.25,18.83,314.31,8.75
1975-12-29,0.14,0.71,5.02,0.34,1.37,0.80,4.09,17.51,305.16,5.13
1975-12-30,4.95,0.24,5.19,0.45,1.81,0.45,5.33,13.21,319.77,10.78
1975-12-31,0.79,0.28,2.93,0.79,3.16,0.41,4.20,15.21,303.13,5.13
1976-01-01,7.50,0.39,0.82,0.59,2.36,0.55,3.28,7.77,294.89,4.67
1976-01-02,16.36,0.89,2.47,9.74,38.90,1.19,3.36,13.55,301.57,7.17
1976-01-03,1.53,0.68,1.14,2.83,11.30,1.02,3.27,30.52,260.02,9.85
1976-01-04,4.32,0.46,2.47,1.39,5.56,0.61,3.55,13.81,302.67,3.82
1976-01-05,4.25,0.00,2.88,3.80,15.20,0.00,5.08,14.02,309.76,5.45
1976-01-06,0.85,0.30,5.56,2.36,9.44,0.43,5.17,14.40,320.59,5.29
1976-01-07,0.32,0.46,6.92,1.50,6.00,0.67,5.69,16.56,323.41,8.97
1976-01-08,0.11,0.66,7.04,1.08,4.31,0.82,5.29,19.58,317.06,7.14
1976-01-09,0.23,0.21,4.48,0.86,3.42,0.27,4.37,16.42,310.76,2.41
1976-01-10,1.72,0.17,4.47,0.87,3.46,0.31,5.07,8.72,316.37,9.11
1976-01-11,0.03,0.19,7.80,0.93,3.73,0.23,6.42,22.98,318.34,10.61
1976-01-12,0.40,0.84,8.58,0.73,2.91,1.13,5.93,16.39,334.01,8.82
1976-01-13,2.15,0.21,6.58,0.68,2.73,0.32,5.69,11.65,326.57,5.23
1976-01-14,0.00,0.67,5.71,0.71,2.82,0.67,4.73,27.04,299.41,7.58
1976-01-15,0.04,0.10,5.47,0.62,2.47,0.13,5.44,21.94,311.16,5.76
1976-01-16,0.12,0.27,6.61,0.55,2.18,0.35,5.47,25.08,310.93,4.86
1976-01-17,0.01,0.14,5.67,0.51,2.02,0.15,5.26,21.16,314.33,3.30
1976-01-18,1.49,0.52,4.88,0.49,1.97,0.76,4.72,19.45,313.20,7.15
1976-01-19,14.91,0.98,5.72,0.99,3.94,1.32,4.62,18.72,318.25,9.71
1976-01-20,3.11,0.96,4.10,5.86,23.40,1.39,4.21,28.75,293.48,14.96
1976-01-21,1.38,0.88,3.89,1.96,7.82,1.26,4.13,29.48,292.09,12.29
1976-01-22,3.00,0.28,5.37,2.35,9.37,0.50,5.27,32.30,299.00,9.60
1976-01-23,0.04,0.69,1.29,1.38,5.51,0.77,3.18,39.18,264.12,7.02
1976-01-24,0.40,0.49,-0.86,0.84,3.35,0.77,3.01,31.98,268.01,8.63
1976-01-25,0.23,0.57,-0.86,0.51,2.05,0.72,2.92,37.03,261.03,9.10
1976-01-26,5.61,0.47,-0.23,0.93,3.72,0.69,3.11,20.78,289.30,5.76
1976-01-27,0.26,0.06,1.09,1.43,5.72,0.08,3.81,32.80,281.35,2.64
1976-01-28,0.03,0.53,-0.30,0.92,3.68,0.58,3.07,16.40,289.33,6.97
1976-01-29,0.00,0.53,0.31,0.49,1.97,0.53,3.37,30.37,281.28,10.05
1976-01-30,0.00,1.06,-0.43,0.55,2.18,1.06,2.58,42.01,258.48,10.87
1976-01-31,0.00,0.87,-0.38,0.45,1.81,0.87,2.76,27.02,281.23,8.87
1976-02-01,0.01,0.68,0.70,0.45,1.81,0.71,3.02,39.33,274.29,5.91
1976-02-02,0.55,0.65,0.31,0.44,1.74,0.89,2.96,25.68,288.85,5.43
1976-02-03,1.29,0.19,0.63,0.45,1.81,0.31,3.81,24.95,295.99,5.97
1976-02-04,0.29,0.53,1.54,0.50,1.98,0.76,3.63,26.35,297.80,6.78
1976-02-05,1.22,0.53,1.23,0.50,1.99,0.77,3.52,29.60,293.23,6.46
1976-02-06,6.53,0.24,1.48,0.61,2.44,0.37,3.99,26.28,300.48,5.41
1976-02-07,0.10,0.17,3.01,1.86,7.42,0.21,4.38,32.89,301.92,2.52
1976-02-08,0.29,0.20,4.02,1.26,5.04,0.28,4.87,33.70,307.53,4.44
1976-02-09,2.96,0.97,4.86,1.30,5.18,1.27,4.22,29.73,313.25,7.54
1976-02-10,2.39,0.71,2.54,1.45,5.78,0.98,3.68,72.08,262.18,6.85
1976-02-11,2.07,0.82,1.36,1.05,4.18,1.13,3.27,71.42,257.61,7.85
1976-02-12,4.26,0.55,4.07,1.53,6.11,0.81,4.51,38.69,304.74,7.28
1976-02-13,0.17,0.72,3.61,2.00,7.99,0.94,4.07,62.19,280.88,6.86
1976-02-14,4.40,0.43,0.17,1.01,4.04,0.56,3.03,49.89,274.41,3.07
1976-02-15,0.65,0.15,1.25,1.33,5.31,0.20,4.03,42.85,290.75,2.64
1976-02-16,0.07,0.34,0.45,1.35,5.39,0.39,3.45,56.19,274.75,3.45
1976-02-17,1.29,0.06,-0.11,1.00,3.99,0.09,3.90,34.99,292.76,2.67
1976-02-18,0.06,0.10,0.60,0.98,3.91,0.11,3.88,31.01,296.98,1.20
1976-02-19,0.00,0.24,0.93,0.79,3.15,0.24,3.45,50.76,283.35,1.39
1976-02-20,0.00,0.31,1.36,0.68,2.73,0.31,3.77,45.48,291.51,2.79
1976-02-21,1.30,0.26,3.59,0.65,2.58,0.37,4.77,38.07,310.31,4.80
1976-02-22,3.11,0.68,5.58,0.67,2.66,0.88,4.81,53.44,307.50,4.93
1976-02-23,19.06,0.37,7.39,8.58,34.30,0.57,6.21,40.60,328.70,7.36
1976-02-24,0.01,0.91,4.84,3.40,13.60,0.94,4.34,46.40,309.52,6.67
1976-02-25,0.03,1.12,7.32,1.50,5.98,1.22,5.27,88.96,293.22,8.57
1976-02-26,0.07,0.96,8.07,1.04,4.16,1.05,5.51,63.15,316.09,5.46
1976-02-27,0.05,0.64,7.17,0.88,3.52,0.68,5.45,47.70,323.74,3.78
1976-02-28,0.03,0.71,6.26,0.75,2.98,0.76,4.93,53.77,315.00,3.80
1976-02-29,2.50,0.86,6.08,0.72,2.87,1.15,5.06,76.12,300.77,7.46
1976-03-01,0.00,1.47,5.19,0.73,2.92,1.47,3.94,121.56,265.30,7.23
1976-03-02,0.00,0.72,3.10,0.58,2.30,0.72,3.56,93.23,274.80,2.26
1976-03-03,0.00,0.85,3.07,0.53,2.11,0.85,3.68,75.77,286.90,4.19
1976-03-04,0.00,0.89,3.31,0.49,1.94,0.89,3.54,76.73,287.24,3.55
1976-03-05,0.00,0.91,4.29,0.45,1.78,0.91,4.30,102.28,281.12,5.21
1976-03-06,0.29,1.19,0.84,0.40,1.60,1.47,2.91,102.06,261.96,7.73
1976-03-07,1.29,0.87,0.65,0.39,1.57,1.11,3.07,85.27,272.63,5.09
1976-03-08,0.13,0.70,0.13,0.41,1.62,0.77,2.98,86.39,270.51,3.08
1976-03-09,1.63,0.66,0.44,0.40,1.58,0.81,3.20,88.68,272.67,3.03
1976-03-10,0.80,0.43,2.28,0.43,1.72,0.61,4.25,55.97,302.30,5.39
1976-03-11,2.09,0.90,3.48,0.49,1.97,1.14,3.87,54.59,306.66,5.30
1976-03-12,8.18,0.36,1.99,0.55,2.20,0.54,4.12,39.27,303.33,5.93
1976-03-13,1.95,0.25,1.68,2.14,8.57,0.41,4.11,31.07,302.12,6.21
1976-03-14,4.87,0.62,1.38,1.42,5.68,0.84,3.69,64.20,294.38,5.26
1976-03-15,6.12,0.33,2.04,3.70,14.80,0.51,4.31,50.91,304.18,6.50
1976-03-16,4.71,0.34,1.84,2.80,11.20,0.54,4.05,32.67,302.48,6.46
1976-03-17,3.38,0.46,1.92,2.28,9.10,0.60,4.09,60.65,301.35,3.50
1976-03-18,0.00,0.73,1.50,2.20,8.79,0.73,3.68,104.67,278.48,2.74
1976-03-19,0.00,0.83,0.88,1.54,6.14,0.83,3.27,88.00,282.05,4.33
1976-03-20,15.81,1.44,2.05,1.38,5.51,1.73,3.08,132.95,265.23,6.47
1976-03-21,22.55,0.39,1.62,12.14,48.50,0.61,3.97,35.36,301.28,7.25
1976-03-22,0.08,0.93,1.20,3.85,15.40,1.01,3.26,85.62,285.87,4.93
1976-03-23,0.00,0.91,-0.17,2.20,8.79,0.91,2.83,124.76,262.40,2.40
1976-03-24,2.61,1.06,2.18,5.31,21.20,1.35,3.44,68.31,298.98,6.59
1976-03-25,2.62,0.76,4.58,6.28,25.10,0.99,4.83,84.92,307.84,5.71
1976-03-26,1.77,2.07,4.55,2.83,11.30,2.40,3.52,188.49,258.08,8.12
1976-03-27,0.09,1.29,6.41,2.00,8.00,1.48,5.04,100.34,310.59,10.05
1976-03-28,8.19,2.34,8.15,1.39,5.54,2.70,4.71,135.86,301.64,11.07
1976-03-29,1.88,1.77,5.74,2.80,11.20,2.12,4.38,154.25,284.61,9.73
1976-03-30,2.60,1.62,4.79,1.61,6.45,1.93,3.92,117.65,294.19,7.56
1976-03-31,1.00,1.01,6.94,1.74,6.94,1.32,5.80,133.72,304.85,8.89
1976-04-01,7.61,1.24,3.52,1.15,4.60,1.46,3.72,113.45,291.80,4.23
1976-04-02,4.11,0.59,1.89,3.93,15.70,0.76,4.04,73.67,302.03,3.66
1976-04-03,5.40,1.15,2.80,3.58,14.30,1.43,3.76,115.31,289.82,5.81
1976-04-04,0.62,1.45,5.26,2.93,11.70,1.74,4.58,158.86,287.91,6.55
1976-04-05,0.19,1.54,7.34,1.71,6.83,1.79,5.13,94.54,321.61,9.76
1976-04-06,0.49,2.62,6.85,1.16,4.65,2.90,3.83,170.58,286.22,9.07
1976-04-07,0.04,1.57,4.68,0.78,3.10,1.61,4.33,185.93,277.37,4.99
1976-04-08,1.12,0.92,3.39,0.66,2.65,1.09,4.07,87.86,305.25,3.43
1976-04-09,0.11,1.60,8.09,0.63,2.51,1.69,5.50,147.08,309.53,4.32
1976-04-10,1.39,2.08,8.24,0.52,2.07,2.33,4.78,138.29,310.78,6.09
1976-04-11,5.42,0.95,7.07,0.68,2.70,1.19,5.18,46.70,327.62,5.83
1976-04-12,0.45,1.20,4.87,0.87,3.46,1.43,4.77,143.80,297.27,4.81
1976-04-13,4.86,0.82,4.37,0.69,2.75,1.05,4.74,85.27,314.07,5.36
1976-04-14,6.21,1.17,5.42,3.55,14.20,1.47,4.73,90.26,317.04,7.57
1976-04-15,0.02,1.62,6.45,1.71,6.83,1.65,4.85,158.36,300.28,4.55
1976-04-16,0.00,1.68,8.22,0.90,3.58,1.68,5.51,155.28,311.10,3.53
1976-04-17,0.89,1.30,10.03,0.68,2.70,1.52,6.68,95.50,340.31,5.43
1976-04-18,0.18,1.13,9.93,0.59,2.35,1.20,6.78,97.76,339.64,2.21
1976-04-19,0.00,1.36,9.69,0.51,2.05,1.36,6.75,128.88,329.72,2.98
1976-04-20,0.02,2.43,7.48,0.43,1.71,2.46,5.17,272.59,273.27,3.74
1976-04-21,0.02,1.14,5.92,0.41,1.63,1.18,5.38,135.24,309.93,4.06
1976-04-22,0.00,2.05,5.36,0.38,1.53,2.05,4.15,209.67,280.74,5.42
1976-04-23,1.00,1.75,3.59,0.35,1.38,1.98,3.86,204.71,275.14,4.44
1976-04-24,0.17,1.30,5.81,0.34,1.36,1.53,4.98,130.80,310.45,5.66
1976-04-25,0.02,1.91,6.21,0.33,1.31,1.95,4.70,192.45,293.40,6.63
1976-04-26,0.16,1.20,5.30,0.29,1.17,1.35,4.60,100.74,316.25,4.24
1976-04-27,0.00,2.02,4.63,0.28,1.13,2.02,3.76,193.00,283.38,5.22
1976-04-28,0.00,1.71,2.40,0.27,1.06,1.71,3.34,198.86,271.94,2.64
1976-04-29,0.01,1.32,5.64,0.26,1.04,1.34,4.57,112.20,315.03,3.44
1976-04-30,0.56,2.15,8.49,0.26,1.02,2.29,4.77,162.25,313.11,3.64
1976-05-01,2.19,1.20,5.73,0.26,1.02,1.47,4.86,98.39,320.70,6.02
1976-05-02,4.20,2.10,7.87,0.28,1.10,2.35,5.39,206.00,302.85,5.74
1976-05-03,4.09,1.88,6.89,0.48,1.91,2.09,5.05,185.66,303.56,4.17
1976-05-04,2.71,1.90,6.45,0.49,1.96,2.09,4.93,196.51,298.95,3.65
1976-05-05,0.16,1.37,6.98,0.44,1.76,1.47,5.41,130.63,319.96,3.24
1976-05-06,0.26,1.71,7.59,0.37,1.48,1.86,5.88,184.75,310.55,3.44
1976-05-07,1.50,2.08,11.14,0.33,1.32,2.23,6.70,165.10,332.25,3.66
1976-05-08,0.00,3.26,11.37,0.32,1.26,3.26,6.74,309.14,297.28,4.03
1976-05-09,0.00,1.89,10.28,0.27,1.07,1.89,6.33,153.89,331.12,2.78
1976-05-10,0.00,2.83,9.96,0.24,0.96,2.83,5.51,232.90,307.08,5.01
1976-05-11,5.33,1.70,7.47,0.24,0.94,1.93,5.05,126.74,323.20,5.00
1976-05-12,4.95,1.87,7.47,0.48,1.90,2.13,5.15,159.13,315.57,5.77
1976-05-13,0.17,3.09,6.79,0.67,2.69,3.27,3.82,273.73,277.06,5.86
1976-05-14,0.19,1.07,9.62,0.37,1.46,1.21,6.52,73.08,341.29,5.15
1976-05-15,6.73,2.09,8.90,0.38,1.53,2.36,5.53,157.22,323.77,6.35
1976-05-16,0.57,2.19,8.28,0.78,3.11,2.45,5.29,171.79,317.04,8.81
1976-05-17,0.00,2.60,11.52,0.42,1.69,2.61,6.36,162.85,336.04,8.22
1976-05-18,9.35,2.69,10.02,0.32,1.29,2.86,5.94,237.89,310.48,3.40
1976-05-19,3.73,1.59,7.85,0.89,3.55,1.74,5.89,154.78,321.81,2.81
1976-05-20,6.24,1.20,7.09,1.82,7.27,1.34,5.90,122.74,326.07,2.69
1976-05-21,0.85,2.82,9.74,0.96,3.82,3.00,5.96,264.65,303.86,4.41
1976-05-22,0.27,1.85,11.91,0.53,2.13,1.96,7.52,143.57,345.07,5.54
1976-05-23,0.00,2.27,13.10,0.47,1.87,2.27,7.94,178.18,343.28,3.72
1976-05-24,4.72,2.77,12.05,0.34,1.36,3.04,7.11,231.87,325.17,7.35
1976-05-25,16.44,1.30,8.85,4.41,17.60,1.48,6.56,123.63,335.09,3.66
1976-05-26,0.39,1.44,8.73,1.99,7.95,1.57,6.33,134.15,332.03,4.50
1976-05-27,0.36,2.41,10.30,0.84,3.36,2.60,6.50,216.49,320.55,3.73
1976-05-28,11.95,0.68,9.15,0.66,2.63,0.84,6.83,65.39,339.40,3.99
1976-05-29,3.89,0.68,8.00,5.06,20.20,0.86,6.28,65.61,333.73,4.61
1976-05-30,3.89,0.63,8.79,3.05,12.20,0.76,6.76,65.81,337.73,3.32
1976-05-31,7.38,1.90,10.26,1.72,6.89,2.05,6.88,169.57,332.30,3.04
1976-06-01,0.66,1.28,9.82,3.25,13.00,1.45,7.27,129.01,339.39,3.77
1976-06-02,0.19,2.17,9.55,1.26,5.03,2.29,6.14,192.88,321.89,3.12
1976-06-03,0.00,2.32,9.57,0.72,2.87,2.32,5.42,185.88,321.49,2.52
1976-06-04,0.03,2.50,11.10,0.52,2.07,2.54,6.51,204.88,326.56,3.19
1976-06-05,0.01,2.11,13.37,0.43,1.72,2.13,7.84,139.36,354.14,4.82
1976-06-06,0.00,4.05,15.02,0.39,1.57,4.05,7.46,279.45,327.31,6.11
1976-06-07,0.07,3.40,15.05,0.34,1.34,3.46,7.72,242.52,337.38,3.10
1976-06-08,0.00,3.98,16.87,0.29,1.16,3.98,8.96,284.41,338.49,3.76
1976-06-09,2.19,3.80,16.91,0.25,1.01,3.96,8.44,248.09,345.84,3.72
1976-06-10,0.33,3.74,11.77,0.24,0.97,3.99,5.63,267.61,311.08,6.59
1976-06-11,3.61,1.29,11.31,0.24,0.94,1.50,6.85,67.55,349.43,4.94
1976-06-12,0.18,2.12,13.80,0.28,1.12,2.30,8.89,187.31,346.76,7.24
1976-06-13,0.83,2.61,13.45,0.27,1.06,2.84,7.80,191.00,343.19,5.79
1976-06-14,0.10,3.15,13.39,0.24,0.94,3.29,7.06,211.64,336.64,6.31
1976-06-15,1.50,0.85,12.42,0.23,0.92,0.99,8.29,67.81,354.97,3.56
1976-06-16,0.61,1.94,10.41,0.24,0.95,2.09,6.46,154.37,336.10,2.97
1976-06-17,0.61,1.51,11.27,0.23,0.91,1.63,7.57,125.42,347.70,2.53
1976-06-18,2.33,1.61,11.04,0.23,0.93,1.81,7.46,140.89,343.24,4.46
1976-06-19,3.47,2.91,9.19,0.26,1.02,3.15,5.31,251.90,304.42,5.49
1976-06-20,1.65,3.17,11.04,0.26,1.03,3.40,5.90,249.14,314.54,5.35
1976-06-21,0.01,2.74,11.04,0.24,0.97,2.76,6.75,242.39,319.17,3.25
1976-06-22,0.09,3.31,16.33,0.21,0.84,3.39,9.10,236.64,347.77,3.49
1976-06-23,0.26,2.87,16.73,0.20,0.78,2.99,9.42,192.16,359.64,3.43
1976-06-24,0.00,3.61,17.41,0.19,0.75,3.61,9.70,247.93,351.00,4.67
1976-06-25,0.00,4.01,17.13,0.18,0.70,4.01,9.70,302.18,338.22,2.73
1976-06-26,0.00,4.23,17.70,0.17,0.66,4.23,9.54,299.10,340.57,4.18
1976-06-27,0.00,4.16,16.22,0.16,0.62,4.16,8.67,311.64,329.16,4.29
1976-06-28,0.00,4.28,17.22,0.15,0.60,4.28,8.94,312.90,333.50,2.36
1976-06-29,0.00,4.79,18.13,0.15,0.59,4.79,9.62,350.52,330.78,2.59
1976-06-30,0.00,3.32,16.75,0.15,0.59,3.32,9.60,240.09,349.30,3.86
1976-07-01,0.00,4.15,18.08,0.14,0.57,4.15,9.93,293.73,342.71,4.34
1976-07-02,0.00,4.41,18.43,0.14,0.56,4.41,8.47,285.71,341.38,3.00
1976-07-03,0.00,4.62,18.15,0.14,0.54,4.62,8.92,326.16,331.59,2.68
1976-07-04,0.00,2.77,17.80,0.14,0.56,2.77,10.14,187.66,364.93,2.45
1976-07-05,0.00,3.52,17.44,0.14,0.55,3.52,9.40,246.24,349.12,2.76
1976-07-06,0.00,4.23,18.39,0.13,0.54,4.23,9.89,295.63,342.66,3.57
1976-07-07,0.00,4.60,16.94,0.13,0.52,4.60,8.51,338.53,321.70,3.49
1976-07-08,0.00,4.30,16.39,0.13,0.51,4.30,7.79,317.33,321.75,2.43
1976-07-09,6.35,2.99,16.56,0.14,0.56,3.15,9.07,195.08,356.11,3.96
1976-07-10,0.00,3.27,14.35,0.16,0.63,3.27,7.23,228.62,334.44,3.65
1976-07-11,0.00,3.82,17.34,0.14,0.57,3.82,8.93,264.59,342.14,3.14
1976-07-12,11.53,2.56,16.28,0.14,0.57,2.72,8.68,148.10,365.35,3.69
1976-07-13,3.62,1.64,15.69,0.37,1.46,1.78,10.05,120.13,368.06,3.56
1976-07-14,1.39,3.63,15.82,0.26,1.05,3.83,7.85,226.01,342.13,5.40
1976-07-15,9.25,2.22,14.91,0.32,1.29,2.40,8.27,123.14,364.31,4.61
1976-07-16,0.03,3.44,14.58,0.39,1.56,3.48,7.80,264.01,326.76,3.75
1976-07-17,0.00,3.30,14.57,0.20,0.79,3.31,7.64,244.25,330.99,3.51
1976-07-18,1.59,3.14,13.98,0.16,0.64,3.32,7.39,229.43,331.44,4.12
1976-07-19,0.04,2.60,16.23,0.16,0.64,2.66,9.48,171.65,358.80,5.98
1976-07-20,1.80,2.67,12.62,0.16,0.62,2.86,6.89,195.28,332.94,4.22
1976-07-21,0.00,2.87,12.27,0.15,0.60,2.87,6.73,228.91,321.94,3.66
1976-07-22,0.00,2.92,12.37,0.14,0.57,2.92,6.57,225.19,322.42,3.64
1976-07-23,0.64,2.36,13.69,0.14,0.56,2.51,7.33,143.09,351.60,4.13
1976-07-24,0.25,2.44,13.81,0.14,0.57,2.55,7.88,184.71,341.91,2.89
1976-07-25,0.00,2.48,13.98,0.14,0.56,2.48,7.82,183.11,342.68,2.95
1976-07-26,0.00,2.33,15.54,0.13,0.52,2.33,8.96,170.68,354.06,2.21
1976-07-27,0.00,3.62,15.61,0.12,0.49,3.62,8.10,259.95,329.16,4.76
1976-07-28,0.00,3.13,13.57,0.12,0.47,3.13,6.88,227.19,325.71,3.92
1976-07-29,0.00,3.01,13.03,0.11,0.46,3.01,6.85,213.85,326.81,5.52
1976-07-30,1.62,2.27,12.54,0.12,0.47,2.50,6.78,127.06,348.44,5.54
1976-07-31,0.03,3.02,9.83,0.12,0.50,3.07,5.15,251.22,296.23,4.65
1976-08-01,0.31,1.56,11.07,0.12,0.49,1.74,7.12,114.75,344.95,5.73
1976-08-02,7.34,2.44,14.13,0.12,0.49,2.69,7.74,131.89,354.70,6.78
1976-08-03,0.08,2.23,12.98,0.15,0.58,2.27,7.81,182.82,335.28,3.24
1976-08-04,0.00,2.24,11.99,0.14,0.57,2.24,6.34,136.84,340.84,4.27
1976-08-05,0.00,2.45,14.22,0.13,0.50,2.45,7.64,159.32,346.24,4.08
1976-08-06,0.00,1.57,14.43,0.12,0.49,1.57,8.53,104.93,362.96,2.50
1976-08-07,0.00,2.06,14.14,0.12,0.47,2.06,7.90,153.09,347.43,2.03
1976-08-08,0.00,2.18,14.19,0.11,0.46,2.18,8.90,187.40,339.37,2.39
1976-08-09,0.00,2.47,15.58,0.12,0.46,2.47,9.07,193.87,343.39,2.33
1976-08-10,0.00,2.31,14.08,0.11,0.45,2.31,8.25,188.46,336.54,2.36
1976-08-11,0.00,2.82,15.19,0.11,0.44,2.82,8.51,228.09,329.85,2.44
1976-08-12,3.43,2.00,14.69,0.11,0.45,2.12,8.53,150.05,349.83,2.46
1976-08-13,0.10,1.91,13.60,0.12,0.48,1.97,8.48,160.85,341.56,2.94
1976-08-14,0.00,1.78,14.39,0.12,0.49,1.78,9.32,154.87,347.22,2.54
1976-08-15,0.00,2.51,15.45,0.11,0.46,2.51,8.90,206.02,336.26,1.88
1976-08-16,0.00,2.79,14.80,0.11,0.44,2.79,8.57,240.62,322.04,2.08
1976-08-17,0.00,2.33,14.33,0.11,0.43,2.33,8.65,199.17,332.16,3.17
1976-08-18,0.00,2.57,14.26,0.10,0.42,2.57,8.22,215.00,325.31,3.29
1976-08-19,0.00,2.87,14.32,0.10,0.40,2.87,7.71,243.47,313.96,2.45
1976-08-20,0.00,3.07,15.19,0.10,0.40,3.07,7.73,241.65,316.90,2.97
1976-08-21,0.00,2.58,14.85,0.10,0.39,2.58,8.42,210.90,327.61,3.19
1976-08-22,0.00,3.13,15.85,0.10,0.39,3.13,8.64,243.02,321.17,4.69
1976-08-23,0.01,2.83,15.22,0.10,0.39,2.84,8.58,236.82,319.93,3.50
1976-08-24,0.00,2.78,14.90,0.10,0.38,2.78,7.97,231.63,317.20,2.58
1976-08-25,0.00,2.96,16.13,0.10,0.38,2.96,7.97,241.16,317.38,1.95
1976-08-26,0.08,2.55,15.01,0.10,0.38,2.60,8.12,201.85,326.76,3.04
1976-08-27,1.27,1.73,12.85,0.10,0.41,1.94,7.83,129.45,341.05,5.18
1976-08-28,9.35,1.92,13.91,0.11,0.45,2.14,8.34,139.59,342.53,5.94
1976-08-29,2.69,1.63,14.64,0.14,0.56,1.71,9.09,132.26,348.56,3.42
1976-08-30,0.35,1.38,13.61,0.21,0.85,1.52,8.57,109.75,350.37,3.36
1976-08-31,0.00,2.47,14.25,0.13,0.52,2.48,7.01,170.57,327.63,3.46
1976-09-01,0.04,1.84,12.83,0.12,0.47,1.91,7.42,119.50,341.04,5.36
1976-09-02,0.06,2.25,9.28,0.11,0.44,2.34,5.02,145.79,308.32,6.37
1976-09-03,0.00,2.31,10.21,0.11,0.44,2.31,5.42,170.55,302.78,5.34
1976-09-04,0.00,1.81,12.53,0.11,0.43,1.81,6.95,117.17,338.07,4.14
1976-09-05,0.00,2.04,12.00,0.11,0.42,2.04,6.77,181.83,308.99,3.26
1976-09-06,0.00,2.04,13.18,0.11,0.42,2.04,6.98,127.04,335.66,4.49
1976-09-07,0.00,1.69,13.06,0.10,0.41,1.69,7.25,101.70,345.52,4.05
1976-09-08,8.47,1.36,13.07,0.11,0.44,1.52,7.70,86.37,351.78,3.55
1976-09-09,20.50,1.21,7.07,0.89,3.56,1.55,5.08,40.33,327.36,9.99
1976-09-10,6.44,1.72,7.18,0.61,2.44,1.98,4.53,114.40,305.83,5.87
1976-09-11,27.00,1.17,7.57,1.31,5.23,1.53,5.67,89.00,321.86,11.07
1976-09-12,0.01,1.68,8.61,1.37,5.47,1.70,5.39,95.77,321.84,8.21
1976-09-13,10.44,0.96,7.35,0.45,1.79,1.11,5.40,80.47,322.84,3.21
1976-09-14,1.47,0.82,8.85,0.80,3.18,1.06,6.50,65.61,337.39,6.13
1976-09-15,1.68,1.46,8.22,0.49,1.96,1.75,5.28,76.36,327.02,6.96
1976-09-16,1.14,0.58,9.06,0.36,1.43,0.72,6.36,36.55,338.56,3.96
1976-09-17,2.02,0.60,9.48,0.34,1.37,0.69,7.20,68.66,338.24,2.39
1976-09-18,0.00,1.16,10.43,0.29,1.15,1.16,6.84,124.51,316.36,2.35
1976-09-19,0.18,1.22,10.82,0.23,0.93,1.31,7.21,133.05,314.34,3.69
1976-09-20,0.49,1.07,13.63,0.20,0.82,1.24,8.51,69.83,356.06,4.31
1976-09-21,1.82,1.09,13.70,0.20,0.79,1.29,8.57,59.50,360.54,5.44
1976-09-22,0.03,0.74,12.57,0.20,0.81,0.78,8.47,58.93,354.90,4.45
1976-09-23,0.46,0.69,12.27,0.19,0.76,0.82,8.56,71.97,347.18,5.12
1976-09-24,0.00,1.08,11.78,0.18,0.72,1.08,7.64,76.78,341.61,6.39
1976-09-25,29.36,0.96,12.03,0.24,0.94,1.22,7.93,57.46,351.80,7.53
1976-09-26,1.43,0.81,13.22,3.50,14.00,0.98,8.94,80.72,345.98,4.96
1976-09-27,4.99,0.50,11.10,0.95,3.78,0.59,8.02,57.35,346.53,2.85
1976-09-28,1.09,0.44,12.08,1.38,5.50,0.52,8.79,60.18,349.16,3.17
1976-09-29,2.96,0.42,11.92,0.91,3.65,0.51,8.63,53.15,351.33,3.23
1976-09-30,18.31,0.45,11.98,0.70,2.78,0.55,8.56,53.61,350.99,3.18
1976-10-01,13.37,0.43,12.03,5.96,23.80,0.56,8.65,52.25,351.33,4.67
1976-10-02,11.77,0.65,11.63,7.01,28.00,0.82,7.97,52.02,349.24,4.94
1976-10-03,3.00,0.85,11.39,3.95,15.80,1.04,7.47,59.88,342.90,5.04
1976-10-04,0.44,0.72,8.55,1.91,7.63,0.78,6.00,82.21,313.89,2.47
1976-10-05,9.41,1.09,7.73,1.86,7.45,1.31,5.18,67.99,316.02,5.08
1976-10-06,1.31,1.45,9.52,2.18,8.71,1.66,6.15,105.62,301.34,11.43
1976-10-07,5.21,1.10,9.70,1.45,5.81,1.32,6.08,59.55,330.74,5.34
1976-10-08,4.00,0.77,9.22,1.38,5.51,0.92,6.25,63.76,325.59,3.81
1976-10-09,0.00,0.67,8.73,1.24,4.94,0.67,5.96,83.92,308.50,2.27
1976-10-10,4.75,0.81,10.43,0.91,3.62,0.98,6.88,75.89,322.22,4.31
1976-10-11,7.58,0.13,12.27,2.78,11.10,0.26,9.26,52.55,346.72,5.32
1976-10-12,1.61,0.67,10.71,1.88,7.51,0.86,7.31,46.24,342.65,5.45
1976-10-13,8.82,0.78,6.49,1.15,4.61,0.94,4.81,84.62,290.21,3.50
1976-10-14,18.01,0.37,7.19,5.73,22.90,0.54,6.12,38.50,329.86,6.49
1976-10-15,19.41,0.11,8.95,16.02,64.00,0.18,7.12,21.95,338.68,6.19
1976-10-16,0.01,0.82,8.73,3.93,15.70,0.84,5.77,68.18,311.59,4.21
1976-10-17,9.87,0.69,6.94,2.21,8.82,0.90,5.42,65.10,304.90,5.51
1976-10-18,0.01,0.57,8.15,3.63,14.50,0.59,6.19,37.74,332.52,6.43
1976-10-19,10.21,0.42,8.16,2.55,10.20,0.50,6.01,44.62,326.02,2.44
1976-10-20,7.78,0.23,9.22,4.48,17.90,0.28,7.15,39.58,335.60,2.86
1976-10-21,3.67,0.70,8.50,4.66,18.60,0.88,5.85,57.55,314.44,4.46
1976-10-22,7.36,0.71,7.46,2.78,11.10,0.86,5.11,85.55,282.22,3.70
1976-10-23,5.10,0.00,8.32,4.56,18.20,0.11,7.61,33.07,334.97,7.13
1976-10-24,0.05,0.64,6.62,2.68,10.70,0.69,4.72,77.65,281.24,3.32
1976-10-25,9.54,0.18,5.75,3.48,13.90,0.23,5.60,31.62,321.97,2.95
1976-10-26,0.45,0.19,7.00,2.90,11.60,0.23,5.86,37.10,322.13,1.77
1976-10-27,3.91,0.00,7.15,1.92,7.66,0.00,6.38,17.05,330.08,3.02
1976-10-28,2.31,0.00,7.83,2.35,9.37,0.00,6.82,16.68,333.45,3.97
1976-10-29,5.89,0.29,7.22,2.53,10.10,0.43,5.95,16.32,329.85,5.99
1976-10-30,0.36,0.65,6.57,2.85,11.40,0.83,5.01,41.84,309.89,4.79
1976-10-31,3.91,0.33,4.39,1.82,7.29,0.41,4.19,64.93,273.12,2.55
1976-11-01,4.44,0.00,5.94,2.42,9.66,0.01,6.11,41.35,309.28,5.55
1976-11-02,4.61,0.48,3.81,3.45,13.80,0.64,4.10,44.55,289.18,4.09
1976-11-03,0.52,0.45,3.86,2.36,9.44,0.59,4.04,51.04,280.61,3.74
1976-11-04,4.06,0.18,5.31,1.81,7.24,0.27,5.37,30.11,314.33,4.82
1976-11-05,4.20,0.62,5.80,2.53,10.10,0.83,4.66,52.10,286.92,5.30
1976-11-06,1.02,0.00,4.92,2.29,9.13,0.00,5.39,13.69,318.98,3.49
1976-11-07,0.27,0.24,4.92,1.67,6.68,0.32,4.80,46.17,289.18,3.61
1976-11-08,0.05,0.30,5.01,1.27,5.08,0.35,4.61,46.02,287.55,3.40
1976-11-09,0.04,0.14,3.97,1.05,4.19,0.16,4.56,31.37,300.85,2.38
1976-11-10,0.01,0.18,2.57,0.90,3.60,0.19,3.57,47.62,268.77,2.13
1976-11-11,0.00,0.09,1.62,0.80,3.19,0.09,3.76,30.07,288.41,1.81
1976-11-12,0.00,0.12,2.62,0.73,2.91,0.12,4.13,32.93,289.31,2.66
1976-11-13,0.00,0.12,2.34,0.64,2.56,0.12,3.72,43.67,270.55,2.21
1976-11-14,0.01,0.16,0.96,0.58,2.33,0.16,3.27,25.26,287.47,1.78
1976-11-15,1.44,0.03,3.47,0.60,2.39,0.04,4.89,19.71,311.29,3.66
1976-11-16,0.00,0.24,6.17,0.62,2.47,0.24,5.28,37.45,297.11,4.42
1976-11-17,4.54,0.23,2.05,0.57,2.28,0.29,3.45,21.47,296.06,2.03
1976-11-18,0.04,0.00,3.47,0.87,3.46,0.00,5.25,27.40,299.51,2.15
1976-11-19,0.00,0.05,4.22,0.72,2.86,0.05,4.74,19.43,312.00,1.49
1976-11-20,0.06,0.11,3.37,0.62,2.48,0.12,3.93,38.62,274.39,2.29
1976-11-21,0.55,0.10,3.73,0.57,2.28,0.14,4.63,24.96,299.61,3.52
1976-11-22,0.04,0.71,2.48,0.55,2.20,0.79,3.26,21.81,292.59,4.81
1976-11-23,0.00,0.94,3.76,0.50,2.00,0.94,3.12,30.90,279.78,4.92
1976-11-24,0.00,0.00,4.55,0.48,1.92,0.00,5.41,17.36,315.63,7.17
1976-11-25,2.02,0.79,7.68,0.46,1.83,1.03,5.26,23.45,316.85,6.41
1976-11-26,8.19,0.42,7.37,1.20,4.80,0.63,5.85,11.73,330.34,7.35
1976-11-27,5.29,0.94,6.15,1.45,5.79,1.20,4.31,26.84,299.18,6.37
1976-11-28,2.40,0.39,5.48,2.43,9.70,0.64,5.12,25.35,302.36,8.90
1976-11-29,1.55,0.45,3.05,1.85,7.38,0.67,3.97,26.67,285.20,6.29
1976-11-30,0.00,0.10,0.51,1.15,4.58,0.11,3.35,31.79,263.21,3.36
1976-12-01,2.90,0.07,-0.15,0.93,3.71,0.11,3.34,25.96,270.01,3.44
1976-12-02,1.21,0.08,-1.19,0.83,3.30,0.12,3.10,26.13,263.95,3.72
1976-12-03,0.38,0.15,-3.14,0.63,2.50,0.22,2.38,30.29,244.15,3.42
1976-12-04,0.65,0.00,-2.97,0.57,2.29,0.00,3.16,18.39,271.72,4.31
1976-12-05,3.79,0.17,-1.28,0.51,2.05,0.25,2.78,32.27,248.21,3.84
1976-12-06,6.37,0.00,-0.81,0.86,3.45,0.00,3.93,25.26,269.80,6.63
1976-12-07,1.77,0.19,1.34,2.21,8.83,0.29,3.75,18.32,289.16,4.55
1976-12-08,0.32,0.02,1.44,1.49,5.95,0.03,3.94,31.32,264.84,4.70
1976-12-09,0.04,0.10,0.11,0.96,3.84,0.12,3.31,35.56,247.92,4.74
1976-12-10,0.26,0.11,-1.12,0.69,2.74,0.14,3.12,23.36,265.75,4.41
1976-12-11,1.39,0.06,-1.56,0.66,2.64,0.09,2.92,17.51,274.27,2.35
1976-12-12,0.31,0.00,-0.57,0.74,2.96,0.00,3.89,14.17,289.89,1.31
1976-12-13,0.36,0.00,0.99,0.99,3.95,0.00,4.20,7.46,299.76,1.27
1976-12-14,0.03,0.01,0.70,1.04,4.15,0.01,3.67,14.47,292.71,1.09
1976-12-15,4.26,0.00,0.34,0.88,3.52,0.00,4.04,12.93,296.11,1.63
1976-12-16,10.47,0.01,-0.15,0.84,3.36,0.02,3.48,7.36,292.28,2.19
1976-12-17,7.55,0.05,0.30,0.85,3.40,0.08,3.76,13.11,294.19,4.31
1976-12-18,0.55,0.13,0.50,0.84,3.36,0.19,3.52,18.38,282.40,4.06
1976-12-19,11.59,0.51,0.99,1.03,4.10,0.74,3.34,10.66,295.83,6.15
1976-12-20,8.78,0.04,1.98,5.31,21.20,0.07,4.24,7.33,303.77,4.75
1976-12-21,1.83,0.00,2.29,8.99,35.90,0.00,4.76,12.72,306.43,4.27
1976-12-22,0.29,0.02,2.51,4.10,16.40,0.04,4.29,17.34,295.77,3.10
1976-12-23,0.38,0.00,2.72,4.91,19.60,0.00,5.03,12.87,308.63,3.34
1976-12-24,2.81,0.14,2.76,3.70,14.80,0.20,4.20,13.42,305.15,3.27
1976-12-25,0.17,0.27,1.00,2.40,9.58,0.36,3.32,25.42,268.73,4.44
1976-12-26,0.09,0.29,0.88,1.55,6.19,0.37,3.40,24.26,271.53,5.26
1976-12-27,3.30,0.08,1.26,1.37,5.49,0.15,4.00,18.55,288.16,6.54
1976-12-28,0.77,0.31,-1.42,0.92,3.69,0.46,2.63,30.18,247.39,4.74
1976-12-29,0.32,0.00,-1.74,1.10,4.38,0.00,3.31,17.39,276.73,5.43
1976-12-30,5.42,0.41,-0.08,0.93,3.71,0.67,3.30,13.47,291.02,7.82
1976-12-31,0.21,0.12,0.86,1.06,4.23,0.19,3.59,27.04,269.08,4.63
1977-01-01,1.82,0.11,-0.06,1.14,4.57,0.20,3.66,14.65,290.67,7.16
1977-01-02,0.00,0.34,-1.76,0.61,2.43,0.35,2.60,30.98,244.56,5.40
1977-01-03,0.56,0.15,-0.98,0.61,2.45,0.21,2.82,25.55,260.05,3.16
1977-01-04,6.23,0.11,1.79,3.53,14.10,0.19,4.14,8.02,302.63,6.09
1977-01-05,0.23,0.00,5.22,7.31,29.20,0.00,5.95,14.42,320.23,5.40
1977-01-06,0.14,0.25,1.59,2.55,10.20,0.33,3.53,26.18,274.04,4.22
1977-01-07,0.00,0.17,3.37,1.69,6.76,0.17,4.47,25.45,287.43,6.29
1977-01-08,2.12,0.59,4.27,1.42,5.68,0.80,4.20,16.25,309.12,5.58
1977-01-09,9.56,0.29,2.50,1.66,6.62,0.42,3.86,23.74,286.00,4.60
1977-01-10,17.17,0.22,0.06,1.32,5.29,0.36,3.46,18.32,286.40,5.63
1977-01-11,0.03,0.02,-1.95,1.09,4.37,0.03,2.94,26.35,261.84,2.52
1977-01-12,0.04,0.04,-4.68,0.77,3.09,0.04,2.28,25.80,249.69,2.30
1977-01-13,20.06,0.46,-3.57,0.76,3.03,0.66,2.17,16.39,269.95,4.71
1977-01-14,26.05,0.00,-2.34,4.13,16.50,0.00,3.93,16.05,286.09,9.39
1977-01-15,6.92,0.14,0.47,5.81,23.20,0.25,3.73,9.50,295.78,6.39
1977-01-16,0.00,0.17,0.67,2.85,11.40,0.17,3.45,33.24,265.96,4.24
1977-01-17,0.00,0.12,-3.21,2.01,8.02,0.12,2.19,20.64,266.20,1.59
1977-01-18,3.77,0.00,-2.33,1.73,6.92,0.00,3.44,19.61,280.13,4.89
1977-01-19,1.85,0.14,0.55,1.48,5.93,0.21,3.62,21.13,289.69,3.69
1977-01-20,1.64,0.00,1.45,3.05,12.20,0.00,4.24,10.46,301.70,6.09
1977-01-21,0.16,0.22,3.71,10.49,41.90,0.32,4.71,21.41,307.18,6.84
1977-01-22,1.50,0.21,4.01,5.61,22.40,0.29,4.33,35.65,284.63,3.55
1977-01-23,0.71,0.01,2.44,4.08,16.30,0.01,4.43,20.32,304.35,1.32
1977-01-24,5.43,0.19,3.27,6.03,24.10,0.26,4.34,29.36,293.94,3.75
1977-01-25,16.18,0.20,3.84,21.53,86.00,0.29,4.70,20.29,312.22,4.28
1977-01-26,0.84,0.39,3.27,11.44,45.70,0.56,4.27,20.64,308.57,5.32
1977-01-27,0.19,0.30,2.08,4.36,17.40,0.38,3.87,12.10,302.66,4.66
1977-01-28,0.48,0.60,0.08,2.70,10.80,0.80,2.77,41.81,259.48,5.11
1977-01-29,0.00,0.25,-2.00,1.62,6.46,0.25,2.37,58.49,229.19,2.97
1977-01-30,6.33,0.26,-2.17,1.49,5.94,0.43,2.93,26.57,275.82,6.10
1977-01-31,0.01,0.10,-1.30,1.20,4.79,0.11,3.11,37.70,266.52,2.86
1977-02-01,3.45,0.30,-1.40,1.09,4.36,0.40,2.71,47.43,256.14,3.23
1977-02-02,5.27,0.03,1.17,2.95,11.80,0.05,4.19,29.44,294.23,5.84
1977-02-03,1.93,0.07,4.26,12.46,49.80,0.14,5.17,41.19,297.90,7.52
1977-02-04,7.14,0.71,3.33,4.98,19.90,0.93,3.69,47.43,281.80,5.24
1977-02-05,7.38,0.31,4.08,7.61,30.40,0.43,4.58,44.37,293.35,4.21
1977-02-06,7.84,0.34,3.35,5.31,21.20,0.43,3.84,56.68,275.38,2.61
1977-02-07,1.24,0.27,3.31,7.43,29.70,0.42,4.52,44.76,291.88,5.76
1977-02-08,0.15,0.32,3.07,3.20,12.80,0.39,3.88,70.21,264.12,2.70
1977-02-09,16.12,0.00,1.97,3.88,15.50,0.00,4.45,16.11,304.49,4.70
1977-02-10,14.75,0.01,3.10,16.72,66.80,0.01,4.82,16.47,310.12,8.34
1977-02-11,2.67,0.17,1.95,9.11,36.40,0.31,4.23,16.84,303.58,7.85
1977-02-12,0.25,0.35,-0.02,3.35,13.40,0.46,3.27,42.02,280.53,3.84
1977-02-13,0.20,0.21,0.46,2.41,9.61,0.26,3.64,37.03,289.42,3.07
1977-02-14,0.09,0.19,2.05,2.01,8.02,0.23,4.19,36.63,298.96,2.86
1977-02-15,1.95,0.34,2.49,1.69,6.77,0.49,4.20,37.61,300.51,4.99
1977-02-16,0.95,0.34,2.73,1.85,7.41,0.46,4.20,45.25,295.78,3.80
1977-02-17,9.01,0.41,1.44,3.10,12.40,0.59,3.75,39.73,294.15,5.01
1977-02-18,1.99,0.22,2.84,3.95,15.80,0.32,4.53,39.96,303.22,4.30
1977-02-19,0.69,0.43,3.20,2.78,11.10,0.61,4.32,43.68,301.57,5.01
1977-02-20,7.68,0.06,1.84,2.25,8.99,0.09,4.26,20.43,303.27,3.27
1977-02-21,6.42,0.33,2.50,4.46,17.80,0.45,4.18,37.72,304.17,3.67
1977-02-22,3.02,0.00,3.18,5.26,21.00,0.00,4.98,21.34,310.85,4.80
1977-02-23,0.43,0.63,1.77,3.20,12.80,0.89,3.70,52.71,289.52,6.79
1977-02-24,0.27,0.64,0.96,2.04,8.16,0.87,3.45,53.28,285.57,6.88
1977-02-25,0.10,0.57,0.90,1.51,6.03,0.64,3.35,55.27,284.14,4.29
1977-02-26,0.13,0.55,-0.41,1.18,4.73,0.63,2.80,91.87,252.08,2.53
1977-02-27,0.10,0.47,0.19,1.03,4.10,0.50,3.33,93.74,257.95,2.83
1977-02-28,0.08,0.61,-0.27,0.88,3.53,0.69,2.92,118.60,238.95,2.61
1977-03-01,0.46,0.49,2.41,0.90,3.58,0.57,3.57,48.34,298.60,2.02
1977-03-02,4.08,0.18,5.72,1.27,5.06,0.26,5.87,45.61,321.71,4.78
1977-03-03,1.01,1.81,7.73,1.92,7.66,2.14,4.62,87.52,300.59,8.94
1977-03-04,0.29,1.76,5.62,1.33,5.33,2.08,4.01,122.02,269.60,10.24
1977-03-05,0.00,1.14,6.49,0.92,3.67,1.14,5.07,119.78,281.55,8.33
1977-03-06,0.00,0.52,5.13,0.76,3.02,0.52,4.79,48.73,316.97,2.52
1977-03-07,0.07,0.94,6.00,0.70,2.80,1.04,4.61,56.82,315.81,4.51
1977-03-08,0.00,1.12,6.45,0.64,2.57,1.12,4.79,68.43,312.27,6.20
1977-03-09,2.52,1.52,8.87,0.62,2.47,1.80,5.32,69.40,324.10,6.90
1977-03-10,0.59,0.89,4.77,0.70,2.81,1.18,4.53,60.14,310.47,7.16
1977-03-11,1.02,1.17,6.72,0.66,2.62,1.45,4.96,73.70,313.17,7.17
1977-03-12,0.03,1.08,4.85,0.62,2.47,1.14,4.28,121.56,278.81,4.15
1977-03-13,5.05,0.81,3.92,0.55,2.21,1.02,4.31,85.84,294.91,4.70
1977-03-14,3.14,0.56,4.90,1.05,4.18,0.77,5.09,66.71,311.77,5.92
1977-03-15,7.69,0.65,5.54,1.59,6.34,0.91,5.26,74.20,311.76,6.89
1977-03-16,0.61,1.32,6.67,2.44,9.76,1.58,4.87,122.53,291.81,5.72
1977-03-17,0.68,0.97,6.22,1.23,4.90,1.26,5.17,85.03,310.22,7.44
1977-03-18,1.80,1.17,6.71,0.93,3.72,1.42,5.04,98.28,306.09,5.70
1977-03-19,3.66,0.59,5.01,0.90,3.60,0.72,5.09,71.23,312.71,3.10
1977-03-20,7.86,0.58,4.79,2.58,10.30,0.82,5.05,65.92,314.54,6.35
1977-03-21,5.92,0.77,3.27,3.03,12.10,1.04,4.19,62.58,307.47,6.69
1977-03-22,2.26,0.40,3.16,2.93,11.70,0.57,4.37,35.36,308.91,5.08
1977-03-23,4.37,0.57,4.00,2.24,8.94,0.77,4.77,68.37,310.78,5.04
1977-03-24,0.10,0.73,3.91,2.58,10.30,0.84,4.40,73.88,307.28,3.34
1977-03-25,0.00,0.88,3.69,1.59,6.36,0.88,4.06,95.53,296.28,2.54
1977-03-26,3.75,0.28,3.89,1.24,4.97,0.37,4.79,37.54,313.22,3.22
1977-03-27,2.86,1.14,0.99,1.41,5.64,1.47,3.34,148.04,262.69,7.99
1977-03-28,0.34,1.25,0.50,1.34,5.36,1.58,3.09,168.50,252.15,7.19
1977-03-29,0.01,1.29,1.51,1.20,4.79,1.31,2.84,138.17,266.11,3.22
1977-03-30,7.57,1.14,1.94,1.01,4.05,1.45,3.32,74.00,297.18,7.05
1977-03-31,7.79,1.48,4.64,5.36,21.40,1.83,4.01,83.60,307.76,9.45
1977-04-01,6.44,1.53,6.32,4.08,16.30,1.89,4.88,139.21,297.50,10.07
1977-04-02,4.39,2.04,5.06,2.88,11.50,2.38,3.86,183.69,271.45,9.04
1977-04-03,4.39,0.78,2.51,3.35,13.40,1.07,4.15,99.68,295.74,6.99
1977-04-04,0.02,1.67,3.06,2.31,9.24,1.73,3.04,125.13,282.64,5.54
1977-04-05,3.43,1.80,6.19,1.66,6.65,2.09,4.38,142.83,295.93,7.11
1977-04-06,7.74,1.98,3.84,1.57,6.29,2.32,3.40,165.87,274.20,8.72
1977-04-07,0.14,1.46,1.52,1.98,7.91,1.65,3.27,176.27,262.94,8.00
1977-04-08,0.00,1.36,0.67,1.72,6.87,1.36,2.78,153.12,265.07,3.68
1977-04-09,0.89,1.15,1.52,1.59,6.34,1.30,3.31,139.46,276.90,2.52
1977-04-10,2.28,0.99,3.80,2.19,8.75,1.19,4.43,115.86,299.45,3.96
1977-04-11,1.59,1.61,4.30,1.57,6.28,1.86,3.90,160.97,284.04,4.95
1977-04-12,4.61,2.10,7.71,1.97,7.88,2.43,4.81,148.92,305.72,8.55
1977-04-13,0.27,2.60,5.36,2.02,8.09,2.85,3.58,227.26,264.21,9.67
1977-04-14,0.00,2.11,4.62,1.02,4.09,2.11,3.78,207.38,270.86,8.44
1977-04-15,0.47,2.17,4.02,0.74,2.96,2.40,3.16,215.67,262.46,4.31
1977-04-16,5.15,1.33,6.16,0.72,2.89,1.58,4.83,106.59,315.55,5.64
1977-04-17,0.00,1.40,3.35,0.97,3.86,1.40,3.91,155.95,285.68,4.67
1977-04-18,0.01,1.49,2.33,0.73,2.93,1.51,2.99,139.97,281.87,3.36
1977-04-19,1.28,1.68,5.03,0.64,2.56,1.92,3.93,137.18,298.73,4.85
1977-04-20,1.56,1.28,8.02,0.65,2.58,1.51,5.81,107.91,326.96,5.29
1977-04-21,2.85,1.70,10.41,0.78,3.13,2.00,6.49,104.65,339.92,8.14
1977-04-22,0.77,1.27,9.22,1.15,4.60,1.57,6.54,112.16,332.84,8.08
1977-04-23,3.30,2.49,7.37,0.97,3.88,2.79,4.47,209.23,289.54,7.18
1977-04-24,0.99,1.63,5.08,0.80,3.20,1.88,4.52,179.43,291.30,5.22
1977-04-25,0.90,1.43,7.68,0.70,2.79,1.70,5.69,134.11,319.23,6.50
1977-04-26,2.75,2.28,7.30,0.70,2.78,2.54,4.64,201.83,294.15,5.70
1977-04-27,2.88,2.31,6.12,0.68,2.70,2.62,4.20,208.15,286.21,7.60
1977-04-28,4.23,1.67,5.48,0.67,2.68,1.95,4.49,160.58,299.73,6.05
1977-04-29,2.46,1.88,5.88,1.04,4.14,2.11,4.58,191.61,293.20,4.70
1977-04-30,1.77,1.91,6.23,0.92,3.67,2.12,4.49,177.17,298.60,4.31
1977-05-01,5.84,1.76,5.41,0.78,3.10,1.93,5.08,216.95,289.09,3.17
1977-05-02,9.10,1.03,5.69,2.09,8.34,1.25,4.95,87.73,321.03,4.79
1977-05-03,6.60,1.06,5.79,4.63,18.50,1.29,5.27,114.66,318.06,5.14
1977-05-04,0.07,1.64,6.94,2.21,8.82,1.73,5.20,159.20,311.26,3.29
1977-05-05,0.01,1.47,7.36,1.23,4.92,1.48,5.15,114.10,324.88,3.98
1977-05-06,1.69,1.69,6.67,0.94,3.75,1.94,4.88,144.53,313.41,5.41
1977-05-07,6.83,1.44,6.80,1.20,4.80,1.72,5.03,103.10,325.39,6.48
1977-05-08,0.31,1.34,7.15,2.19,8.73,1.52,5.54,127.06,322.34,3.57
1977-05-09,0.33,1.31,7.50,1.23,4.92,1.45,5.49,113.40,327.32,2.68
1977-05-10,0.22,2.91,9.72,0.92,3.68,3.05,5.45,250.34,300.92,5.08
1977-05-11,1.58,1.82,9.31,0.72,2.86,2.06,6.26,164.51,324.52,5.60
1977-05-12,5.53,1.59,7.68,1.12,4.48,1.79,5.48,140.54,321.89,4.08
1977-05-13,2.26,1.97,4.85,1.25,5.01,2.18,4.16,205.12,289.84,4.09
1977-05-14,0.57,2.00,3.87,0.97,3.88,2.11,4.03,230.00,279.88,2.58
1977-05-15,3.19,1.68,5.28,1.03,4.10,1.85,4.93,192.84,298.62,3.06
1977-05-16,0.01,2.40,5.95,0.94,3.74,2.42,4.82,273.31,281.40,3.47
1977-05-17,0.00,2.89,5.58,0.62,2.47,2.89,4.14,321.74,264.47,3.72
1977-05-18,0.00,2.77,6.41,0.49,1.96,2.77,4.59,295.67,276.74,2.91
1977-05-19,0.00,1.95,6.94,0.44,1.74,1.95,4.24,160.53,310.74,2.42
1977-05-20,0.00,3.11,9.01,0.40,1.58,3.11,5.54,308.70,288.06,4.29
1977-05-21,0.00,3.63,9.43,0.35,1.40,3.63,5.33,352.42,277.75,4.24
1977-05-22,0.03,3.67,10.56,0.32,1.29,3.71,5.18,317.86,289.47,2.73
1977-05-23,0.06,1.05,10.46,0.31,1.25,1.12,7.03,79.91,345.53,3.90
1977-05-24,0.05,2.41,10.35,0.31,1.24,2.47,6.38,209.68,321.19,3.88
1977-05-25,0.01,2.66,10.00,0.30,1.19,2.67,6.30,250.95,310.19,4.39
1977-05-26,0.00,2.92,10.65,0.28,1.13,2.92,6.54,274.21,308.38,4.55
1977-05-27,0.00,3.95,11.23,0.27,1.06,3.95,6.00,356.03,288.53,3.79
1977-05-28,0.00,4.14,12.55,0.25,1.00,4.14,6.39,350.25,296.63,3.23
1977-05-29,0.03,1.95,8.97,0.24,0.96,2.00,5.75,153.46,327.72,5.36
1977-05-30,0.00,2.60,7.33,0.24,0.97,2.60,4.66,239.91,296.89,4.29
1977-05-31,0.00,3.11,7.87,0.23,0.93,3.11,4.84,302.62,284.97,2.75
1977-06-01,0.00,3.64,9.86,0.22,0.89,3.64,5.88,351.77,283.32,2.48
1977-06-02,0.00,3.57,12.14,0.22,0.86,3.57,6.35,301.34,305.85,2.07
1977-06-03,0.00,4.79,15.64,0.21,0.83,4.79,6.21,315.67,314.10,4.11
1977-06-04,3.74,2.84,11.92,0.20,0.81,3.05,6.09,186.46,333.17,4.77
1977-06-05,0.89,2.70,10.46,0.22,0.89,2.96,6.07,219.87,319.04,6.24
1977-06-06,32.83,1.31,6.91,1.59,6.37,1.56,5.45,117.00,327.11,5.69
1977-06-07,1.45,2.46,7.61,1.64,6.56,2.72,4.69,200.82,307.46,5.89
1977-06-08,2.76,2.58,8.35,0.69,2.74,2.78,5.18,234.34,304.37,4.04
1977-06-09,0.84,2.61,8.48,0.61,2.43,2.75,5.79,266.02,300.11,3.64
1977-06-10,15.33,1.16,7.51,0.55,2.18,1.46,5.46,67.89,330.22,8.02
1977-06-11,0.75,1.63,7.52,2.14,8.56,1.91,5.38,131.76,326.40,6.62
1977-06-12,12.94,2.61,9.88,0.84,3.36,2.81,6.17,239.73,313.13,4.27
1977-06-13,7.31,0.96,8.97,4.33,17.30,1.13,7.02,105.26,338.60,3.92
1977-06-14,0.07,1.86,9.82,2.55,10.20,1.96,6.61,171.53,329.86,6.41
1977-06-15,0.00,2.23,9.70,0.96,3.85,2.23,6.18,194.20,323.22,6.90
1977-06-16,0.00,2.09,8.99,0.63,2.50,2.09,5.72,168.97,324.91,5.58
1977-06-17,0.16,1.81,8.94,0.50,1.98,1.95,5.66,129.20,333.97,4.84
1977-06-18,0.01,2.30,10.00,0.44,1.75,2.31,5.98,179.97,327.29,4.67
1977-06-19,0.01,1.92,9.05,0.39,1.56,1.93,5.98,163.22,327.23,4.83
1977-06-20,0.00,2.97,9.44,0.35,1.39,2.97,5.41,259.34,303.98,4.45
1977-06-21,0.00,3.55,9.03,0.31,1.22,3.55,5.35,347.46,280.99,3.16
1977-06-22,0.00,3.61,10.43,0.27,1.09,3.61,5.77,328.04,292.51,2.66
1977-06-23,0.00,3.24,12.11,0.26,1.02,3.24,6.96,277.82,315.74,2.96
1977-06-24,0.00,2.86,13.33,0.24,0.96,2.86,8.07,240.04,332.39,3.34
1977-06-25,2.25,2.00,13.13,0.25,0.98,2.16,8.03,149.25,351.34,3.65
1977-06-26,0.53,2.91,11.66,0.28,1.12,3.10,5.96,197.42,329.80,4.81
1977-06-27,0.01,2.30,11.70,0.24,0.97,2.31,6.89,171.79,338.39,4.53
1977-06-28,1.42,2.55,11.31,0.23,0.93,2.71,6.34,195.31,329.91,3.49
1977-06-29,0.12,3.16,11.09,0.22,0.89,3.29,6.22,270.34,310.47,3.77
1977-06-30,8.86,2.70,13.15,0.23,0.93,2.96,7.44,186.21,342.21,7.14
1977-07-01,0.88,2.21,12.81,0.31,1.22,2.39,7.47,157.04,347.10,4.00
1977-07-02,0.20,2.64,14.84,0.26,1.02,2.79,8.45,180.65,351.82,4.73
1977-07-03,0.00,3.54,16.12,0.23,0.92,3.54,8.31,241.33,342.62,3.76
1977-07-04,0.00,3.93,16.67,0.21,0.84,3.93,9.81,311.06,332.88,2.86
1977-07-05,0.00,3.83,15.72,0.19,0.78,3.83,8.88,303.54,327.73,3.29
1977-07-06,0.00,3.88,15.56,0.18,0.73,3.88,8.83,311.44,325.00,2.83
1977-07-07,0.00,4.04,16.15,0.18,0.70,4.04,8.63,311.09,326.26,2.34
1977-07-08,0.02,2.66,15.15,0.17,0.68,2.68,9.16,207.79,347.27,3.54
1977-07-09,0.00,2.49,13.36,0.17,0.67,2.49,8.22,209.02,337.75,5.39
1977-07-10,0.00,2.66,12.97,0.17,0.67,2.66,8.10,238.84,328.92,4.78
1977-07-11,0.03,2.65,12.57,0.17,0.67,2.70,7.56,224.28,329.18,4.16
1977-07-12,0.22,1.69,11.65,0.17,0.68,1.83,7.56,137.77,345.49,4.01
1977-07-13,0.01,1.73,11.51,0.17,0.70,1.74,7.39,138.57,344.46,4.03
1977-07-14,0.00,3.19,10.38,0.17,0.68,3.19,4.98,223.02,311.22,5.31
1977-07-15,1.65,3.04,10.90,0.17,0.66,3.19,5.65,248.71,309.09,3.02
1977-07-16,0.66,3.42,13.76,0.17,0.69,3.65,7.07,242.20,326.97,5.73
1977-07-17,5.69,1.54,11.48,0.18,0.70,1.73,7.46,120.72,348.12,4.11
1977-07-18,1.05,1.98,12.63,0.21,0.83,2.20,7.64,139.61,348.92,5.36
1977-07-19,1.31,2.68,12.90,0.19,0.74,2.89,7.13,189.16,336.71,5.31
1977-07-20,0.30,2.22,12.06,0.18,0.73,2.42,6.84,144.56,343.83,5.23
1977-07-21,0.26,2.00,12.37,0.18,0.70,2.08,7.15,135.04,347.94,3.88
1977-07-22,0.53,1.79,14.44,0.18,0.70,1.92,8.73,126.22,360.45,2.85
1977-07-23,1.88,1.72,16.14,0.18,0.72,1.94,10.44,128.79,367.10,6.29
1977-07-24,2.01,3.14,13.45,0.18,0.72,3.43,7.02,194.96,336.06,8.26
1977-07-25,1.33,1.86,11.63,0.18,0.72,2.07,7.17,138.89,342.89,4.80
1977-07-26,2.25,2.12,11.77,0.18,0.72,2.33,6.70,137.93,342.94,4.87
1977-07-27,0.12,2.18,10.83,0.18,0.72,2.27,5.92,153.84,332.55,3.36
1977-07-28,0.00,1.86,11.02,0.17,0.66,1.86,6.66,146.18,336.94,2.73
1977-07-29,0.01,2.52,12.40,0.16,0.64,2.54,6.76,199.32,328.37,2.41
1977-07-30,0.00,2.12,13.36,0.16,0.63,2.12,8.21,171.74,342.49,3.47
1977-07-31,0.00,2.80,14.74,0.15,0.61,2.80,7.46,190.84,341.67,3.00
1977-08-01,0.00,2.63,17.44,0.15,0.61,2.63,10.39,189.15,357.65,3.54
1977-08-02,0.00,2.10,16.85,0.16,0.62,2.10,10.26,148.09,364.39,3.44
1977-08-03,0.25,2.99,13.47,0.14,0.57,3.15,7.22,235.31,321.19,3.62
1977-08-04,7.11,1.34,11.56,0.14,0.57,1.57,7.09,72.89,350.69,5.53
1977-08-05,0.29,2.91,12.65,0.17,0.67,3.08,6.89,232.09,316.90,4.62
1977-08-06,0.00,2.16,10.19,0.16,0.64,2.16,6.62,207.77,313.33,3.33
1977-08-07,0.00,2.28,11.46,0.14,0.55,2.28,6.85,195.54,322.03,3.56
1977-08-08,0.00,2.31,10.96,0.13,0.53,2.31,7.10,226.03,311.83,2.92
1977-08-09,0.00,2.67,11.18,0.12,0.48,2.67,6.95,259.32,302.02,2.57
1977-08-10,0.00,2.64,12.52,0.12,0.48,2.64,7.81,246.77,313.30,2.08
1977-08-11,0.00,2.74,12.97,0.12,0.48,2.74,7.74,248.52,313.55,2.00
1977-08-12,0.01,2.36,12.17,0.12,0.48,2.37,7.81,225.84,316.86,2.61
1977-08-13,2.34,0.77,13.61,0.13,0.51,0.89,9.37,72.17,359.92,3.56
1977-08-14,0.16,1.32,14.83,0.14,0.54,1.45,9.45,96.26,365.21,3.29
1977-08-15,1.67,1.34,14.84,0.15,0.59,1.49,9.54,99.84,364.02,3.63
1977-08-16,0.02,2.83,14.51,0.14,0.58,2.86,8.43,237.46,322.02,5.50
1977-08-17,5.00,2.28,13.33,0.14,0.56,2.53,8.12,194.94,328.53,6.70
1977-08-18,3.25,1.43,11.64,0.14,0.57,1.67,7.38,94.56,349.79,5.92
1977-08-19,6.07,1.64,12.17,0.17,0.69,1.90,7.52,109.26,347.57,6.60
1977-08-20,1.59,1.22,13.36,0.21,0.83,1.40,8.98,107.93,353.60,4.54
1977-08-21,0.00,2.00,13.37,0.17,0.66,2.00,8.48,182.90,331.13,4.89
1977-08-22,0.35,2.20,13.15,0.14,0.57,2.37,7.99,194.15,325.00,4.11
1977-08-23,3.34,1.97,12.06,0.14,0.55,2.10,7.55,184.52,321.97,2.53
1977-08-24,15.08,1.43,12.10,0.17,0.66,1.67,7.60,93.15,350.80,6.07
1977-08-25,5.01,1.56,13.87,0.36,1.44,1.74,9.04,139.57,345.07,4.27
1977-08-26,19.63,1.18,12.90,0.66,2.65,1.34,8.67,105.21,350.40,3.95
1977-08-27,0.01,1.87,10.70,0.72,2.89,1.90,6.43,140.53,325.74,5.77
1977-08-28,0.07,1.74,9.18,0.31,1.22,1.86,5.74,143.45,315.94,4.60
1977-08-29,1.90,2.16,14.05,0.25,1.01,2.39,8.03,141.03,342.16,6.30
1977-08-30,8.66,0.38,11.29,0.37,1.48,0.48,8.19,46.18,349.60,3.56
1977-08-31,2.80,1.63,11.52,0.49,1.94,1.80,7.31,149.90,325.91,3.51
1977-09-01,7.56,1.65,12.94,0.45,1.80,1.90,7.76,91.58,352.57,6.95
1977-09-02,1.23,2.51,13.21,0.75,2.99,2.77,7.03,155.08,328.20,7.05
1977-09-03,0.39,2.42,10.71,0.33,1.32,2.55,5.68,201.89,294.05,4.52
1977-09-04,6.40,1.50,11.43,0.43,1.72,1.78,7.16,92.47,343.59,7.79
1977-09-05,6.58,2.69,12.40,0.59,2.37,2.94,6.02,148.99,321.72,6.61
1977-09-06,1.54,1.06,13.04,0.62,2.49,1.28,9.25,135.39,336.87,6.06
1977-09-07,0.06,1.76,8.99,0.43,1.71,1.84,5.67,169.50,297.61,4.16
1977-09-08,0.10,1.45,9.61,0.28,1.13,1.58,6.07,114.61,322.94,4.40
1977-09-09,8.27,1.54,8.13,0.24,0.97,1.75,5.08,113.31,313.63,4.40
1977-09-10,0.90,0.35,11.00,0.45,1.78,0.49,8.04,40.33,348.23,5.77
1977-09-11,0.56,1.36,14.80,0.41,1.64,1.61,9.54,104.65,352.73,7.56
1977-09-12,0.01,1.90,10.82,0.33,1.31,1.93,6.15,146.64,311.53,5.08
1977-09-13,0.00,1.23,9.44,0.25,0.98,1.23,6.36,122.00,316.78,3.35
1977-09-14,0.00,1.50,13.05,0.22,0.87,1.50,8.12,111.58,339.22,6.65
1977-09-15,0.78,1.04,13.53,0.21,0.84,1.21,8.99,95.29,348.14,4.53
1977-09-16,0.16,1.07,7.12,0.20,0.81,1.25,5.32,87.74,317.39,4.92
1977-09-17,0.00,1.41,8.21,0.19,0.77,1.41,5.13,74.22,327.08,5.43
1977-09-18,0.00,1.47,8.12,0.18,0.73,1.47,5.62,166.33,285.13,4.93
1977-09-19,0.00,1.10,7.46,0.17,0.70,1.10,5.34,81.72,319.90,4.92
1977-09-20,0.73,0.81,8.66,0.17,0.70,0.98,5.68,34.94,335.70,4.24
1977-09-21,0.17,0.59,8.85,0.17,0.70,0.70,6.29,34.41,337.55,4.58
1977-09-22,0.00,0.70,8.43,0.18,0.71,0.70,6.06,58.77,335.07,2.43
1977-09-23,0.00,0.84,9.31,0.18,0.71,0.84,6.17,63.52,336.35,2.71
1977-09-24,0.14,0.66,10.74,0.18,0.70,0.78,7.68,63.84,343.60,6.47
1977-09-25,4.00,0.88,12.57,0.18,0.74,1.08,8.26,59.59,353.78,5.51
1977-09-26,0.61,0.90,12.48,0.23,0.91,1.02,8.14,77.96,344.05,3.70
1977-09-27,4.22,0.53,13.27,0.21,0.85,0.66,8.68,31.51,358.94,4.43
1977-09-28,0.82,1.29,13.54,0.30,1.18,1.57,8.71,106.98,334.00,9.49
1977-09-29,2.98,1.45,11.26,0.27,1.08,1.75,6.83,58.77,345.36,8.65
1977-09-30,10.69,1.50,11.93,0.55,2.18,1.81,7.21,64.96,344.87,9.48
1977-10-01,0.16,1.59,7.69,0.86,3.43,1.89,5.07,110.37,294.00,9.50
1977-10-02,0.08,1.40,8.49,0.38,1.51,1.46,5.40,116.10,293.89,6.12
1977-10-03,9.91,0.75,7.27,0.30,1.18,0.93,5.46,52.35,326.78,4.13
1977-10-04,5.54,0.60,9.51,0.94,3.74,0.76,6.98,68.47,329.10,4.31
1977-10-05,1.17,0.87,7.50,1.17,4.69,1.05,5.53,100.15,297.24,3.99
1977-10-06,10.34,0.01,8.59,0.71,2.85,0.04,7.19,26.65,337.07,5.94
1977-10-07,8.11,0.25,10.35,3.70,14.80,0.35,7.96,45.37,344.63,5.17
1977-10-08,0.86,0.47,7.45,1.70,6.78,0.56,6.20,83.18,307.00,2.50
1977-10-09,1.92,0.48,8.93,0.97,3.87,0.60,6.68,51.10,333.32,3.43
1977-10-10,0.03,1.03,8.50,0.78,3.13,1.10,5.52,90.87,301.03,4.47
1977-10-11,3.01,0.95,7.65,0.53,2.10,1.17,5.30,61.74,316.19,5.08
1977-10-12,0.48,1.36,9.61,0.54,2.17,1.63,5.97,83.91,309.53,8.08
1977-10-13,0.00,0.93,9.94,0.44,1.76,0.93,6.14,76.74,315.43,3.77
1977-10-14,0.00,0.57,8.70,0.36,1.43,0.57,6.18,74.96,311.07,2.67
1977-10-15,0.03,0.54,9.95,0.33,1.30,0.57,6.96,60.59,327.38,3.42
1977-10-16,0.17,0.51,9.94,0.30,1.21,0.60,6.87,61.20,325.85,2.82
1977-10-17,0.02,0.43,9.46,0.29,1.17,0.44,6.87,61.64,322.66,2.88
1977-10-18,0.20,0.48,10.21,0.28,1.13,0.57,7.09,51.98,332.51,3.16
1977-10-19,1.01,0.36,11.71,0.27,1.09,0.45,8.21,47.09,343.11,3.37
1977-10-20,4.76,0.52,12.46,0.29,1.15,0.63,8.18,46.34,346.34,3.44
1977-10-21,0.39,0.34,13.25,0.41,1.65,0.42,9.03,38.64,355.16,3.16
1977-10-22,0.61,0.77,12.98,0.38,1.50,0.92,7.98,73.74,324.90,4.07
1977-10-23,2.42,0.85,10.19,0.33,1.30,1.03,6.59,67.45,313.85,5.81
1977-10-24,2.97,0.37,10.96,0.69,2.77,0.53,7.90,37.36,343.68,6.72
1977-10-25,0.03,0.88,9.93,0.60,2.41,0.91,5.97,75.25,300.89,4.35
1977-10-26,0.04,0.76,9.62,0.38,1.53,0.78,6.38,34.17,337.78,5.37
1977-10-27,0.52,1.05,10.17,0.31,1.25,1.25,6.12,54.11,319.71,5.86
1977-10-28,0.41,0.35,8.47,0.29,1.16,0.52,6.63,33.40,332.42,7.00
1977-10-29,0.25,0.85,10.44,0.29,1.16,0.94,6.66,36.47,337.45,5.92
1977-10-30,13.44,1.41,10.73,0.28,1.10,1.74,6.34,16.32,346.15,10.16
1977-10-31,1.84,0.52,8.88,2.17,8.65,0.73,6.47,50.39,314.99,6.83
1977-11-01,2.96,0.49,5.43,0.99,3.94,0.65,4.81,45.27,299.85,4.63
1977-11-02,2.67,0.13,6.55,0.98,3.91,0.17,5.82,39.05,313.25,2.55
1977-11-03,1.25,0.63,5.42,0.94,3.77,0.89,4.79,48.69,293.73,7.06
1977-11-04,1.81,1.06,5.29,0.76,3.03,1.35,4.11,54.90,281.41,7.38
1977-11-05,6.49,0.01,6.13,1.22,4.89,0.03,6.05,25.13,324.66,5.69
1977-11-06,6.98,1.44,7.81,1.58,6.33,1.75,4.70,36.12,313.96,8.05
1977-11-07,6.52,0.17,8.51,3.03,12.10,0.29,6.84,36.47,321.82,8.08
1977-11-08,4.23,0.93,6.21,3.30,13.20,1.23,4.69,42.38,297.81,7.90
1977-11-09,19.13,0.83,8.31,6.63,26.50,1.03,5.34,26.31,328.38,4.81
1977-11-10,5.67,0.44,10.00,6.21,24.80,0.64,7.15,31.85,331.38,7.70
1977-11-11,15.81,1.52,9.63,7.46,29.80,1.87,5.69,38.95,315.96,10.97
1977-11-12,0.43,0.93,3.89,4.88,19.50,1.18,4.00,34.67,291.72,10.09
1977-11-13,1.75,1.40,4.66,2.16,8.64,1.72,3.35,44.46,275.66,7.73
1977-11-14,1.89,0.23,4.25,2.18,8.70,0.46,5.01,27.97,304.75,11.57
1977-11-15,0.50,1.22,3.59,1.38,5.53,1.57,3.57,25.63,298.46,10.09
1977-11-16,6.32,0.24,2.33,1.11,4.44,0.34,4.03,22.18,300.27,3.83
1977-11-17,1.41,0.49,1.16,1.56,6.25,0.70,3.30,36.65,270.28,5.52
1977-11-18,0.29,0.90,2.05,1.53,6.10,1.13,3.02,38.78,266.89,6.48
1977-11-19,1.82,0.33,3.85,1.26,5.03,0.55,4.68,20.23,309.66,8.29
1977-11-20,1.58,0.60,1.69,1.30,5.19,0.88,3.49,28.22,283.00,7.30
1977-11-21,8.25,0.61,1.08,2.53,10.10,0.92,3.40,25.73,283.40,8.66
1977-11-22,0.12,0.96,2.90,2.33,9.30,1.15,3.42,23.07,293.71,7.51
1977-11-23,6.70,0.11,4.39,2.80,11.20,0.21,5.13,22.66,306.85,8.72
1977-11-24,0.01,1.08,2.49,2.35,9.38,1.11,3.23,30.70,276.59,9.32
1977-11-25,0.05,0.48,2.24,1.20,4.80,0.56,3.72,30.07,279.04,6.70
1977-11-26,0.44,0.31,1.72,0.93,3.70,0.43,3.56,23.05,287.42,3.87
1977-11-27,0.45,0.04,-0.27,0.80,3.21,0.05,3.16,29.66,266.22,1.97
1977-11-28,0.00,0.04,-0.47,0.75,2.98,0.04,3.11,30.10,263.60,2.01
1977-11-29,0.00,0.04,-1.16,0.62,2.48,0.04,2.98,30.07,259.65,2.42
1977-11-30,0.40,0.05,-1.00,0.56,2.24,0.07,2.96,24.12,269.63,1.88
1977-12-01,1.89,0.00,1.06,0.65,2.60,0.01,4.03,15.61,297.63,2.58
1977-12-02,0.00,0.11,1.21,0.71,2.82,0.11,3.61,22.41,282.81,3.02
1977-12-03,0.00,0.50,0.52,0.56,2.25,0.50,3.13,8.31,292.86,5.47
1977-12-04,0.04,0.36,1.95,0.55,2.18,0.39,3.84,21.66,287.01,7.04
1977-12-05,0.00,0.37,2.84,0.56,2.22,0.37,4.12,17.88,298.61,6.66
1977-12-06,1.33,0.64,3.02,0.53,2.12,0.93,3.96,13.82,306.59,8.02
1977-12-07,12.68,0.53,2.16,1.08,4.30,0.82,3.80,15.01,299.71,8.08
1977-12-08,1.94,0.00,3.21,3.83,15.30,0.00,4.76,14.81,307.56,3.25
1977-12-09,3.95,0.00,4.68,2.08,8.32,0.00,5.52,20.05,304.78,3.50
1977-12-10,10.08,0.08,5.51,2.41,9.64,0.15,5.51,16.18,315.47,6.63
1977-12-11,8.81,0.41,6.47,6.56,26.20,0.64,5.44,19.55,311.76,8.02
1977-12-12,0.28,0.19,6.52,5.38,21.50,0.27,5.49,19.18,312.64,4.52
1977-12-13,0.16,0.08,6.44,2.37,9.48,0.12,5.78,13.28,325.29,3.98
1977-12-14,0.01,0.34,7.66,1.65,6.60,0.35,5.96,13.50,330.30,5.51
1977-12-15,0.00,0.01,6.29,1.18,4.73,0.01,5.28,30.44,287.08,2.61
1977-12-16,0.00,0.00,4.27,0.97,3.89,0.00,5.16,13.95,313.07,2.76
1977-12-17,3.73,0.03,4.65,1.03,4.13,0.04,4.98,7.36,316.91,2.64
1977-12-18,0.14,0.00,3.52,1.33,5.33,0.00,4.79,13.22,310.39,1.45
1977-12-19,0.01,0.00,3.55,1.02,4.08,0.00,4.53,21.61,291.51,2.15
1977-12-20,0.12,0.00,2.99,0.83,3.30,0.00,4.31,23.24,285.16,2.06
1977-12-21,1.27,0.07,2.06,0.76,3.05,0.12,4.13,19.96,287.78,4.79
1977-12-22,16.20,0.19,5.06,2.17,8.66,0.28,4.92,19.81,302.54,4.67
1977-12-23,17.76,0.15,7.35,13.72,54.80,0.24,6.17,12.77,330.40,5.73
1977-12-24,2.62,0.80,6.59,7.38,29.50,1.13,5.10,20.49,307.69,10.41
1977-12-25,1.32,0.67,5.76,2.83,11.30,0.88,4.40,18.28,306.72,5.16
1977-12-26,4.24,0.28,4.89,2.50,9.99,0.41,4.81,16.25,309.70,4.99
1977-12-27,0.05,0.20,2.05,2.31,9.21,0.25,3.89,22.19,282.68,4.98
1977-12-28,0.58,0.93,2.38,1.47,5.88,1.27,3.37,18.81,288.26,8.93
1977-12-29,0.00,0.09,3.51,1.21,4.84,0.09,4.75,19.84,297.31,8.02
1977-12-30,0.00,1.04,2.58,1.00,3.99,1.04,3.21,28.09,268.84,9.06
1977-12-31,0.01,0.58,3.60,0.79,3.16,0.61,3.88,14.50,305.88,4.97
1978-01-01,1.01,0.72,6.15,0.76,3.04,0.99,4.77,20.15,306.80,7.15
1978-01-02,15.45,0.46,2.92,1.57,6.27,0.70,3.83,33.03,263.68,7.15
1978-01-03,0.12,0.36,1.14,3.45,13.80,0.50,3.64,18.49,287.37,7.35
1978-01-04,0.78,0.22,-0.82,1.19,4.74,0.30,2.42,30.16,248.65,2.77
1978-01-05,0.07,0.00,0.87,1.79,7.14,0.00,4.77,14.20,300.59,6.79
1978-01-06,0.01,0.48,5.20,1.68,6.73,0.50,4.64,21.80,301.67,5.92
1978-01-07,0.01,0.34,4.69,1.02,4.06,0.35,4.57,18.75,306.45,4.52
1978-01-08,4.05,0.27,2.47,0.83,3.33,0.39,3.75,27.46,277.32,4.30
1978-01-09,1.63,0.00,2.20,1.35,5.38,0.00,4.65,26.79,283.11,5.92
1978-01-10,4.92,0.38,0.35,1.21,4.83,0.58,3.34,17.58,288.19,6.02
1978-01-11,4.14,0.38,0.49,1.23,4.91,0.65,3.53,18.56,288.44,8.99
1978-01-12,0.25,0.69,0.01,0.90,3.58,0.87,2.91,26.35,268.71,8.08
1978-01-13,0.05,0.00,1.42,1.55,6.19,0.00,4.36,24.39,286.32,4.58
1978-01-14,0.02,0.02,1.78,1.61,6.44,0.02,3.92,27.33,280.97,2.12
1978-01-15,1.15,0.03,0.18,1.50,6.01,0.05,3.56,21.26,285.00,2.31
1978-01-16,4.92,0.00,0.30,1.77,7.08,0.00,3.96,9.68,296.13,2.36
1978-01-17,0.00,0.13,-1.10,1.30,5.18,0.13,2.85,35.62,253.25,3.03
1978-01-18,3.07,0.09,-3.10,0.72,2.87,0.14,2.45,39.14,239.50,2.88
1978-01-19,0.83,0.00,-2.50,0.83,3.30,0.00,3.46,10.25,283.44,5.10
1978-01-20,0.69,0.00,-0.50,0.79,3.15,0.00,3.77,10.46,292.28,2.81
1978-01-21,1.17,0.26,0.03,0.96,3.83,0.37,3.27,21.52,286.58,3.77
1978-01-22,0.89,0.00,1.13,2.85,11.40,0.00,4.45,20.66,298.13,5.62
1978-01-23,13.11,0.15,0.93,2.75,11.00,0.23,3.78,11.12,297.80,4.73
1978-01-24,0.15,0.32,2.17,4.08,16.30,0.51,4.05,26.56,292.80,7.05
1978-01-25,0.12,0.66,2.50,2.07,8.26,0.80,3.47,40.55,270.43,6.06
1978-01-26,2.01,0.15,-1.16,1.28,5.13,0.21,3.16,24.32,280.96,3.33
1978-01-27,16.98,0.49,0.32,1.80,7.21,0.68,3.12,23.77,287.65,4.85
1978-01-28,25.10,0.00,0.49,16.62,66.40,0.00,4.60,12.37,299.13,5.87
1978-01-29,9.27,0.36,1.82,14.67,58.60,0.64,4.04,22.16,301.74,10.09
1978-01-30,1.82,0.46,-0.05,3.90,15.60,0.68,3.06,45.97,258.19,5.78
1978-01-31,5.28,0.04,-2.29,2.15,8.59,0.07,3.16,23.84,281.17,3.31
1978-02-01,16.23,0.03,-0.33,2.88,11.50,0.05,3.71,20.23,292.64,4.03
1978-02-02,1.66,0.00,1.31,3.73,14.90,0.01,4.27,25.20,299.65,3.25
1978-02-03,3.51,0.28,-0.25,2.21,8.84,0.37,3.12,24.71,289.43,2.88
1978-02-04,9.38,0.02,0.66,3.98,15.90,0.04,3.99,17.61,297.65,4.54
1978-02-05,0.31,0.06,2.52,5.18,20.70,0.07,4.46,30.20,301.65,1.74
1978-02-06,3.49,0.12,1.52,4.73,18.90,0.15,3.88,26.79,299.58,1.56
1978-02-07,0.44,0.09,1.10,3.78,15.10,0.11,4.02,29.39,296.62,2.39
1978-02-08,2.35,0.20,0.21,2.63,10.50,0.26,3.45,44.51,276.65,2.72
1978-02-09,0.94,0.25,-2.70,1.79,7.16,0.37,2.72,63.39,246.02,3.95
1978-02-10,2.09,0.18,-3.60,1.41,5.62,0.26,2.60,40.85,263.17,3.02
1978-02-11,8.11,0.17,-5.34,1.17,4.68,0.27,2.36,41.86,255.54,4.30
1978-02-12,3.83,0.17,-4.37,1.08,4.31,0.29,2.61,36.91,265.56,5.66
1978-02-13,4.70,0.12,-2.76,1.10,4.38,0.19,3.01,33.40,277.37,4.03
1978-02-14,0.42,0.23,-1.26,0.92,3.69,0.30,3.15,56.34,265.14,3.34
1978-02-15,0.00,0.28,-4.99,0.80,3.21,0.28,1.90,76.60,228.30,1.90
1978-02-16,0.08,0.15,-4.78,0.82,3.27,0.17,2.51,69.88,241.09,2.95
1978-02-17,0.13,0.25,-3.36,0.79,3.17,0.29,2.67,74.31,244.26,3.35
1978-02-18,0.08,0.31,-4.26,0.75,3.00,0.36,2.35,65.74,246.34,3.40
1978-02-19,0.03,0.27,-3.11,0.64,2.54,0.32,2.80,46.63,268.46,6.45
1978-02-20,0.00,0.68,-3.31,0.67,2.66,0.68,2.23,83.75,237.04,6.08
1978-02-21,0.81,0.23,-2.67,0.69,2.74,0.29,2.78,36.78,278.30,2.44
1978-02-22,13.50,0.09,0.53,2.73,10.90,0.13,3.81,21.30,296.39,3.30
1978-02-23,13.93,0.13,3.21,19.62,78.40,0.21,4.67,21.74,310.09,4.98
1978-02-24,1.43,0.58,5.26,19.95,79.70,0.80,5.00,73.80,294.19,5.80
1978-02-25,4.81,0.06,4.82,7.58,30.30,0.09,5.33,22.64,318.44,2.99
1978-02-26,0.86,0.33,5.21,7.81,31.20,0.44,5.26,40.83,319.14,3.53
1978-02-27,4.75,0.46,5.29,4.73,18.90,0.55,4.81,58.41,306.87,2.15
1978-02-28,4.34,0.67,5.97,5.56,22.20,0.83,5.07,82.97,295.03,3.99
1978-03-01,1.34,0.49,5.73,5.76,23.00,0.69,5.32,43.19,321.58,5.77
1978-03-02,0.72,0.86,5.08,3.28,13.10,1.08,4.49,78.00,295.33,5.00
1978-03-03,0.56,0.42,5.00,2.42,9.65,0.48,4.91,52.17,313.11,1.99
1978-03-04,0.00,0.72,3.50,1.81,7.23,0.72,4.28,117.68,267.55,3.91
1978-03-05,0.04,0.82,1.86,1.33,5.30,0.85,2.96,106.98,260.48,2.26
1978-03-06,0.15,0.95,3.21,1.13,4.52,1.11,3.51,75.76,288.07,3.97
1978-03-07,1.97,0.45,5.33,1.34,5.37,0.62,5.29,50.64,318.60,5.16
1978-03-08,0.00,0.83,7.52,2.01,8.04,0.83,5.97,115.60,295.25,6.63
1978-03-09,1.71,0.79,3.47,1.31,5.22,0.94,3.64,55.01,303.71,3.07
1978-03-10,1.26,0.29,6.43,1.36,5.44,0.44,6.34,70.76,316.67,3.13
1978-03-11,0.26,0.66,8.07,1.20,4.80,0.76,6.03,59.40,329.22,3.24
1978-03-12,1.08,0.91,7.05,1.05,4.19,1.13,5.41,77.74,314.58,5.21
1978-03-13,6.33,0.85,3.63,1.01,4.02,1.08,4.10,74.23,298.72,5.07
1978-03-14,3.50,0.38,5.84,2.65,10.60,0.52,5.71,55.51,322.50,4.79
1978-03-15,1.24,1.18,5.39,2.21,8.81,1.48,4.50,91.14,300.03,7.12
1978-03-16,4.72,0.69,0.86,1.58,6.32,0.97,3.54,78.15,285.57,6.71
1978-03-17,0.24,1.14,1.71,1.36,5.42,1.40,3.22,103.35,275.35,5.93
1978-03-18,0.13,0.98,2.18,1.17,4.66,1.07,3.31,82.52,288.20,4.07
1978-03-19,10.52,0.44,3.51,4.13,16.50,0.66,4.76,64.27,308.82,6.75
1978-03-20,0.19,1.36,3.37,3.00,12.00,1.58,3.53,113.06,280.94,6.12
1978-03-21,0.72,1.49,2.99,1.69,6.77,1.78,3.50,163.67,257.51,6.83
1978-03-22,6.40,0.92,4.48,2.46,9.83,1.17,4.45,76.85,307.46,5.80
1978-03-23,2.31,1.16,3.42,2.53,10.10,1.46,3.89,101.55,290.61,7.00
1978-03-24,5.31,1.59,4.90,1.70,6.79,1.89,3.96,133.27,283.07,6.88
1978-03-25,1.24,1.54,4.66,2.58,10.30,1.86,3.98,126.49,286.13,7.82
1978-03-26,4.80,1.57,3.71,1.79,7.17,1.90,3.67,137.64,277.05,8.27
1978-03-27,0.71,1.04,5.83,2.43,9.71,1.34,5.32,151.84,288.32,7.59
1978-03-28,8.20,1.30,6.66,2.05,8.18,1.62,5.07,94.58,314.04,8.64
1978-03-29,1.19,1.87,6.57,3.55,14.20,2.20,4.60,158.75,286.00,9.50
1978-03-30,0.01,1.72,5.99,1.74,6.94,1.74,4.46,164.26,281.87,6.78
1978-03-31,6.93,0.85,3.34,1.16,4.65,1.07,4.28,94.99,299.46,4.92
1978-04-01,4.54,0.61,5.52,3.28,13.10,0.83,5.42,75.62,319.63,5.94
1978-04-02,0.28,0.64,5.87,2.75,11.00,0.81,5.57,79.30,320.46,4.66
1978-04-03,0.16,0.48,4.29,1.81,7.23,0.62,5.19,77.55,314.03,4.87
1978-04-04,0.04,1.48,4.90,1.36,5.43,1.50,4.37,165.11,282.65,5.16
1978-04-05,0.00,1.30,4.34,0.99,3.94,1.30,4.25,141.64,289.09,4.62
1978-04-06,0.00,1.43,4.32,0.82,3.28,1.43,3.80,139.40,287.98,3.40
1978-04-07,0.00,0.94,3.67,0.73,2.90,0.94,4.41,112.95,298.48,2.91
1978-04-08,0.16,1.50,5.72,0.65,2.60,1.55,4.09,137.81,296.43,2.79
1978-04-09,2.46,1.22,4.44,0.65,2.60,1.44,4.32,122.78,298.56,4.64
1978-04-10,0.52,1.32,-0.63,0.68,2.72,1.62,2.70,163.89,257.99,6.26
1978-04-11,0.84,1.24,-0.30,0.66,2.62,1.47,2.81,156.52,262.85,4.11
1978-04-12,0.00,1.43,1.64,0.60,2.41,1.44,3.26,175.25,266.92,3.74
1978-04-13,0.94,0.85,1.07,0.54,2.17,1.03,3.48,96.17,292.15,3.45
1978-04-14,0.02,1.57,1.97,0.50,1.98,1.62,3.53,217.22,257.86,6.16
1978-04-15,0.01,1.31,2.54,0.47,1.87,1.32,3.87,168.83,277.68,2.40
1978-04-16,0.00,1.33,5.27,0.45,1.79,1.33,4.32,136.27,300.54,1.83
1978-04-17,0.00,1.64,5.78,0.42,1.68,1.64,4.45,167.94,293.44,2.70
1978-04-18,0.21,0.78,5.35,0.40,1.59,0.82,4.56,49.79,318.52,3.98
1978-04-19,2.55,2.02,7.07,0.38,1.53,2.22,4.78,195.67,292.02,4.12
1978-04-20,3.12,0.94,6.46,0.48,1.90,1.17,5.54,93.24,324.09,5.43
1978-04-21,0.00,1.05,6.24,0.52,2.09,1.06,5.55,118.48,316.17,3.00
1978-04-22,0.00,1.22,6.67,0.44,1.77,1.22,5.68,135.10,313.82,2.18
1978-04-23,0.00,1.59,7.50,0.39,1.57,1.59,5.58,164.22,308.72,2.72
1978-04-24,0.01,0.89,4.22,0.37,1.46,0.91,4.99,123.99,305.89,4.25
1978-04-25,0.71,1.40,4.46,0.36,1.43,1.54,4.12,133.84,300.84,3.42
1978-04-26,6.90,1.48,2.96,0.36,1.43,1.70,3.96,186.23,279.96,4.18
1978-04-27,12.04,0.60,2.71,3.00,12.00,0.86,4.18,54.14,306.42,7.09
1978-04-28,1.78,0.74,3.67,3.18,12.70,0.95,4.87,107.66,308.85,4.56
1978-04-29,1.79,0.94,4.66,1.79,7.17,1.17,4.92,108.20,313.09,5.01
1978-04-30,0.38,0.71,4.27,1.48,5.92,1.00,4.62,55.50,314.27,7.72
1978-05-01,0.10,1.25,4.99,1.17,4.67,1.39,4.60,112.81,312.76,6.97
1978-05-02,0.00,1.49,5.17,0.81,3.22,1.49,4.62,154.74,302.73,6.16
1978-05-03,2.02,1.47,6.30,0.62,2.48,1.64,5.03,144.25,311.72,3.21
1978-05-04,6.94,1.49,8.39,0.67,2.69,1.61,5.90,136.60,325.08,2.17
1978-05-05,9.52,1.13,6.50,3.43,13.70,1.31,5.52,115.54,321.81,3.68
1978-05-06,0.54,1.22,7.46,3.28,13.10,1.44,6.08,139.46,321.41,4.89
1978-05-07,0.03,1.96,7.88,1.34,5.34,2.01,5.79,208.73,305.32,4.00
1978-05-08,0.00,2.27,7.93,0.83,3.33,2.27,5.52,236.96,297.63,4.53
1978-05-09,0.00,3.30,8.11,0.60,2.39,3.30,4.54,322.91,270.59,3.57
1978-05-10,1.13,2.09,8.00,0.50,1.99,2.25,5.44,201.11,307.30,2.88
1978-05-11,2.04,1.52,10.69,0.50,1.98,1.72,6.83,108.02,345.34,4.66
1978-05-12,2.70,2.03,6.89,0.53,2.10,2.30,4.70,170.62,308.40,5.94
1978-05-13,7.16,1.52,7.00,1.15,4.61,1.73,5.23,134.94,319.97,4.23
1978-05-14,5.84,1.57,6.94,2.39,9.56,1.70,5.38,153.78,315.79,2.41
1978-05-15,0.15,1.56,7.47,1.36,5.43,1.61,5.69,151.76,319.48,2.08
1978-05-16,0.00,2.17,8.01,0.82,3.27,2.18,5.78,221.49,305.52,2.72
1978-05-17,0.00,2.55,8.89,0.60,2.41,2.55,6.13,255.82,302.19,2.51
1978-05-18,0.00,2.68,8.72,0.50,1.98,2.68,5.75,266.42,297.75,3.08
1978-05-19,0.00,2.36,7.33,0.42,1.66,2.36,5.29,244.74,296.28,3.14
1978-05-20,0.01,2.48,8.44,0.38,1.51,2.49,5.41,233.51,303.75,3.02
1978-05-21,0.51,2.06,8.36,0.35,1.41,2.22,5.93,205.60,312.34,3.54
1978-05-22,0.43,1.58,8.99,0.35,1.40,1.69,6.34,142.97,330.56,2.87
1978-05-23,0.91,1.83,9.89,0.35,1.39,1.99,6.97,178.45,327.72,3.38
1978-05-24,0.00,2.84,10.25,0.35,1.39,2.84,5.46,215.13,316.27,4.69
1978-05-25,0.00,3.43,10.66,0.31,1.22,3.43,5.69,299.49,298.18,2.91
1978-05-26,0.00,2.78,12.76,0.28,1.11,2.78,7.30,222.67,330.84,2.99
1978-05-27,0.00,2.96,14.25,0.27,1.09,2.96,8.36,236.28,336.62,2.43
1978-05-28,0.00,3.84,14.53,0.26,1.05,3.84,8.15,313.07,320.28,2.56
1978-05-29,0.00,4.22,15.19,0.24,0.96,4.22,8.33,338.90,317.78,2.85
1978-05-30,0.00,4.13,13.76,0.22,0.89,4.13,7.33,342.63,307.76,3.28
1978-05-31,0.00,3.58,14.04,0.22,0.86,3.58,8.16,297.99,322.51,2.76
1978-06-01,0.07,3.42,15.57,0.21,0.83,3.46,8.84,265.11,336.22,2.20
1978-06-02,0.00,3.63,15.45,0.20,0.81,3.63,8.87,288.65,330.72,3.01
1978-06-03,0.00,3.64,15.08,0.20,0.80,3.64,8.59,291.30,328.03,2.32
1978-06-04,0.40,3.46,15.20,0.20,0.79,3.60,9.00,284.27,331.46,3.82
1978-06-05,0.55,3.01,14.44,0.20,0.78,3.17,8.33,233.45,338.10,4.12
1978-06-06,1.10,2.99,13.90,0.19,0.78,3.19,7.82,223.97,337.04,4.96
1978-06-07,0.93,1.81,11.87,0.20,0.81,2.03,7.60,145.11,345.77,5.12
1978-06-08,0.00,3.07,9.91,0.20,0.80,3.07,5.47,252.53,306.92,6.41
1978-06-09,0.00,2.62,9.23,0.19,0.75,2.62,5.16,178.23,321.56,7.39
1978-06-10,0.00,3.57,11.00,0.18,0.73,3.57,5.51,272.16,306.39,6.84
1978-06-11,0.01,2.79,11.07,0.17,0.69,2.81,6.46,232.23,320.38,6.65
1978-06-12,0.00,2.58,9.15,0.18,0.70,2.58,4.81,165.99,323.10,5.32
1978-06-13,0.00,2.25,7.35,0.18,0.71,2.25,4.77,198.14,307.93,3.54
1978-06-14,0.00,2.30,8.25,0.18,0.71,2.30,5.28,207.43,311.32,2.58
1978-06-15,1.91,1.86,9.31,0.18,0.73,2.06,6.01,149.29,331.58,4.23
1978-06-16,0.02,1.90,10.19,0.18,0.73,1.95,7.08,202.56,325.56,7.18
1978-06-17,0.00,3.16,10.67,0.17,0.69,3.16,6.13,280.09,306.59,5.74
1978-06-18,0.00,3.34,10.86,0.17,0.66,3.34,6.39,304.99,302.58,3.04
1978-06-19,0.00,2.74,11.01,0.17,0.67,2.74,6.68,241.45,319.05,3.56
1978-06-20,0.00,3.12,10.55,0.16,0.64,3.12,5.70,256.94,309.96,4.10
1978-06-21,14.86,0.76,10.47,0.24,0.97,0.90,7.38,67.90,345.78,3.37
1978-06-22,12.85,1.57,10.06,0.52,2.09,1.72,7.03,142.09,338.18,3.06
1978-06-23,10.61,1.31,8.65,0.56,2.22,1.44,6.49,121.48,335.79,2.55
1978-06-24,2.52,1.82,10.01,0.58,2.30,2.02,6.16,125.41,340.56,4.59
1978-06-25,6.56,1.57,10.41,0.40,1.61,1.77,6.80,118.61,344.72,4.50
1978-06-26,0.01,3.07,10.16,0.42,1.66,3.08,5.22,235.03,311.66,4.55
1978-06-27,2.92,2.19,10.66,0.31,1.23,2.39,6.10,150.83,337.24,4.39
1978-06-28,0.47,2.63,13.09,0.28,1.13,2.83,7.72,205.47,338.18,5.21
1978-06-29,0.45,1.79,12.37,0.25,1.01,1.91,7.48,127.06,352.29,3.06
1978-06-30,2.37,2.07,11.88,0.24,0.97,2.24,7.40,166.96,340.98,3.63
1978-07-01,5.88,1.59,11.53,0.25,0.98,1.77,7.34,117.68,350.28,3.78
1978-07-02,1.74,2.45,12.74,0.30,1.19,2.65,7.49,185.61,340.01,4.82
1978-07-03,10.06,2.00,9.43,0.36,1.44,2.21,5.92,159.57,328.77,4.35
1978-07-04,10.23,1.02,8.77,1.50,5.98,1.25,7.00,127.57,335.04,5.63
1978-07-05,0.04,1.97,9.89,1.52,6.07,2.06,6.11,136.03,336.79,7.08
1978-07-06,0.18,1.88,9.42,0.58,2.30,2.09,5.85,134.42,334.52,5.05
1978-07-07,0.07,2.71,10.89,0.38,1.51,2.81,5.93,192.41,326.26,5.75
1978-07-08,0.00,2.46,11.86,0.29,1.16,2.46,7.18,203.77,330.71,7.12
1978-07-09,0.00,3.44,12.45,0.25,0.98,3.44,6.68,282.95,311.63,4.28
1978-07-10,0.00,2.35,10.72,0.23,0.90,2.35,7.27,226.10,320.87,2.75
1978-07-11,0.00,2.37,10.64,0.21,0.84,2.37,7.05,224.27,320.17,2.90
1978-07-12,0.00,2.43,11.67,0.20,0.80,2.43,6.82,199.03,329.62,2.42
1978-07-13,0.00,2.61,12.86,0.19,0.77,2.61,7.91,221.29,331.57,1.92
1978-07-14,0.00,2.24,12.05,0.19,0.76,2.24,7.56,192.11,334.22,3.61
1978-07-15,0.00,2.58,12.24,0.18,0.73,2.58,6.77,190.49,333.54,4.04
1978-07-16,0.00,2.53,12.02,0.18,0.72,2.53,6.79,194.93,331.33,3.63
1978-07-17,0.00,2.21,12.15,0.18,0.70,2.21,7.33,178.28,337.04,2.89
1978-07-18,0.26,1.88,12.37,0.18,0.70,2.03,7.82,152.01,344.90,3.61
1978-07-19,0.38,1.94,12.29,0.18,0.70,2.15,7.10,115.24,352.83,5.13
1978-07-20,4.21,1.86,10.84,0.18,0.71,2.06,6.50,126.41,342.48,4.46
1978-07-21,0.08,2.67,10.90,0.19,0.77,2.72,6.16,222.73,316.53,3.27
1978-07-22,7.62,1.85,12.76,0.18,0.72,2.10,7.77,120.86,353.63,6.40
1978-07-23,1.78,2.28,15.33,0.27,1.09,2.50,9.11,151.98,358.48,5.86
1978-07-24,0.07,3.00,12.79,0.25,0.98,3.10,6.73,210.94,328.21,5.71
1978-07-25,11.78,2.57,12.89,0.20,0.80,2.77,6.74,160.78,342.01,4.59
1978-07-26,3.96,1.99,13.70,0.64,2.54,2.17,8.46,154.05,349.53,4.10
1978-07-27,0.70,2.43,14.91,0.45,1.81,2.65,8.62,160.79,353.35,5.84
1978-07-28,0.00,3.62,16.31,0.27,1.06,3.63,8.84,263.72,333.33,5.24
1978-07-29,0.01,3.10,13.95,0.21,0.83,3.11,8.09,262.32,321.90,2.72
1978-07-30,7.27,0.46,11.98,0.22,0.88,0.56,8.79,60.27,352.54,3.44
1978-07-31,4.67,0.86,12.60,0.27,1.07,1.07,8.37,60.02,355.83,5.83
1978-08-01,1.12,1.25,12.09,0.41,1.65,1.47,8.22,108.67,351.81,5.34
1978-08-02,2.88,1.35,12.57,0.38,1.53,1.50,8.63,123.33,350.21,3.15
1978-08-03,0.25,1.21,12.80,0.33,1.32,1.32,8.85,108.91,354.57,2.78
1978-08-04,0.01,1.55,13.26,0.29,1.14,1.56,8.61,127.17,352.07,3.40
1978-08-05,16.05,1.94,13.54,0.79,3.15,2.08,8.32,156.20,345.34,2.84
1978-08-06,15.40,0.75,11.71,4.43,17.70,0.87,8.23,70.96,351.54,3.36
1978-08-07,2.01,0.70,11.44,1.90,7.59,0.84,7.78,57.14,350.38,3.56
1978-08-08,4.26,0.54,11.16,1.22,4.86,0.67,8.03,56.72,349.03,3.82
1978-08-09,0.02,1.51,11.86,1.14,4.55,1.54,7.63,120.75,345.69,3.69
1978-08-10,0.01,1.84,11.44,0.62,2.46,1.85,7.39,166.56,330.41,2.19
1978-08-11,2.13,1.96,12.70,0.43,1.72,2.09,8.26,179.61,333.34,2.62
1978-08-12,14.90,1.13,12.16,2.48,9.91,1.23,8.49,103.71,351.22,2.25
1978-08-13,2.47,1.78,13.26,1.79,7.14,1.92,8.50,154.56,342.21,2.95
1978-08-14,10.39,0.57,13.87,1.18,4.72,0.70,9.53,54.07,361.14,4.39
1978-08-15,3.28,1.92,13.93,4.13,16.50,2.11,8.66,154.94,344.48,4.68
1978-08-16,1.52,2.17,13.36,1.52,6.06,2.39,7.70,150.84,341.45,5.36
1978-08-17,0.15,2.29,12.13,0.86,3.42,2.37,7.05,189.13,322.51,4.24
1978-08-18,0.00,2.07,13.41,0.57,2.29,2.07,7.66,148.11,341.60,4.00
1978-08-19,0.01,2.98,15.85,0.43,1.72,3.00,8.34,208.62,333.76,4.32
1978-08-20,0.00,2.15,15.42,0.35,1.40,2.15,9.05,164.60,346.69,3.05
1978-08-21,9.47,1.40,14.62,0.33,1.32,1.61,8.90,74.61,365.32,5.68
1978-08-22,0.00,2.53,14.64,0.83,3.30,2.53,8.16,186.89,333.59,4.60
1978-08-23,0.00,1.99,12.26,0.43,1.73,1.99,6.93,144.47,334.15,3.85
1978-08-24,0.00,2.48,13.30,0.33,1.33,2.48,6.73,150.61,335.37,4.76
1978-08-25,0.00,2.66,12.96,0.28,1.12,2.66,6.86,214.45,311.46,3.95
1978-08-26,0.00,2.39,12.35,0.26,1.02,2.39,6.74,200.69,312.81,3.22
1978-08-27,0.01,1.33,11.95,0.24,0.97,1.34,7.35,96.80,347.80,2.95
1978-08-28,1.31,1.46,12.92,0.24,0.95,1.63,7.83,96.43,352.39,4.11
1978-08-29,3.70,1.36,13.11,0.24,0.97,1.57,8.32,97.33,352.77,5.28
1978-08-30,7.90,1.87,9.17,0.28,1.10,2.08,5.30,131.98,317.39,4.60
1978-08-31,2.79,1.15,10.19,0.46,1.84,1.30,6.58,81.47,342.87,3.32
1978-09-01,0.13,1.72,10.35,0.39,1.56,1.79,6.03,114.34,329.85,4.63
1978-09-02,2.45,1.69,10.53,0.29,1.15,1.89,6.43,135.54,323.09,4.57
1978-09-03,5.21,1.17,10.63,0.28,1.13,1.30,7.10,106.17,335.36,2.71
1978-09-04,0.01,1.20,10.58,0.43,1.70,1.20,7.26,120.70,329.64,2.18
1978-09-05,10.06,1.01,9.12,0.36,1.45,1.15,6.35,87.34,333.76,2.94
1978-09-06,4.70,0.75,11.13,1.66,6.62,0.90,8.05,79.08,346.72,3.98
1978-09-07,0.25,1.09,13.04,1.89,7.55,1.19,8.65,95.38,349.57,3.80
1978-09-08,5.23,1.38,12.12,0.94,3.76,1.58,7.65,108.36,339.32,4.86
1978-09-09,5.30,1.89,13.87,1.04,4.16,2.15,7.87,85.09,356.17,7.40
1978-09-10,4.01,1.62,15.54,1.68,6.70,1.90,9.71,105.36,356.47,8.56
1978-09-11,2.68,2.10,12.61,1.37,5.47,2.39,7.19,127.62,330.84,8.63
1978-09-12,1.82,1.99,11.62,0.81,3.25,2.22,6.13,106.36,332.43,5.49
1978-09-13,8.38,1.00,13.97,1.90,7.58,1.22,9.45,95.78,351.07,6.39
1978-09-14,1.12,1.80,11.54,1.83,7.31,2.05,6.84,132.84,321.05,6.60
1978-09-15,0.08,2.26,12.62,0.80,3.20,2.44,7.00,136.43,323.39,9.19
1978-09-16,1.06,1.65,13.36,0.52,2.06,1.88,8.05,84.32,350.78,9.29
1978-09-17,0.00,2.49,11.22,0.43,1.73,2.49,5.56,145.12,306.37,7.15
1978-09-18,0.00,1.47,10.23,0.35,1.40,1.47,6.20,79.55,335.35,6.29
1978-09-19,0.00,1.26,11.08,0.32,1.27,1.26,6.81,109.04,325.93,3.16
1978-09-20,0.00,1.32,11.34,0.30,1.19,1.32,7.18,116.56,323.69,4.83
1978-09-21,0.00,1.18,13.82,0.28,1.12,1.19,8.81,96.92,345.13,5.01
1978-09-22,0.00,1.57,14.60,0.28,1.10,1.59,8.65,87.23,352.20,6.62
1978-09-23,1.22,1.25,14.46,0.27,1.08,1.43,8.88,82.78,353.11,4.95
1978-09-24,2.17,1.53,14.05,0.28,1.10,1.75,8.10,70.90,355.86,5.95
1978-09-25,0.06,1.73,10.01,0.32,1.28,1.80,6.00,150.78,292.49,6.58
1978-09-26,0.67,1.58,10.20,0.27,1.07,1.79,6.17,118.69,309.48,6.66
1978-09-27,6.19,1.49,9.48,0.25,1.00,1.73,5.84,118.24,304.73,5.91
1978-09-28,12.25,0.33,8.79,1.41,5.64,0.43,6.68,30.71,337.69,4.14
1978-09-29,5.38,0.87,9.34,2.29,9.13,1.10,6.62,77.71,326.47,6.14
1978-09-30,4.74,1.07,9.32,1.90,7.61,1.31,6.28,83.82,321.54,6.15
1978-10-01,5.38,1.02,9.42,1.50,6.00,1.19,6.29,106.58,307.75,3.90
1978-10-02,0.94,0.42,8.62,2.30,9.20,0.54,6.87,58.77,331.84,3.78
1978-10-03,0.40,1.13,9.11,1.10,4.38,1.33,6.01,115.49,298.07,4.73
1978-10-04,0.39,1.41,9.13,0.68,2.72,1.65,5.50,92.55,308.80,5.77
1978-10-05,0.00,0.83,11.43,0.54,2.17,0.83,7.78,54.97,345.54,9.35
1978-10-06,0.00,1.51,14.33,0.45,1.81,1.51,8.20,92.60,335.64,5.80
1978-10-07,0.00,1.14,10.61,0.38,1.53,1.14,6.34,109.39,303.61,3.73
1978-10-08,0.26,0.89,11.11,0.34,1.36,0.98,7.17,80.81,325.39,4.21
1978-10-09,5.39,1.03,12.81,0.55,2.20,1.24,8.08,85.90,330.29,5.61
1978-10-10,1.85,0.25,11.25,0.99,3.95,0.32,7.88,24.71,349.47,3.41
1978-10-11,0.15,0.88,13.94,0.69,2.74,0.97,8.44,84.53,334.51,2.97
1978-10-12,0.00,0.67,14.05,0.50,2.01,0.67,9.01,79.92,338.03,2.56
1978-10-13,0.07,0.40,10.97,0.42,1.66,0.43,7.79,56.11,337.60,2.35
1978-10-14,0.75,0.26,9.35,0.36,1.45,0.31,7.28,39.91,340.13,2.45
1978-10-15,8.20,0.16,8.66,0.91,3.64,0.21,6.68,22.40,337.07,2.86
1978-10-16,0.41,0.82,7.46,1.06,4.24,1.09,5.61,77.77,300.14,7.08
1978-10-17,0.17,1.21,6.49,0.65,2.61,1.38,4.56,84.20,285.45,6.89
1978-10-18,0.02,0.40,6.27,0.49,1.96,0.42,5.49,51.24,313.30,3.66
1978-10-19,0.01,0.67,8.83,0.42,1.69,0.69,6.16,48.85,326.56,4.65
1978-10-20,0.00,0.69,8.48,0.38,1.53,0.69,6.02,44.71,327.32,5.16
1978-10-21,0.18,0.47,6.62,0.35,1.38,0.56,4.95,19.80,325.09,3.19
1978-10-22,0.02,0.69,7.61,0.34,1.36,0.72,5.59,55.62,311.73,5.14
1978-10-23,0.47,0.93,8.79,0.31,1.23,1.14,5.88,41.66,328.58,6.52
1978-10-24,0.20,1.07,10.85,0.31,1.22,1.27,6.91,52.59,329.08,9.03
1978-10-25,7.43,0.70,9.85,0.51,2.04,0.86,6.34,25.66,342.10,4.39
1978-10-26,0.10,0.17,11.38,0.81,3.25,0.20,8.19,25.29,349.82,3.61
1978-10-27,0.00,0.62,9.86,0.49,1.95,0.62,6.46,40.12,332.62,3.91
1978-10-28,0.04,0.72,10.90,0.39,1.54,0.78,6.80,55.62,322.07,4.40
1978-10-29,0.20,0.26,9.73,0.35,1.41,0.34,7.27,30.18,340.89,4.48
1978-10-30,0.02,0.58,10.86,0.34,1.35,0.60,7.11,46.22,329.58,4.51
1978-10-31,5.03,0.16,10.43,0.37,1.49,0.21,7.51,15.97,345.63,3.87
1978-11-01,3.78,0.78,6.36,0.55,2.19,0.96,4.51,43.23,304.19,4.28
1978-11-02,0.12,0.00,8.02,0.84,3.36,0.03,7.32,59.73,302.86,6.10
1978-11-03,1.89,0.49,9.27,0.66,2.62,0.69,6.70,35.14,329.60,6.64
1978-11-04,2.24,0.34,10.46,0.62,2.48,0.47,7.43,35.03,335.09,5.25
1978-11-05,0.01,0.67,11.39,0.76,3.04,0.68,7.36,38.83,333.91,6.03
1978-11-06,0.00,0.31,9.16,0.53,2.12,0.31,6.50,47.29,312.34,3.71
1978-11-07,0.73,0.79,9.05,0.44,1.77,0.95,5.77,35.19,322.93,5.07
1978-11-08,0.45,0.44,9.13,0.42,1.69,0.59,6.60,37.83,321.28,6.29
1978-11-09,0.12,0.64,7.95,0.42,1.67,0.73,5.53,47.00,300.86,5.55
1978-11-10,2.14,0.23,8.88,0.39,1.56,0.34,6.85,22.20,338.00,5.31
1978-11-11,0.18,0.25,9.13,0.45,1.78,0.28,6.41,28.67,329.64,2.59
1978-11-12,4.12,0.47,7.18,0.52,2.08,0.67,5.74,23.43,326.18,6.59
1978-11-13,14.28,1.30,7.00,1.89,7.54,1.58,4.38,30.65,310.01,7.18
1978-11-14,14.44,0.51,9.08,5.93,23.70,0.79,6.70,25.37,331.96,10.18
1978-11-15,17.12,0.11,9.44,10.96,43.80,0.21,7.40,20.10,340.57,9.60
1978-11-16,1.75,1.12,5.56,4.28,17.10,1.43,4.11,37.73,289.73,7.98
1978-11-17,4.63,0.46,8.01,2.29,9.16,0.70,6.19,20.09,332.01,8.14
1978-11-18,7.79,0.01,10.13,3.65,14.60,0.02,7.80,26.39,333.53,6.69
1978-11-19,0.41,0.24,6.67,3.95,15.80,0.34,5.75,18.77,326.26,4.89
1978-11-20,4.23,0.92,5.19,2.38,9.49,1.20,4.12,33.07,291.32,6.97
1978-11-21,1.10,0.45,7.30,2.21,8.81,0.65,5.64,28.60,311.95,6.39
1978-11-22,1.69,0.49,9.56,1.73,6.90,0.74,6.83,25.76,327.71,8.92
1978-11-23,9.21,0.28,7.34,3.50,14.00,0.39,5.85,19.98,325.04,4.53
1978-11-24,0.08,0.14,3.54,2.98,11.90,0.16,4.36,23.52,298.67,2.96
1978-11-25,0.00,0.30,0.66,1.58,6.31,0.30,3.41,35.14,263.67,5.88
1978-11-26,0.00,0.44,0.24,1.06,4.22,0.44,3.02,39.89,250.87,5.83
1978-11-27,0.04,0.41,-1.38,0.82,3.28,0.45,2.82,30.27,259.06,6.68
1978-11-28,0.01,0.28,-1.10,0.69,2.74,0.29,2.71,33.86,252.25,3.99
1978-11-29,0.00,0.07,-1.23,0.62,2.48,0.07,3.01,16.43,283.36,1.82
1978-11-30,0.00,0.03,-1.46,0.58,2.30,0.03,2.99,19.66,276.10,1.63
1978-12-01,0.00,0.39,-1.69,0.44,1.76,0.39,2.40,24.78,260.70,3.80
1978-12-02,1.58,0.41,-0.47,0.55,2.19,0.59,3.15,14.78,288.72,6.89
1978-12-03,11.49,0.00,1.73,0.62,2.48,0.00,4.50,15.14,302.05,5.92
1978-12-04,3.52,0.07,3.55,5.28,21.10,0.10,4.72,16.56,306.72,4.19
1978-12-05,0.08,0.11,1.62,2.00,8.00,0.15,3.85,16.83,294.87,3.09
1978-12-06,0.04,0.04,1.73,1.30,5.20,0.05,4.21,8.00,302.67,5.79
1978-12-07,16.76,0.93,3.30,4.20,16.80,1.27,3.78,13.89,306.39,9.48
1978-12-08,15.12,0.00,4.10,14.19,56.70,0.00,5.21,7.82,315.18,8.45
1978-12-09,3.54,0.08,5.47,7.78,31.10,0.11,5.23,17.04,313.06,3.24
1978-12-10,2.98,0.09,6.46,3.63,14.50,0.14,5.63,7.68,325.99,3.64
1978-12-11,4.07,0.06,7.55,3.05,12.20,0.10,6.41,13.50,330.95,5.64
1978-12-12,7.92,0.13,7.36,4.76,19.00,0.20,6.12,15.18,326.04,5.07
1978-12-13,0.35,0.06,5.12,4.36,17.40,0.08,5.26,13.31,318.58,3.34
1978-12-14,2.36,0.02,2.29,2.18,8.72,0.03,4.32,12.08,305.03,2.69
1978-12-15,4.63,0.00,2.99,2.63,10.50,0.00,4.70,7.42,309.28,5.00
1978-12-16,0.31,0.20,1.95,2.63,10.50,0.28,3.85,20.00,286.13,4.63
1978-12-17,0.07,0.10,0.47,1.57,6.29,0.11,3.39,24.14,269.65,3.58
1978-12-18,0.00,0.03,-1.66,1.10,4.38,0.03,2.87,26.00,255.38,2.60
1978-12-19,0.00,0.02,-1.63,0.73,2.92,0.02,2.94,23.89,260.15,2.40
1978-12-20,6.88,0.18,-2.01,0.94,3.76,0.24,2.63,16.53,271.79,2.89
1978-12-21,1.18,0.02,-0.33,1.77,7.07,0.04,3.60,7.33,292.21,4.80
1978-12-22,1.23,0.00,1.64,2.90,11.60,0.00,4.31,13.13,301.46,3.53
1978-12-23,3.49,0.05,0.90,1.97,7.88,0.07,3.74,15.01,292.34,2.83
1978-12-24,24.02,0.09,1.32,12.51,50.00,0.18,4.07,7.37,300.54,7.94
1978-12-25,6.16,0.08,3.16,8.89,35.50,0.14,4.69,12.95,309.44,6.51
1978-12-26,6.58,0.05,3.61,5.91,23.60,0.09,4.78,15.04,307.09,4.83
1978-12-27,33.53,0.00,3.57,16.04,64.10,0.00,5.09,7.47,312.73,7.77
1978-12-28,19.20,0.16,2.22,15.07,60.20,0.34,4.36,13.41,303.99,11.32
1978-12-29,12.14,0.43,-0.33,4.41,17.60,0.74,3.30,13.66,289.25,10.41
1978-12-30,11.23,0.37,-2.82,2.90,11.60,0.62,2.65,16.19,271.15,7.97
1978-12-31,3.76,0.20,-5.78,2.19,8.73,0.40,2.21,21.31,248.32,8.15
1979-01-01,0.10,0.44,-4.82,1.86,7.42,0.53,1.80,17.96,253.62,4.31
1979-01-02,0.01,0.00,-4.70,1.58,6.32,0.00,2.63,25.55,246.74,4.00
1979-01-03,0.00,0.04,-4.03,1.33,5.33,0.04,2.61,16.26,267.53,3.40
1979-01-04,0.03,0.11,-4.08,1.22,4.86,0.11,2.30,13.23,270.15,2.17
1979-01-05,0.05,0.33,-4.68,1.57,6.29,0.36,1.79,20.16,251.18,3.21
1979-01-06,3.84,0.01,-1.02,4.33,17.30,0.02,3.49,8.23,289.08,5.97
1979-01-07,0.01,0.00,3.52,24.38,97.40,0.00,5.31,19.29,303.31,6.15
1979-01-08,0.03,0.17,1.76,5.08,20.30,0.18,3.82,25.59,278.83,4.62
1979-01-09,6.77,0.23,-0.25,2.78,11.10,0.35,3.16,29.33,261.61,4.92
1979-01-10,4.20,0.20,-0.52,1.95,7.81,0.36,3.42,17.74,285.18,7.40
1979-01-11,0.34,0.37,-0.44,1.46,5.85,0.56,3.03,38.18,246.02,6.99
1979-01-12,0.00,0.05,-3.03,1.13,4.53,0.05,2.74,34.19,244.03,4.23
1979-01-13,0.00,0.13,-6.20,0.78,3.12,0.13,1.66,41.73,213.50,2.76
1979-01-14,5.46,0.08,-4.73,1.10,4.38,0.11,2.16,9.33,267.01,2.03
1979-01-15,1.16,0.00,-1.12,2.90,11.60,0.00,4.05,16.66,290.53,2.96
1979-01-16,1.34,0.00,2.54,7.61,30.40,0.00,4.66,20.45,300.67,4.73
1979-01-17,1.82,0.33,0.01,3.23,12.90,0.49,3.18,27.25,273.19,4.97
1979-01-18,2.91,0.21,0.14,2.80,11.20,0.37,3.62,17.76,293.18,7.25
1979-01-19,18.99,0.57,0.05,1.76,7.03,0.93,3.26,10.56,291.82,11.24
1979-01-20,7.80,0.34,0.29,1.90,7.58,0.60,3.50,10.46,294.03,8.67
1979-01-21,0.36,0.00,0.59,1.60,6.41,0.01,3.87,24.82,286.48,2.48
1979-01-22,0.07,0.02,-1.11,1.42,5.66,0.02,3.37,10.89,288.09,3.24
1979-01-23,0.00,0.17,-1.33,1.25,4.98,0.17,3.05,22.34,280.45,3.37
1979-01-24,0.82,0.41,-0.97,1.15,4.58,0.60,2.95,20.29,284.96,5.20
1979-01-25,0.06,0.19,-2.38,0.87,3.46,0.21,2.61,36.47,254.64,3.26
1979-01-26,0.00,0.11,-3.29,0.76,3.04,0.11,2.53,46.92,238.12,3.21
1979-01-27,0.01,0.11,-3.63,0.65,2.60,0.11,2.37,52.08,230.25,2.76
1979-01-28,2.81,0.19,-5.03,0.62,2.49,0.32,2.33,12.37,267.36,5.50
1979-01-29,0.90,0.00,-1.73,0.73,2.93,0.00,3.44,23.86,283.33,3.24
1979-01-30,0.13,0.30,0.32,0.70,2.79,0.39,3.28,35.65,274.60,4.03
1979-01-31,1.56,0.00,0.08,2.60,10.40,0.00,3.93,29.77,286.03,5.92
1979-02-01,0.00,0.24,-0.54,3.40,13.60,0.24,3.28,36.99,274.44,4.55
1979-02-02,1.58,0.76,-1.82,1.64,6.56,1.01,2.16,53.04,245.05,5.36
1979-02-03,0.01,0.02,-0.97,2.05,8.21,0.02,3.59,39.00,274.45,6.65
1979-02-04,0.00,0.30,-0.44,1.35,5.38,0.30,2.75,44.38,265.97,2.40
1979-02-05,0.00,0.21,-1.55,0.92,3.66,0.21,2.68,61.48,245.74,2.24
1979-02-06,0.00,0.20,-2.47,0.82,3.26,0.20,2.68,43.41,261.70,2.61
1979-02-07,0.02,0.49,-2.34,0.57,2.29,0.52,2.46,38.31,266.27,4.62
1979-02-08,0.00,0.43,-1.69,0.63,2.52,0.43,2.59,60.86,248.97,3.84
1979-02-09,0.10,0.33,-1.45,0.57,2.26,0.38,2.88,33.96,278.06,3.62
1979-02-10,0.00,0.57,-0.48,0.54,2.16,0.57,2.94,16.47,288.01,6.69
1979-02-11,0.00,0.82,0.91,0.53,2.10,0.82,3.21,37.69,286.58,8.73
1979-02-12,7.24,0.64,0.76,0.60,2.38,0.97,3.40,47.15,279.50,9.25
1979-02-13,10.59,0.47,0.43,0.75,3.00,0.80,3.53,31.23,293.83,10.20
1979-02-14,8.88,0.47,-4.08,0.36,1.42,0.82,2.42,49.48,256.21,10.67
1979-02-15,7.61,0.53,-4.69,0.41,1.63,0.89,2.21,33.66,265.95,9.93
1979-02-16,2.13,0.14,-3.60,0.77,3.07,0.26,2.84,38.89,270.85,6.03
1979-02-17,0.19,0.00,-2.26,0.76,3.02,0.00,3.35,19.18,283.80,3.80
1979-02-18,0.24,0.22,-1.05,0.70,2.79,0.28,3.28,33.97,287.58,3.47
1979-02-19,0.02,0.20,-0.13,0.66,2.64,0.21,3.41,40.51,287.28,1.73
1979-02-20,0.00,0.29,0.42,0.66,2.65,0.29,3.63,51.47,282.90,3.92
1979-02-21,1.55,0.40,0.58,0.66,2.65,0.54,3.41,39.21,292.19,3.57
1979-02-22,0.20,0.54,2.05,0.83,3.30,0.62,3.78,92.00,261.73,4.14
1979-02-23,0.00,0.89,2.94,1.25,5.01,0.89,3.63,103.74,256.25,5.39
1979-02-24,0.00,0.50,1.30,1.15,4.61,0.50,3.12,94.56,255.39,1.83
1979-02-25,0.03,0.60,1.13,1.78,7.10,0.64,3.35,77.03,269.84,3.80
1979-02-26,1.35,0.40,3.04,16.27,65.00,0.60,4.43,44.01,305.70,6.07
1979-02-27,11.73,0.62,4.32,26.03,104.00,0.87,4.59,47.13,309.88,6.66
1979-02-28,0.01,0.65,1.26,5.93,23.70,0.67,3.31,87.17,266.56,3.43
1979-03-01,2.26,1.34,3.17,3.35,13.40,1.64,3.23,78.73,279.87,6.77
1979-03-02,2.79,0.10,5.55,23.08,92.20,0.28,5.86,56.31,314.82,9.73
1979-03-03,0.03,1.29,6.96,11.61,46.40,1.36,4.96,90.02,297.91,8.36
1979-03-04,0.33,1.40,3.45,3.13,12.50,1.67,3.53,120.17,260.72,8.27
1979-03-05,0.86,1.22,4.80,2.48,9.90,1.56,4.27,88.29,289.74,9.51
1979-03-06,4.87,1.09,4.66,14.67,58.60,1.43,4.25,48.98,313.01,8.88
1979-03-07,0.20,1.00,2.09,3.63,14.50,1.21,3.38,100.18,270.45,5.41
1979-03-08,21.26,0.68,2.87,4.15,16.60,0.98,4.12,49.20,306.22,8.22
1979-03-09,1.97,1.08,1.70,3.90,15.60,1.44,3.39,98.97,271.78,9.12
1979-03-10,6.88,1.14,2.63,2.32,9.25,1.40,3.34,96.15,277.00,5.34
1979-03-11,2.72,0.20,4.10,1.52,6.09,0.55,5.47,110.13,287.12,6.87
1979-03-12,0.82,1.57,4.18,2.90,11.60,1.93,3.83,129.79,269.53,10.80
1979-03-13,0.45,0.68,3.07,1.91,7.65,0.85,4.05,74.25,296.38,3.51
1979-03-14,1.83,0.93,2.00,1.58,6.32,1.18,3.59,113.25,271.50,5.14
1979-03-15,2.76,0.46,0.26,1.31,5.24,0.68,3.64,71.57,286.49,5.98
1979-03-16,7.09,0.47,-0.50,1.02,4.08,0.79,3.33,42.16,290.05,9.96
1979-03-17,11.92,0.32,-0.98,0.84,3.35,0.60,3.32,32.67,288.32,9.77
1979-03-18,2.65,0.51,-1.60,1.18,4.71,0.76,3.11,83.87,273.05,6.56
1979-03-19,0.31,0.69,-1.87,1.16,4.62,0.82,2.75,110.47,258.70,2.96
1979-03-20,4.40,0.54,0.02,1.43,5.70,0.71,3.41,70.52,287.45,3.79
1979-03-21,9.91,0.56,-0.12,1.95,7.80,0.83,3.46,79.70,283.75,7.06
1979-03-22,0.02,1.06,-0.08,1.88,7.53,1.11,3.07,153.74,250.66,7.12
1979-03-23,0.01,1.52,1.25,1.63,6.50,1.55,2.79,179.84,241.86,4.99
1979-03-24,11.58,1.27,1.44,2.24,8.94,1.55,2.88,90.76,282.55,5.62
1979-03-25,9.04,0.26,4.27,22.55,90.10,0.49,5.43,71.85,313.08,5.65
1979-03-26,5.52,0.47,1.17,7.78,31.10,0.65,3.94,65.60,299.00,4.69
1979-03-27,0.33,0.63,1.10,3.98,15.90,0.80,3.72,80.28,292.31,3.92
1979-03-28,31.60,0.69,1.77,17.02,68.00,1.01,3.91,74.44,298.47,8.91
1979-03-29,3.52,0.58,2.26,16.94,67.70,0.89,4.21,74.28,302.10,9.41
1979-03-30,0.50,1.15,4.04,7.78,31.10,1.36,4.15,121.30,290.62,4.24
1979-03-31,0.00,0.99,5.15,5.91,23.60,0.99,4.82,109.14,303.14,4.07
1979-04-01,0.84,0.89,3.99,3.68,14.70,1.08,4.40,93.25,303.83,4.17
1979-04-02,0.77,1.21,1.92,2.65,10.60,1.35,3.61,167.23,265.98,2.83
1979-04-03,5.01,0.72,0.92,2.17,8.67,0.86,3.76,106.42,285.69,2.76
1979-04-04,0.85,0.70,1.48,2.45,9.78,0.84,3.82,91.29,293.72,2.78
1979-04-05,0.92,0.97,1.75,1.91,7.62,1.09,3.92,140.52,278.77,2.09
1979-04-06,3.48,0.48,1.21,1.76,7.02,0.66,4.07,78.90,298.72,4.50
1979-04-07,4.58,0.63,2.48,4.41,17.60,0.87,4.29,83.65,303.26,6.21
1979-04-08,0.16,0.90,3.06,2.75,11.00,1.04,4.21,97.18,301.03,8.04
1979-04-09,5.92,0.82,2.65,2.05,8.21,1.04,4.05,87.02,302.52,4.75
1979-04-10,3.77,0.76,5.28,4.58,18.30,0.91,5.14,80.75,319.20,3.28
1979-04-11,1.87,0.60,6.39,4.96,19.80,0.76,6.26,89.95,323.45,2.79
1979-04-12,2.50,1.42,6.86,3.58,14.30,1.68,5.28,143.11,306.45,5.90
1979-04-13,0.04,1.90,7.60,2.93,11.70,2.00,5.11,174.09,298.82,6.21
1979-04-14,0.05,1.86,7.69,1.69,6.76,1.92,5.14,185.57,296.14,3.06
1979-04-15,0.00,1.62,7.52,1.35,5.41,1.62,5.38,160.05,305.43,4.22
1979-04-16,0.00,1.71,4.86,1.01,4.05,1.71,4.36,198.60,279.49,4.50
1979-04-17,0.00,1.23,4.36,0.80,3.20,1.23,4.27,133.47,298.21,2.13
1979-04-18,0.00,1.34,6.14,0.72,2.89,1.34,4.95,135.92,307.49,2.67
1979-04-19,1.21,1.07,7.56,0.79,3.14,1.28,5.81,96.43,328.10,4.65
1979-04-20,0.20,2.10,7.72,0.80,3.19,2.31,4.91,188.04,297.98,4.75
1979-04-21,0.38,2.28,7.41,0.66,2.64,2.53,4.66,198.79,292.78,6.07
1979-04-22,6.01,1.66,6.67,0.67,2.67,1.92,4.67,123.01,314.03,5.72
1979-04-23,2.69,1.19,5.92,0.95,3.78,1.38,5.28,134.38,310.20,3.76
1979-04-24,2.62,2.02,5.92,0.79,3.14,2.28,4.38,197.92,288.06,5.67
1979-04-25,1.90,1.41,5.22,0.86,3.43,1.68,4.49,124.71,308.07,6.01
1979-04-26,0.68,1.43,4.96,0.76,3.02,1.67,4.33,125.00,306.59,5.32
1979-04-27,2.27,2.13,6.08,0.63,2.51,2.36,4.05,184.21,292.33,4.66
1979-04-28,2.50,2.64,8.18,0.68,2.70,2.88,4.57,216.18,293.56,5.40
1979-04-29,1.67,1.44,7.64,0.77,3.08,1.75,5.52,108.81,326.96,8.28
1979-04-30,0.46,2.40,3.47,0.69,2.74,2.74,3.18,240.24,262.89,8.15
1979-05-01,0.28,1.69,1.68,0.52,2.06,1.83,3.02,182.53,273.55,4.15
1979-05-02,0.01,1.69,2.23,0.45,1.80,1.70,3.34,183.65,277.67,6.12
1979-05-03,0.26,1.90,2.46,0.41,1.64,2.00,3.16,204.05,272.20,4.33
1979-05-04,0.00,2.16,2.13,0.38,1.51,2.16,2.87,241.40,259.45,4.08
1979-05-05,1.25,2.01,2.85,0.36,1.45,2.22,3.35,228.87,269.13,3.63
1979-05-06,3.51,1.44,3.39,0.39,1.54,1.64,4.24,177.03,289.97,3.41
1979-05-07,1.84,1.30,5.08,0.53,2.11,1.47,4.71,133.69,309.50,3.03
1979-05-08,4.20,1.66,5.24,0.61,2.44,1.84,4.55,172.35,299.95,3.33
1979-05-09,0.21,2.06,5.16,0.67,2.69,2.21,4.44,229.06,285.09,3.20
1979-05-10,2.93,1.54,4.96,0.52,2.08,1.78,4.49,157.43,302.95,4.67
1979-05-11,0.19,1.85,9.74,0.59,2.34,1.98,7.07,196.51,320.61,3.55
1979-05-12,0.78,1.86,11.23,0.47,1.88,2.05,7.04,147.80,338.54,4.15
1979-05-13,0.01,3.46,13.36,0.42,1.69,3.48,7.06,268.92,317.51,5.53
1979-05-14,0.00,2.57,12.26,0.37,1.46,2.57,7.18,206.05,329.56,4.90
1979-05-15,1.17,2.15,10.97,0.36,1.45,2.30,6.34,163.97,332.74,3.10
1979-05-16,1.10,0.87,8.21,0.36,1.45,0.99,6.60,91.47,334.88,2.83
1979-05-17,6.07,1.94,7.89,0.44,1.75,2.17,5.29,165.56,317.03,4.98
1979-05-18,3.04,1.40,6.25,0.56,2.25,1.58,4.93,121.31,320.11,3.69
1979-05-19,0.00,2.73,5.51,0.56,2.24,2.73,3.70,266.23,275.81,4.54
1979-05-20,12.40,2.17,7.88,0.47,1.88,2.39,5.09,188.04,311.41,4.41
1979-05-21,7.36,2.19,9.26,3.35,13.40,2.40,5.80,185.92,320.12,4.37
1979-05-22,3.70,2.88,8.54,1.90,7.58,3.10,5.06,263.11,295.77,4.74
1979-05-23,6.91,1.33,7.04,3.33,13.30,1.54,5.85,147.52,320.47,4.37
1979-05-24,2.87,2.63,8.51,2.14,8.54,2.83,5.47,254.08,300.37,4.10
1979-05-25,0.90,2.43,6.98,1.29,5.16,2.58,5.24,255.78,293.79,2.63
1979-05-26,8.29,1.61,7.09,1.05,4.21,1.79,5.64,166.33,316.34,3.33
1979-05-27,3.26,2.24,8.55,1.84,7.34,2.42,5.55,201.79,313.81,3.51
1979-05-28,10.83,1.36,8.41,4.66,18.60,1.58,6.16,122.31,333.14,4.78
1979-05-29,0.20,3.42,11.31,2.38,9.51,3.55,6.28,298.33,304.66,6.48
1979-05-30,9.78,2.30,10.55,2.29,9.14,2.49,6.16,174.99,330.52,4.13
1979-05-31,0.00,1.55,10.04,2.65,10.60,1.55,6.95,138.88,338.00,3.79
1979-06-01,0.00,3.45,10.57,1.11,4.42,3.45,6.44,326.50,294.73,2.53
1979-06-02,0.00,2.27,9.76,0.66,2.63,2.27,6.67,226.28,316.38,3.96
1979-06-03,0.00,2.81,11.96,0.54,2.16,2.81,7.08,239.97,323.10,4.14
1979-06-04,1.02,1.71,12.30,0.47,1.89,1.85,8.48,156.42,345.58,2.91
1979-06-05,0.69,2.41,13.15,0.43,1.70,2.56,8.07,197.06,340.30,3.15
1979-06-06,1.74,2.12,10.74,0.40,1.61,2.24,7.05,187.85,330.43,2.42
1979-06-07,6.80,1.72,9.61,0.99,3.94,1.83,7.05,164.50,330.93,2.02
1979-06-08,9.09,1.62,9.81,2.70,10.80,1.76,6.78,143.81,336.06,2.85
1979-06-09,0.06,2.03,10.28,1.66,6.64,2.09,6.31,162.78,332.98,2.98
1979-06-10,0.00,2.21,11.85,0.85,3.38,2.21,7.52,187.87,336.31,2.47
1979-06-11,0.00,2.17,11.96,0.60,2.40,2.17,7.44,178.42,338.83,2.53
1979-06-12,0.21,2.48,13.03,0.47,1.87,2.51,8.07,204.39,338.72,2.02
1979-06-13,2.97,1.80,11.81,0.43,1.71,1.92,7.89,155.50,343.76,2.53
1979-06-14,4.79,2.77,10.47,0.47,1.88,3.04,5.99,220.19,319.50,6.61
1979-06-15,0.52,2.20,9.86,0.51,2.04,2.46,6.19,182.30,326.65,6.86
1979-06-16,0.00,2.35,11.72,0.44,1.76,2.35,6.93,184.23,335.77,3.39
1979-06-17,0.00,3.64,12.58,0.35,1.40,3.64,7.03,312.11,309.68,2.97
1979-06-18,0.00,4.06,13.61,0.30,1.20,4.06,8.00,357.55,307.20,3.08
1979-06-19,0.00,4.09,15.25,0.28,1.11,4.09,8.63,328.73,321.93,2.26
1979-06-20,0.01,3.58,16.25,0.26,1.04,3.59,9.50,277.78,339.50,3.15
1979-06-21,3.69,1.91,13.74,0.28,1.10,2.11,8.64,144.18,355.52,5.13
1979-06-22,0.00,2.78,11.58,0.28,1.13,2.78,6.19,182.73,333.82,6.29
1979-06-23,8.91,2.04,12.01,0.28,1.11,2.23,7.23,149.76,345.45,4.03
1979-06-24,5.84,1.98,11.10,0.49,1.97,2.11,7.32,172.51,336.45,2.50
1979-06-25,2.52,2.98,10.43,0.48,1.93,3.22,5.88,247.73,312.36,5.64
1979-06-26,0.00,2.79,10.63,0.37,1.47,2.79,5.87,207.82,322.72,5.97
1979-06-27,0.55,3.53,11.16,0.28,1.12,3.70,5.88,297.89,302.65,4.25
1979-06-28,0.01,2.65,14.11,0.26,1.03,2.67,8.36,201.43,344.52,6.12
1979-06-29,0.81,2.95,10.61,0.25,1.00,3.22,5.57,197.10,324.08,7.13
1979-06-30,0.01,2.86,10.27,0.24,0.96,2.87,5.59,212.26,318.98,6.12
1979-07-01,0.06,2.50,10.43,0.23,0.91,2.59,5.72,175.14,328.70,4.71
1979-07-02,0.00,3.14,12.81,0.22,0.87,3.14,7.16,252.57,323.39,4.63
1979-07-03,0.00,3.09,13.07,0.21,0.84,3.09,7.20,246.97,325.77,2.81
1979-07-04,0.00,3.26,14.08,0.21,0.82,3.26,8.54,276.16,326.82,2.58
1979-07-05,0.00,2.50,13.99,0.20,0.79,2.50,8.12,184.80,346.38,3.53
1979-07-06,0.00,3.09,15.24,0.19,0.78,3.09,8.26,207.56,346.62,4.99
1979-07-07,0.00,3.12,15.21,0.19,0.77,3.12,8.43,219.27,343.87,5.44
1979-07-08,0.80,2.26,12.60,0.19,0.78,2.48,7.17,147.47,347.57,5.11
1979-07-09,0.01,2.71,12.58,0.20,0.80,2.73,6.80,186.07,337.08,5.00
1979-07-10,0.00,3.10,12.16,0.19,0.75,3.10,6.36,244.03,319.07,3.27
1979-07-11,0.00,3.39,13.26,0.18,0.72,3.39,7.06,275.74,317.55,2.36
1979-07-12,0.77,3.79,14.28,0.18,0.71,3.93,7.85,313.11,314.90,3.02
1979-07-13,0.04,2.09,13.67,0.18,0.71,2.13,8.80,177.44,346.43,3.50
1979-07-14,0.36,1.92,11.68,0.18,0.72,2.07,6.74,130.23,346.41,3.29
1979-07-15,4.62,2.42,12.11,0.18,0.71,2.58,6.38,164.69,338.71,3.32
1979-07-16,1.20,1.57,14.25,0.19,0.77,1.75,9.20,119.50,361.59,4.37
1979-07-17,1.60,2.32,15.80,0.21,0.84,2.52,9.56,163.84,359.06,5.31
1979-07-18,0.04,3.16,12.86,0.20,0.78,3.20,6.26,177.13,337.75,6.83
1979-07-19,1.75,2.07,11.27,0.18,0.74,2.31,6.63,135.95,342.29,6.02
1979-07-20,0.59,2.60,10.99,0.19,0.75,2.83,5.60,152.47,334.22,5.49
1979-07-21,3.19,2.49,10.89,0.18,0.74,2.72,6.11,180.68,327.47,5.43
1979-07-22,0.02,2.35,12.46,0.19,0.75,2.38,7.12,164.45,340.57,5.17
1979-07-23,0.09,2.28,12.13,0.18,0.72,2.32,6.84,167.69,337.54,3.35
1979-07-24,1.96,1.93,13.16,0.17,0.68,2.08,8.08,148.01,348.65,3.37
1979-07-25,5.16,1.92,14.38,0.18,0.73,2.07,8.99,149.09,354.31,3.44
1979-07-26,0.47,1.94,15.17,0.20,0.80,2.05,9.31,145.69,358.69,2.50
1979-07-27,0.00,2.23,16.03,0.18,0.72,2.23,9.56,167.97,357.39,1.75
1979-07-28,1.97,1.57,15.81,0.17,0.69,1.70,10.61,132.60,363.75,3.01
1979-07-29,1.10,2.77,16.91,0.19,0.75,2.92,9.76,195.31,354.56,3.72
1979-07-30,4.48,1.62,14.04,0.18,0.71,1.76,9.02,128.42,356.63,3.10
1979-07-31,5.83,2.61,13.75,0.20,0.78,2.81,7.46,172.20,342.58,4.96
1979-08-01,3.64,2.07,13.07,0.27,1.06,2.22,7.67,155.14,343.84,3.21
1979-08-02,12.98,2.26,12.71,0.31,1.22,2.41,7.66,187.79,333.13,3.29
1979-08-03,0.88,1.80,11.93,0.59,2.36,1.94,7.14,136.82,342.55,2.82
1979-08-04,0.32,2.18,12.08,0.29,1.17,2.27,7.24,183.21,330.17,2.59
1979-08-05,1.51,1.39,11.78,0.23,0.93,1.55,7.56,103.21,351.02,3.57
1979-08-06,0.93,2.19,15.71,0.22,0.88,2.38,9.14,125.43,363.86,6.31
1979-08-07,13.87,1.52,13.08,0.79,3.16,1.68,8.46,123.58,351.47,3.59
1979-08-08,2.83,2.43,12.28,0.51,2.04,2.62,6.60,166.44,332.82,4.43
1979-08-09,0.02,2.02,11.19,0.34,1.36,2.04,7.04,180.49,325.00,3.33
1979-08-10,0.71,1.95,10.66,0.26,1.03,2.08,6.50,168.54,324.49,2.57
1979-08-11,0.00,1.55,13.26,0.22,0.87,1.55,8.52,130.19,349.54,1.87
1979-08-12,5.76,1.46,16.13,0.20,0.81,1.59,10.37,110.88,367.52,3.09
1979-08-13,12.87,2.01,15.53,0.30,1.18,2.17,9.53,153.81,353.48,3.73
1979-08-14,14.99,1.75,13.53,2.93,11.70,1.99,8.48,131.58,349.45,6.35
1979-08-15,1.03,2.43,12.77,1.57,6.28,2.63,7.27,190.63,326.27,4.78
1979-08-16,9.26,2.00,11.68,0.97,3.86,2.21,6.96,152.66,332.25,4.98
1979-08-17,1.19,0.39,11.53,1.51,6.04,0.49,8.49,52.67,350.57,3.66
1979-08-18,0.92,1.38,13.43,0.77,3.09,1.52,8.97,123.30,350.26,3.23
1979-08-19,0.23,1.45,13.43,0.53,2.11,1.53,8.63,122.03,350.19,2.17
1979-08-20,1.79,1.32,12.59,0.43,1.73,1.50,8.07,98.00,352.90,4.21
1979-08-21,1.44,2.59,11.05,0.40,1.59,2.82,6.10,211.67,305.14,5.52
1979-08-22,7.35,2.26,10.23,0.42,1.66,2.50,5.92,183.56,310.23,5.56
1979-08-23,8.15,1.52,10.10,2.39,9.54,1.68,6.52,129.46,329.09,3.48
1979-08-24,0.26,1.69,10.10,1.78,7.11,1.77,6.77,168.48,316.63,3.27
1979-08-25,0.08,1.43,9.78,0.69,2.76,1.51,6.76,142.53,323.17,3.52
1979-08-26,2.02,1.45,9.89,0.47,1.88,1.63,6.62,133.81,325.68,3.77
1979-08-27,0.01,1.97,9.77,0.42,1.66,1.99,5.57,161.48,311.73,3.49
1979-08-28,0.00,2.24,11.48,0.34,1.34,2.24,6.58,191.18,310.84,4.31
1979-08-29,0.00,2.36,13.21,0.28,1.13,2.36,7.42,202.25,315.86,3.33
1979-08-30,0.00,2.16,12.38,0.25,1.01,2.16,7.12,201.84,311.06,2.06
1979-08-31,0.22,1.22,12.83,0.24,0.94,1.30,8.33,107.19,347.50,2.26
1979-09-01,10.02,1.08,15.65,0.26,1.02,1.21,10.25,83.98,367.31,3.51
1979-09-02,6.71,2.62,14.25,0.65,2.59,2.84,7.26,158.72,331.64,5.63
1979-09-03,0.01,1.86,12.80,0.89,3.57,1.89,7.58,145.17,331.14,4.85
1979-09-04,0.00,1.90,13.30,0.44,1.74,1.90,7.25,129.86,337.59,3.62
1979-09-05,0.00,2.30,15.21,0.33,1.31,2.30,8.19,170.81,331.33,3.57
1979-09-06,0.07,1.66,14.44,0.28,1.13,1.72,8.57,120.74,347.15,3.86
1979-09-07,0.25,1.18,12.83,0.26,1.05,1.30,8.12,94.32,348.77,3.03
1979-09-08,20.60,0.90,12.14,2.41,9.64,0.98,7.90,73.72,352.75,1.95
1979-09-09,0.01,1.27,12.32,2.36,9.44,1.28,7.81,108.35,339.88,3.13
1979-09-10,0.35,1.36,11.81,0.88,3.51,1.54,7.33,93.48,342.35,5.11
1979-09-11,0.18,2.07,13.75,0.60,2.41,2.23,7.58,122.15,338.83,6.16
1979-09-12,0.04,1.20,12.56,0.45,1.78,1.27,8.21,97.14,344.13,6.28
1979-09-13,0.23,2.97,10.84,0.36,1.42,3.13,4.82,169.33,293.56,7.37
1979-09-14,0.05,2.03,9.68,0.30,1.19,2.07,5.43,146.45,302.54,6.17
1979-09-15,0.00,1.58,6.84,0.26,1.05,1.58,4.44,173.41,274.17,2.69
1979-09-16,1.56,1.17,9.62,0.25,1.00,1.44,6.56,94.71,327.78,7.12
1979-09-17,3.97,1.49,13.84,0.28,1.10,1.77,8.42,74.99,356.72,8.05
1979-09-18,0.02,2.62,12.96,0.40,1.59,2.67,6.28,123.85,325.56,7.59
1979-09-19,4.36,2.05,11.65,0.30,1.20,2.24,5.95,158.72,300.95,4.17
1979-09-20,0.81,1.74,8.95,0.34,1.34,2.05,5.55,115.00,309.76,8.76
1979-09-21,1.65,1.59,7.00,0.32,1.28,1.86,4.67,128.96,290.88,6.19
1979-09-22,0.51,1.50,5.78,0.28,1.12,1.69,4.05,149.92,271.58,4.01
1979-09-23,0.16,1.08,8.95,0.26,1.04,1.22,6.36,125.11,305.41,4.64
1979-09-24,0.84,1.07,7.68,0.24,0.96,1.26,5.38,92.63,312.17,4.12
1979-09-25,5.93,0.14,11.60,0.35,1.41,0.45,8.97,64.60,346.70,7.87
1979-09-26,7.35,1.01,10.93,1.12,4.46,1.18,6.93,73.52,337.96,3.87
1979-09-27,0.00,1.79,9.24,0.87,3.47,1.79,5.26,151.52,282.91,5.49
1979-09-28,0.00,1.08,8.59,0.45,1.79,1.08,5.84,131.65,293.40,2.85
1979-09-29,0.00,1.00,6.78,0.34,1.37,1.00,4.98,131.49,281.91,2.36
1979-09-30,0.00,0.57,8.22,0.30,1.21,0.57,6.60,86.33,316.67,4.61
1979-10-01,4.42,0.71,10.83,0.31,1.24,0.88,7.39,51.40,346.76,4.56
1979-10-02,0.33,0.58,10.77,0.43,1.70,0.68,7.77,76.94,332.34,2.70
1979-10-03,11.66,0.13,10.44,0.49,1.96,0.17,7.86,28.16,345.64,3.29
1979-10-04,1.76,0.44,11.43,3.20,12.80,0.58,8.28,52.49,347.50,5.01
1979-10-05,0.00,0.69,9.65,1.13,4.52,0.69,6.38,73.52,324.66,2.03
1979-10-06,0.01,0.73,7.10,0.63,2.52,0.75,5.54,95.03,297.97,3.52
1979-10-07,1.71,0.55,11.21,0.50,2.01,0.67,7.91,69.57,334.82,3.44
1979-10-08,0.50,0.94,13.50,0.48,1.93,1.09,8.41,83.63,336.13,3.88
1979-10-09,0.07,0.81,14.78,0.43,1.73,0.84,9.53,77.12,346.20,4.06
1979-10-10,9.05,0.33,11.57,1.56,6.22,0.37,8.30,42.83,350.66,1.88
1979-10-11,3.30,0.81,10.53,1.60,6.39,0.98,6.96,70.09,326.70,4.61
1979-10-12,0.43,0.68,11.10,1.18,4.73,0.79,7.37,74.00,326.46,3.40
1979-10-13,24.56,0.31,9.62,10.59,42.30,0.41,7.36,43.04,339.85,4.08
1979-10-14,0.18,0.28,9.74,4.73,18.90,0.33,7.45,45.84,337.97,2.48
1979-10-15,0.32,0.27,9.29,1.70,6.78,0.32,7.19,42.12,337.76,2.25
1979-10-16,0.27,0.53,8.06,1.12,4.46,0.59,5.82,51.74,322.64,2.70
1979-10-17,2.43,0.28,7.42,0.89,3.54,0.39,6.19,31.23,330.94,4.57
1979-10-18,6.57,1.35,8.82,0.92,3.68,1.59,5.04,79.87,298.18,5.59
1979-10-19,1.18,0.66,9.69,2.63,10.50,0.88,6.81,46.01,333.63,6.52
1979-10-20,0.19,0.73,8.40,1.25,5.01,0.82,5.60,93.30,285.92,3.63
1979-10-21,0.00,0.51,5.72,0.82,3.27,0.52,4.46,96.87,266.41,2.24
1979-10-22,0.00,0.70,6.35,0.67,2.69,0.70,5.16,66.10,296.55,6.36
1979-10-23,0.00,1.17,7.41,0.56,2.25,1.17,4.80,58.08,304.65,6.31
1979-10-24,0.50,0.78,7.52,0.50,2.01,0.97,5.30,45.19,317.74,4.92
1979-10-25,11.84,0.05,8.35,1.53,6.11,0.08,6.85,18.19,335.79,5.22
1979-10-26,0.23,0.28,8.60,2.55,10.20,0.34,6.74,31.34,336.20,4.71
1979-10-27,0.02,0.60,6.15,1.13,4.53,0.61,4.57,54.32,298.00,3.13
1979-10-28,1.08,0.00,3.90,0.84,3.34,0.00,5.15,17.05,314.23,1.57
1979-10-29,2.23,0.44,5.46,0.73,2.92,0.54,4.42,73.44,273.74,2.79
1979-10-30,9.66,0.30,6.38,2.50,9.98,0.44,5.69,28.57,325.28,5.36
1979-10-31,7.45,0.60,8.11,3.48,13.90,0.80,5.79,60.89,299.29,5.43
1979-11-01,0.22,0.61,5.79,3.25,13.00,0.77,4.71,58.37,286.65,4.93
1979-11-02,8.29,0.69,6.23,1.61,6.43,0.84,4.28,42.19,302.65,3.31
1979-11-03,3.67,0.00,8.68,4.63,18.50,0.01,8.22,30.43,332.97,8.58
1979-11-04,0.25,1.10,6.84,2.32,9.26,1.36,4.57,47.22,298.30,6.72
1979-11-05,2.34,1.08,5.67,1.30,5.20,1.38,4.26,48.18,290.16,7.67
1979-11-06,0.02,0.92,4.81,1.10,4.38,0.97,3.97,55.28,275.85,6.42
1979-11-07,2.55,0.33,2.28,0.98,3.93,0.44,3.85,24.22,302.51,3.40
1979-11-08,0.60,0.26,3.00,0.99,3.94,0.36,4.23,39.47,287.66,4.13
1979-11-09,0.07,0.24,1.51,0.79,3.17,0.28,3.85,37.36,282.07,4.69
1979-11-10,0.51,0.43,0.93,0.67,2.68,0.58,3.22,41.40,270.17,4.24
1979-11-11,13.33,0.11,2.28,4.13,16.50,0.17,4.28,12.55,305.10,4.77
1979-11-12,0.06,0.47,0.49,2.21,8.82,0.52,2.96,59.91,241.21,4.70
1979-11-13,1.93,0.22,-1.84,1.05,4.21,0.29,2.34,51.91,237.78,2.49
1979-11-14,6.92,0.00,-1.03,1.37,5.49,0.00,3.81,11.76,290.47,2.89
1979-11-15,20.26,0.20,2.22,8.99,35.90,0.32,4.16,11.52,304.41,5.87
1979-11-16,1.28,0.14,3.27,6.61,26.40,0.20,4.55,23.46,304.10,3.94
1979-11-17,5.45,0.24,1.96,4.08,16.30,0.39,4.08,19.90,301.73,5.85
1979-11-18,0.11,0.59,4.61,4.00,16.00,0.79,4.41,36.02,288.41,7.07
1979-11-19,0.00,0.40,4.63,2.02,8.06,0.40,4.28,30.21,295.61,3.75
1979-11-20,0.00,0.12,2.29,1.30,5.20,0.13,3.17,44.00,258.68,1.77
1979-11-21,0.32,0.12,4.04,1.17,4.68,0.17,4.87,18.52,312.48,4.11
1979-11-22,7.77,0.00,7.81,1.40,5.61,0.00,7.02,20.42,328.66,5.93
1979-11-23,2.17,0.14,5.41,4.28,17.10,0.21,5.19,23.44,309.79,3.80
1979-11-24,8.25,0.50,3.54,2.38,9.49,0.68,3.99,22.36,298.89,4.92
1979-11-25,24.26,0.93,6.76,11.39,45.50,1.22,4.97,16.51,325.27,8.05
1979-11-26,0.11,0.01,6.30,14.09,56.30,0.01,5.92,37.02,291.71,6.41
1979-11-27,0.41,0.55,5.88,2.98,11.90,0.68,4.14,9.13,319.19,3.14
1979-11-28,0.29,0.00,7.67,2.04,8.16,0.00,6.80,20.94,323.53,7.40
1979-11-29,1.05,0.89,11.12,1.53,6.13,1.11,6.58,8.83,348.26,5.80
1979-11-30,2.45,0.78,10.19,1.61,6.43,1.05,6.68,19.41,335.65,8.22
1979-12-01,2.42,1.45,8.62,1.63,6.50,1.74,4.91,16.38,330.03,7.64
1979-12-02,8.45,0.13,8.46,4.56,18.20,0.22,6.77,14.78,335.70,6.67
1979-12-03,6.69,0.41,6.14,4.71,18.80,0.59,5.13,23.43,305.23,6.09
1979-12-04,15.72,0.71,7.56,11.19,44.70,1.00,5.64,15.66,327.57,8.95
1979-12-05,0.13,0.22,5.76,4.53,18.10,0.29,4.88,28.83,291.25,4.11
1979-12-06,4.55,0.20,4.61,2.23,8.92,0.27,4.62,15.55,311.92,3.04
1979-12-07,11.63,0.00,5.76,6.96,27.80,0.00,5.85,13.62,323.31,4.13
1979-12-08,5.84,0.00,6.90,5.43,21.70,0.00,6.26,13.68,328.36,3.39
1979-12-09,7.09,0.06,6.17,7.06,28.20,0.09,5.76,14.86,321.81,4.80
1979-12-10,0.54,0.38,5.77,4.58,18.30,0.52,4.88,19.31,307.97,4.80
1979-12-11,0.52,0.01,3.21,2.41,9.62,0.02,4.57,7.61,309.79,2.70
1979-12-12,10.06,0.58,3.09,3.30,13.20,0.78,3.75,13.23,305.55,5.03
1979-12-13,5.63,0.08,2.81,4.33,17.30,0.14,4.47,16.53,300.03,5.45
1979-12-14,7.24,0.02,1.96,4.33,17.30,0.03,4.05,19.09,289.47,2.81
1979-12-15,0.26,0.09,1.72,4.53,18.10,0.16,4.16,17.34,292.62,6.95
1979-12-16,2.86,0.33,3.07,2.75,11.00,0.50,3.95,30.15,269.55,5.81
1979-12-17,5.06,1.35,3.31,4.03,16.10,1.77,3.51,17.02,295.60,14.15
1979-12-18,0.05,0.49,2.52,2.33,9.31,0.61,3.77,18.67,290.34,6.38
1979-12-19,0.14,0.49,1.42,1.45,5.78,0.60,3.33,24.78,270.75,6.23
1979-12-20,0.26,0.45,1.14,1.09,4.37,0.61,3.30,15.15,290.42,4.90
1979-12-21,0.06,0.03,0.93,1.00,4.01,0.03,3.60,21.96,276.77,2.48
1979-12-22,0.06,0.06,-1.86,0.86,3.43,0.07,2.67,21.83,261.62,2.13
1979-12-23,0.26,0.07,-1.44,0.81,3.23,0.09,2.92,14.69,279.82,1.99
1979-12-24,0.06,0.00,-0.43,0.76,3.02,0.01,3.28,26.06,262.26,2.06
1979-12-25,8.51,0.05,0.15,0.68,2.72,0.08,3.44,25.69,266.01,3.88
1979-12-26,28.07,0.00,2.97,10.81,43.20,0.00,5.02,7.43,310.10,6.89
1979-12-27,5.92,0.17,3.12,16.04,64.10,0.28,4.47,7.47,309.14,5.98
1979-12-28,2.31,0.25,1.32,3.25,13.00,0.36,3.35,24.85,271.73,3.92
1979-12-29,0.11,0.06,-0.86,2.07,8.28,0.08,3.23,18.47,276.89,3.33
1979-12-30,0.00,0.09,-0.58,1.44,5.77,0.09,3.29,23.65,268.17,4.38
1979-12-31,0.00,0.22,-0.59,0.99,3.95,0.22,2.90,35.83,242.51,4.54
1980-01-01,0.00,0.09,-3.48,0.61,2.42,0.09,2.42,33.51,232.83,3.84
1980-01-02,2.75,0.14,-3.17,0.55,2.20,0.20,2.22,25.70,247.36,2.70
1980-01-03,7.25,0.03,-0.16,1.57,6.28,0.05,3.57,7.93,292.67,3.55
1980-01-04,0.99,0.09,2.14,4.38,17.50,0.14,4.02,30.96,268.02,5.12
1980-01-05,0.06,0.31,3.53,2.88,11.50,0.41,4.42,20.96,295.66,6.88
1980-01-06,3.25,0.53,4.18,1.99,7.95,0.77,4.39,16.41,308.21,6.93
1980-01-07,1.50,0.05,2.65,2.16,8.62,0.07,4.40,13.47,306.61,3.12
1980-01-08,0.05,0.18,0.81,1.70,6.79,0.21,3.37,15.60,293.17,2.58
1980-01-09,0.02,0.18,-0.30,1.17,4.69,0.20,3.16,14.92,289.61,2.81
1980-01-10,0.29,0.00,-0.12,0.94,3.74,0.01,3.46,8.72,292.27,1.13
1980-01-11,0.48,0.06,-0.20,0.86,3.42,0.08,3.36,12.61,291.38,2.14
1980-01-12,0.01,0.00,0.42,0.88,3.52,0.00,3.77,16.47,293.95,1.21
1980-01-13,3.64,0.25,0.19,0.88,3.50,0.36,3.20,23.05,278.10,3.79
1980-01-14,7.23,0.00,0.36,1.57,6.29,0.00,3.96,20.38,288.57,4.84
1980-01-15,2.88,0.18,1.22,2.93,11.70,0.28,3.76,25.72,281.82,5.01
1980-01-16,0.27,0.12,0.49,1.81,7.24,0.16,3.45,15.88,294.28,2.30
1980-01-17,0.01,0.06,-0.10,1.22,4.86,0.07,3.17,13.73,290.51,1.33
1980-01-18,0.01,0.05,-0.75,0.95,3.78,0.06,3.20,28.67,269.22,2.63
1980-01-19,0.15,0.31,-1.61,0.77,3.08,0.41,2.71,19.52,279.07,3.61
1980-01-20,2.05,0.00,-0.21,0.75,2.99,0.00,3.70,29.95,273.82,4.76
1980-01-21,14.22,0.38,1.31,3.83,15.30,0.63,3.77,18.59,298.82,7.84
1980-01-22,3.94,0.00,1.67,4.66,18.60,0.00,4.28,10.89,302.68,3.50
1980-01-23,0.06,0.08,2.06,4.03,16.10,0.10,4.18,19.69,302.91,2.58
1980-01-24,0.18,0.04,1.32,2.08,8.31,0.06,3.81,27.94,286.43,1.88
1980-01-25,0.26,0.03,1.26,1.49,5.96,0.04,3.94,28.80,286.47,2.52
1980-01-26,0.03,0.09,-0.78,1.14,4.56,0.10,3.03,45.64,251.06,2.65
1980-01-27,4.46,0.12,-1.10,0.92,3.67,0.16,2.99,23.38,282.21,1.88
1980-01-28,0.36,0.00,-0.64,1.04,4.15,0.00,3.70,12.37,291.45,2.01
1980-01-29,4.53,0.00,1.94,3.10,12.40,0.00,4.26,12.64,303.65,1.57
1980-01-30,4.65,0.20,3.22,3.90,15.60,0.29,4.40,36.27,290.01,4.36
1980-01-31,4.68,0.37,0.65,2.33,9.31,0.59,3.60,24.81,293.06,7.24
1980-02-01,7.46,0.25,-2.54,1.42,5.67,0.36,2.62,53.41,245.59,3.78
1980-02-02,1.64,0.00,-2.44,1.14,4.56,0.00,3.33,13.80,283.01,2.65
1980-02-03,2.61,0.03,-0.71,1.05,4.20,0.05,3.42,14.11,289.84,2.72
1980-02-04,13.80,0.48,-0.33,1.23,4.91,0.69,2.97,14.43,288.72,5.37
1980-02-05,4.40,0.00,0.26,4.43,17.70,0.02,4.35,25.84,296.93,4.93
1980-02-06,0.77,0.20,1.27,3.78,15.10,0.29,3.92,27.37,298.26,4.05
1980-02-07,9.55,0.33,1.87,3.30,13.20,0.45,3.86,27.21,301.08,3.99
1980-02-08,5.18,0.00,3.42,12.46,49.80,0.04,5.10,27.49,311.76,3.11
1980-02-09,3.65,0.10,5.10,19.07,76.20,0.15,5.47,29.67,318.06,3.57
1980-02-10,0.14,0.82,5.00,6.86,27.40,1.05,4.20,62.56,282.26,5.55
1980-02-11,4.50,0.51,5.30,3.80,15.20,0.64,4.59,53.39,295.16,3.58
1980-02-12,2.97,0.04,4.89,5.46,21.80,0.07,5.33,17.21,318.75,3.94
1980-02-13,0.13,0.40,5.93,3.58,14.30,0.48,5.06,44.08,309.97,3.01
1980-02-14,1.33,0.20,5.03,2.36,9.44,0.29,5.15,20.49,318.92,4.35
1980-02-15,0.01,0.48,5.64,2.11,8.43,0.49,4.72,67.72,288.90,2.94
1980-02-16,0.25,0.25,2.13,1.52,6.07,0.31,3.93,37.99,298.33,2.02
1980-02-17,0.20,0.41,5.06,1.34,5.36,0.49,4.93,58.43,297.65,3.88
1980-02-18,1.44,0.68,4.99,1.11,4.42,0.88,4.48,36.69,314.26,4.79
1980-02-19,0.02,0.20,4.42,1.12,4.49,0.21,4.81,20.01,315.46,3.32
1980-02-20,2.37,0.75,3.51,0.94,3.76,0.94,3.71,42.14,301.92,4.08
1980-02-21,5.30,0.00,4.34,1.31,5.25,0.00,5.35,20.86,316.47,4.36
1980-02-22,2.05,0.35,5.66,3.10,12.40,0.45,5.30,41.38,318.39,3.17
1980-02-23,0.29,0.27,3.07,1.80,7.20,0.34,4.48,52.58,298.07,2.26
1980-02-24,0.03,0.23,3.02,1.26,5.02,0.24,4.54,40.47,307.33,1.85
1980-02-25,0.00,0.23,2.12,1.02,4.07,0.23,4.31,45.69,300.00,2.53
1980-02-26,0.00,0.31,2.23,0.87,3.48,0.31,3.94,46.45,298.95,1.57
1980-02-27,0.00,0.48,2.03,0.77,3.09,0.48,3.69,69.54,282.10,2.44
1980-02-28,0.00,0.50,3.36,0.74,2.95,0.50,4.24,42.30,308.58,3.88
1980-02-29,0.00,0.69,6.37,0.68,2.72,0.69,5.24,64.41,310.20,4.80
1980-03-01,0.00,1.14,5.72,0.62,2.48,1.14,4.16,119.92,269.50,3.90
1980-03-02,0.26,0.56,3.11,0.57,2.28,0.72,4.22,61.10,297.81,4.60
1980-03-03,0.00,0.84,0.88,0.54,2.14,0.85,2.80,116.77,249.42,2.68
1980-03-04,0.27,0.79,1.41,0.54,2.14,0.91,3.07,78.29,276.61,3.21
1980-03-05,0.76,0.64,2.18,0.54,2.14,0.84,3.81,48.51,301.58,5.44
1980-03-06,5.19,0.39,2.77,0.58,2.32,0.49,4.33,49.79,305.83,2.88
1980-03-07,12.92,0.60,3.36,1.51,6.05,0.74,4.30,78.31,293.02,3.37
1980-03-08,0.51,0.59,4.00,3.75,15.00,0.74,4.51,61.77,305.91,3.92
1980-03-09,4.59,1.09,4.00,1.80,7.18,1.28,3.82,132.07,265.37,3.53
1980-03-10,1.46,0.36,2.07,1.99,7.94,0.48,4.27,55.78,301.65,3.57
1980-03-11,4.08,0.82,3.28,2.05,8.19,1.03,3.90,66.81,299.58,4.41
1980-03-12,1.30,0.39,5.00,3.08,12.30,0.50,5.46,68.74,311.64,3.37
1980-03-13,0.00,1.12,2.08,1.67,6.66,1.13,3.23,150.18,250.91,3.25
1980-03-14,0.17,0.67,0.56,1.20,4.78,0.81,3.30,80.06,281.67,3.59
1980-03-15,0.08,0.48,1.49,1.13,4.52,0.54,3.72,56.23,299.24,2.29
1980-03-16,7.76,0.57,1.58,1.07,4.27,0.68,3.55,56.75,298.98,2.48
1980-03-17,28.09,0.51,0.93,5.91,23.60,0.73,3.75,61.89,295.52,5.98
1980-03-18,4.61,0.36,0.86,11.71,46.80,0.65,3.80,33.74,297.64,10.15
1980-03-19,1.53,0.88,-0.82,3.00,12.00,1.21,2.94,110.23,264.29,7.65
1980-03-20,0.50,0.67,-1.49,2.18,8.71,0.81,2.78,92.28,269.30,3.02
1980-03-21,1.09,0.46,-1.56,1.66,6.65,0.60,2.91,51.12,283.65,3.48
1980-03-22,0.11,0.79,-1.14,1.34,5.35,0.85,3.02,136.15,255.30,2.60
1980-03-23,3.82,0.71,-1.44,1.21,4.82,0.93,2.85,90.25,272.53,4.52
1980-03-24,10.66,0.49,1.85,7.81,31.20,0.71,4.13,67.28,301.36,5.72
1980-03-25,5.34,1.05,4.55,7.98,31.90,1.26,4.50,120.68,291.71,4.33
1980-03-26,6.89,1.31,5.46,4.96,19.80,1.53,4.60,146.83,285.41,4.43
1980-03-27,5.33,0.22,3.39,9.19,36.70,0.33,4.80,38.63,311.22,4.65
1980-03-28,11.69,0.62,1.76,4.33,17.30,0.78,3.85,68.92,300.71,3.36
1980-03-29,0.77,0.99,3.33,6.11,24.40,1.25,4.01,84.99,301.60,5.88
1980-03-30,0.62,1.30,4.92,2.95,11.80,1.47,4.35,146.63,285.53,3.24
1980-03-31,3.49,0.77,4.29,3.00,12.00,0.98,4.59,70.65,314.07,4.70
1980-04-01,0.01,1.42,5.90,2.78,11.10,1.45,4.34,113.14,303.92,4.37
1980-04-02,1.50,1.92,5.59,1.66,6.64,2.18,4.10,189.20,273.56,5.77
1980-04-03,0.02,1.80,4.71,1.17,4.66,1.83,4.00,217.85,260.60,3.13
1980-04-04,0.00,1.55,6.19,0.92,3.69,1.55,4.65,172.46,286.60,2.22
1980-04-05,0.00,1.82,6.54,0.84,3.37,1.82,5.01,218.84,274.21,2.01
1980-04-06,0.00,1.82,6.54,0.75,2.98,1.82,5.06,219.43,275.19,2.59
1980-04-07,0.00,1.88,6.11,0.68,2.72,1.88,4.44,185.53,282.79,5.80
1980-04-08,0.00,2.07,4.95,0.61,2.42,2.07,3.55,181.33,275.55,5.49
1980-04-09,0.00,1.19,4.77,0.52,2.08,1.19,4.44,115.73,303.16,4.42
1980-04-10,0.00,1.42,6.06,0.49,1.97,1.42,4.29,107.93,310.63,3.59
1980-04-11,0.00,1.68,7.02,0.44,1.77,1.68,4.29,133.69,305.91,2.98
1980-04-12,0.00,2.30,8.81,0.43,1.72,2.30,4.74,169.21,303.06,4.82
1980-04-13,2.00,2.46,9.99,0.40,1.58,2.66,4.91,166.53,309.86,4.40
1980-04-14,1.60,1.29,8.03,0.45,1.80,1.48,5.50,95.69,328.46,3.96
1980-04-15,0.09,1.60,8.67,0.44,1.77,1.70,5.14,129.92,319.23,2.34
1980-04-16,0.12,1.56,9.07,0.42,1.66,1.64,5.97,142.30,320.05,2.70
1980-04-17,0.17,1.83,7.84,0.38,1.51,1.98,4.95,150.52,309.43,4.00
1980-04-18,0.00,2.73,10.47,0.35,1.38,2.73,5.85,217.26,302.32,8.29
1980-04-19,0.00,2.84,6.63,0.32,1.27,2.84,3.76,220.22,277.16,8.52
1980-04-20,0.00,2.65,4.58,0.30,1.20,2.65,3.12,231.35,263.04,7.31
1980-04-21,0.68,1.77,4.16,0.30,1.20,1.98,3.38,155.59,287.86,3.64
1980-04-22,0.18,1.31,7.63,0.32,1.26,1.47,5.51,113.64,323.80,3.19
1980-04-23,4.65,1.72,8.93,0.41,1.63,1.86,5.83,156.96,317.64,2.51
1980-04-24,0.07,1.06,5.86,0.41,1.62,1.16,5.30,113.99,316.41,3.21
1980-04-25,0.00,1.74,5.05,0.35,1.38,1.74,4.30,189.61,288.06,2.07
1980-04-26,0.02,1.68,4.05,0.30,1.18,1.70,4.45,208.43,280.66,2.39
1980-04-27,0.18,1.44,6.75,0.27,1.08,1.57,5.07,137.35,313.60,2.28
1980-04-28,0.00,1.96,7.22,0.27,1.06,1.96,4.85,177.47,303.44,4.02
1980-04-29,0.01,1.83,5.53,0.27,1.07,1.84,4.42,183.50,293.86,4.67
1980-04-30,0.00,1.57,6.46,0.24,0.97,1.57,5.02,146.87,310.60,6.72
1980-05-01,0.00,1.57,6.29,0.25,1.00,1.57,4.84,137.25,312.58,5.83
1980-05-02,0.00,2.14,7.28,0.27,1.06,2.14,5.25,232.37,293.17,6.37
1980-05-03,0.00,2.72,6.54,0.27,1.06,2.72,4.46,293.24,270.52,6.01
1980-05-04,0.00,1.51,5.31,0.27,1.06,1.51,4.72,161.13,302.94,5.54
1980-05-05,0.06,2.68,6.54,0.26,1.02,2.77,4.30,271.36,276.42,4.31
1980-05-06,0.28,1.13,4.39,0.24,0.97,1.30,4.46,108.70,312.14,3.82
1980-05-07,1.09,1.12,5.05,0.26,1.03,1.35,4.74,105.57,316.76,4.63
1980-05-08,0.00,2.23,4.88,0.25,0.98,2.23,3.45,206.31,284.10,3.41
1980-05-09,0.00,2.43,6.04,0.22,0.87,2.43,4.19,243.87,283.19,3.44
1980-05-10,0.00,3.02,8.26,0.20,0.79,3.02,4.55,273.60,285.29,3.98
1980-05-11,0.00,3.65,10.11,0.18,0.72,3.65,4.90,307.88,284.75,4.83
1980-05-12,0.00,3.45,10.80,0.17,0.69,3.45,5.79,302.65,293.99,5.02
1980-05-13,0.00,3.88,12.44,0.17,0.66,3.88,6.26,318.71,298.19,5.05
1980-05-14,0.00,3.65,10.55,0.16,0.64,3.65,5.51,324.62,286.78,4.70
1980-05-15,0.00,3.73,10.16,0.16,0.65,3.73,5.18,337.41,280.68,3.44
1980-05-16,0.00,3.94,10.83,0.16,0.65,3.94,4.84,341.06,280.07,2.49
1980-05-17,0.00,3.88,9.82,0.16,0.66,3.88,4.70,347.14,274.87,3.35
1980-05-18,0.00,3.65,10.63,0.15,0.62,3.65,5.62,329.21,288.21,2.69
1980-05-19,2.63,3.51,11.90,0.15,0.61,3.65,5.75,283.15,305.39,2.77
1980-05-20,0.14,1.41,10.68,0.17,0.70,1.53,7.07,110.28,346.32,3.39
1980-05-21,0.00,1.98,8.73,0.18,0.74,1.98,5.73,168.28,322.14,5.74
1980-05-22,0.01,1.79,7.78,0.19,0.75,1.80,5.08,135.03,324.39,4.27
1980-05-23,0.02,2.37,10.09,0.18,0.74,2.40,5.46,174.05,325.85,3.30
1980-05-24,0.00,2.45,10.34,0.18,0.70,2.45,5.93,198.58,322.60,2.95
1980-05-25,2.71,1.70,9.99,0.17,0.69,1.83,6.30,134.26,337.39,2.43
1980-05-26,10.13,2.07,10.17,0.29,1.14,2.21,6.62,183.22,327.73,2.64
1980-05-27,11.48,1.54,9.19,0.29,1.16,1.68,6.87,152.31,331.00,2.63
1980-05-28,4.52,2.05,7.42,0.74,2.96,2.24,5.04,183.73,312.07,3.64
1980-05-29,2.79,2.33,6.29,0.41,1.63,2.49,4.59,232.73,294.55,2.81
1980-05-30,0.26,2.81,7.10,0.35,1.39,2.91,4.77,283.68,286.50,3.28
1980-05-31,0.32,1.60,7.21,0.28,1.10,1.69,5.30,144.30,321.55,2.33
1980-06-01,0.10,2.85,10.51,0.24,0.98,2.94,6.08,247.84,312.05,3.04
1980-06-02,1.98,2.09,10.42,0.24,0.94,2.25,6.43,171.61,331.24,3.13
1980-06-03,0.01,2.97,16.24,0.23,0.93,2.98,9.21,205.75,353.43,4.21
1980-06-04,0.00,3.11,17.72,0.21,0.85,3.11,9.40,200.98,361.57,2.65
1980-06-05,23.93,2.50,17.98,1.30,5.19,2.62,10.37,160.32,371.99,2.87
1980-06-06,0.00,3.05,13.14,1.22,4.86,3.05,7.96,264.73,325.18,3.65
1980-06-07,8.67,1.99,11.27,0.82,3.27,2.11,7.36,171.22,337.13,2.47
1980-06-08,0.08,2.19,11.09,0.88,3.52,2.26,6.93,185.11,332.53,2.59
1980-06-09,0.00,2.74,11.03,0.41,1.64,2.74,6.51,235.10,319.62,2.59
1980-06-10,0.03,2.03,11.60,0.30,1.19,2.06,7.71,182.83,336.68,3.39
1980-06-11,28.02,0.77,9.77,5.93,23.70,1.00,7.07,67.55,342.39,6.11
1980-06-12,0.69,1.96,9.84,3.73,14.90,2.18,6.42,169.28,330.03,4.80
1980-06-13,3.12,1.56,9.96,1.51,6.05,1.73,6.73,130.47,339.92,3.44
1980-06-14,11.16,1.10,11.22,4.36,17.40,1.25,7.99,103.63,349.25,3.56
1980-06-15,3.19,2.57,13.09,2.29,9.14,2.80,7.79,201.89,339.25,5.47
1980-06-16,5.23,2.06,12.55,1.74,6.97,2.22,7.54,152.80,347.56,3.43
1980-06-17,1.22,2.11,12.28,1.63,6.51,2.25,7.61,169.69,342.64,2.80
1980-06-18,0.77,2.65,13.04,0.86,3.45,2.84,7.51,200.27,338.94,4.35
1980-06-19,2.99,3.40,12.16,0.61,2.43,3.69,6.20,229.15,324.89,8.28
1980-06-20,0.12,2.26,10.53,0.55,2.21,2.43,6.29,158.72,335.35,7.93
1980-06-21,0.69,3.00,10.68,0.42,1.69,3.26,5.59,209.42,321.67,6.52
1980-06-22,0.35,2.84,10.44,0.36,1.43,2.98,5.82,234.36,315.46,3.51
1980-06-23,1.66,2.64,9.39,0.34,1.34,2.75,6.22,249.95,309.33,2.18
1980-06-24,3.12,2.15,9.82,0.56,2.23,2.26,6.81,202.23,323.52,2.20
1980-06-25,10.71,2.28,10.51,2.45,9.79,2.40,7.08,209.50,325.29,2.26
1980-06-26,2.98,2.33,10.52,1.22,4.86,2.51,6.74,209.86,324.39,3.64
1980-06-27,2.84,3.04,10.56,0.69,2.75,3.26,5.46,222.60,317.22,5.25
1980-06-28,2.29,2.04,10.84,0.60,2.39,2.16,6.30,154.32,337.52,2.38
1980-06-29,0.03,3.12,11.65,0.50,2.00,3.16,6.54,260.52,316.13,4.33
1980-06-30,13.39,1.12,8.37,1.30,5.21,1.30,6.65,118.46,335.16,3.64
1980-07-01,1.64,1.19,9.81,2.27,9.07,1.45,6.73,88.06,342.16,6.79
1980-07-02,0.07,2.43,11.83,1.02,4.09,2.46,7.11,199.67,331.96,3.30
1980-07-03,0.93,1.92,11.66,0.59,2.36,2.06,7.07,145.00,344.09,2.89
1980-07-04,1.60,2.30,12.96,0.46,1.84,2.51,7.63,167.64,345.21,4.76
1980-07-05,0.85,2.53,11.95,0.41,1.65,2.72,7.00,200.57,331.67,4.50
1980-07-06,0.04,2.22,11.43,0.36,1.43,2.25,6.77,175.94,334.86,2.77
1980-07-07,0.04,2.25,11.60,0.31,1.25,2.26,7.35,194.09,332.28,2.48
1980-07-08,0.50,2.07,10.94,0.28,1.12,2.19,7.05,183.05,331.43,4.52
1980-07-09,0.08,2.30,11.60,0.26,1.02,2.39,6.52,141.69,343.27,6.25
1980-07-10,0.01,2.32,10.77,0.24,0.97,2.34,6.09,166.05,332.45,4.39
1980-07-11,0.37,1.92,10.09,0.23,0.94,2.10,6.46,160.00,331.81,3.76
1980-07-12,3.40,2.19,11.28,0.24,0.97,2.40,6.54,154.38,338.37,4.75
1980-07-13,4.18,2.19,10.84,0.34,1.35,2.33,6.99,195.90,327.10,2.87
1980-07-14,5.06,1.86,10.21,0.39,1.57,2.05,7.07,182.98,327.59,4.15
1980-07-15,0.24,2.11,10.01,0.37,1.47,2.31,5.94,155.44,330.80,4.52
1980-07-16,0.01,2.78,10.32,0.28,1.11,2.79,5.39,219.05,313.23,3.30
1980-07-17,11.24,1.75,10.73,0.39,1.57,1.94,6.34,111.68,345.79,3.94
1980-07-18,4.81,1.94,12.48,0.74,2.95,2.13,7.64,145.50,346.62,4.36
1980-07-19,10.13,1.84,13.01,2.11,8.45,1.97,8.25,148.44,348.64,2.77
1980-07-20,0.15,1.74,10.59,1.66,6.63,1.92,6.73,129.43,340.74,5.62
1980-07-21,0.06,2.50,9.84,0.65,2.61,2.55,5.82,215.52,312.84,3.66
1980-07-22,0.00,2.31,12.94,0.41,1.63,2.31,7.44,162.66,343.45,4.72
1980-07-23,0.43,2.34,13.65,0.34,1.34,2.52,7.73,160.00,347.52,4.30
1980-07-24,0.01,3.27,14.14,0.30,1.20,3.28,7.10,241.40,326.18,3.22
1980-07-25,0.40,3.39,16.66,0.26,1.03,3.56,8.70,223.25,345.50,4.35
1980-07-26,2.77,0.84,15.58,0.25,1.00,0.92,10.29,72.22,368.83,2.00
1980-07-27,0.05,1.82,15.55,0.26,1.04,1.86,9.71,138.35,361.80,2.19
1980-07-28,0.00,2.39,16.31,0.24,0.97,2.39,9.98,186.13,354.24,1.84
1980-07-29,0.24,1.71,14.91,0.23,0.91,1.88,9.56,132.66,359.70,4.38
1980-07-30,7.32,1.60,15.14,0.29,1.15,1.74,10.06,135.82,359.64,3.43
1980-07-31,0.04,2.57,14.12,0.36,1.44,2.59,8.55,214.62,334.93,2.63
1980-08-01,6.10,2.11,13.03,0.33,1.30,2.21,7.98,176.40,338.17,2.00
1980-08-02,2.29,2.10,12.23,0.42,1.66,2.22,8.23,197.97,329.43,2.21
1980-08-03,2.66,1.43,14.51,0.31,1.23,1.53,9.38,113.22,361.39,2.21
1980-08-04,2.96,1.43,15.14,0.37,1.48,1.58,9.95,114.64,363.54,3.65
1980-08-05,0.01,2.33,15.12,0.43,1.72,2.37,8.76,154.49,353.08,5.61
1980-08-06,0.12,1.53,13.66,0.32,1.29,1.63,8.38,107.98,358.39,3.01
1980-08-07,11.72,0.46,12.19,0.91,3.62,0.54,8.83,56.72,353.52,2.89
1980-08-08,0.01,2.16,11.17,1.08,4.33,2.17,6.63,181.56,323.44,3.31
1980-08-09,0.07,1.42,11.29,0.48,1.93,1.49,6.90,104.52,346.87,2.32
1980-08-10,0.90,1.54,13.56,0.36,1.44,1.66,8.65,124.05,352.64,2.72
1980-08-11,7.55,1.31,14.64,0.88,3.50,1.48,9.53,98.41,364.05,4.34
1980-08-12,0.28,1.92,12.62,0.91,3.65,2.12,7.62,147.05,340.38,4.48
1980-08-13,0.43,1.93,14.61,0.51,2.03,2.04,8.55,139.29,352.26,3.06
1980-08-14,14.89,1.66,17.42,1.91,7.63,1.81,11.21,123.60,369.41,3.93
1980-08-15,2.57,1.13,15.04,3.30,13.20,1.21,10.16,97.59,364.69,1.83
1980-08-16,2.68,2.16,15.12,1.13,4.51,2.27,9.31,181.36,342.32,2.41
1980-08-17,1.25,1.43,15.06,0.72,2.89,1.63,9.87,117.35,359.47,5.03
1980-08-18,0.08,2.23,14.81,0.57,2.26,2.36,8.76,163.67,344.31,5.62
1980-08-19,3.13,1.99,13.17,0.43,1.73,2.20,7.13,97.22,355.44,5.24
1980-08-20,3.91,2.39,14.37,0.46,1.83,2.66,8.21,153.85,343.59,7.77
1980-08-21,0.01,3.17,11.60,0.53,2.10,3.19,5.60,216.86,302.07,7.07
1980-08-22,0.00,2.73,11.04,0.35,1.41,2.73,5.51,187.13,309.59,5.71
1980-08-23,0.00,2.25,9.72,0.30,1.18,2.25,5.34,192.83,301.26,3.30
1980-08-24,0.00,2.10,10.48,0.27,1.09,2.10,5.96,186.68,308.32,2.75
1980-08-25,0.00,1.76,11.96,0.25,1.01,1.76,7.01,149.15,329.97,2.19
1980-08-26,0.00,1.92,12.93,0.24,0.95,1.92,7.69,173.77,326.83,1.57
1980-08-27,1.57,1.55,13.28,0.23,0.91,1.66,7.89,121.28,345.74,2.35
1980-08-28,1.64,1.90,15.40,0.23,0.92,2.06,9.33,148.80,347.45,3.80
1980-08-29,14.97,0.98,12.91,0.46,1.83,1.10,8.76,87.15,354.70,2.89
1980-08-30,5.43,1.06,12.28,1.88,7.52,1.27,8.28,89.12,350.87,5.44
1980-08-31,0.01,2.02,11.24,0.78,3.13,2.03,6.59,187.62,308.32,2.91
1980-09-01,0.00,1.47,15.30,0.42,1.68,1.47,9.24,105.46,358.89,3.00
1980-09-02,0.00,1.92,15.27,0.34,1.36,1.92,8.41,109.33,356.52,4.22
1980-09-03,0.02,2.09,14.82,0.30,1.19,2.11,8.37,154.20,337.26,3.98
1980-09-04,2.84,1.15,11.95,0.27,1.07,1.31,8.00,105.03,341.69,3.83
1980-09-05,0.61,1.43,13.75,0.28,1.12,1.58,8.55,114.34,346.40,3.64
1980-09-06,0.09,1.54,13.12,0.29,1.14,1.69,8.01,101.97,347.13,5.92
1980-09-07,0.40,2.10,14.55,0.25,0.99,2.30,7.98,110.64,349.62,6.17
1980-09-08,0.22,1.89,13.46,0.24,0.95,2.05,7.91,152.80,327.49,4.76
1980-09-09,2.93,1.92,11.27,0.22,0.90,2.13,6.22,137.80,318.95,4.65
1980-09-10,3.82,0.79,11.01,0.26,1.03,0.98,7.86,80.72,343.65,5.02
1980-09-11,12.54,0.90,10.76,0.48,1.90,1.07,7.41,77.39,343.18,4.28
1980-09-12,0.83,2.30,12.42,2.03,8.11,2.62,6.84,108.40,336.06,10.73
1980-09-13,6.97,2.16,10.77,0.91,3.65,2.45,5.72,99.23,329.59,7.76
1980-09-14,1.55,1.18,10.76,1.17,4.66,1.34,6.81,90.16,335.67,3.70
1980-09-15,1.34,0.83,11.80,0.69,2.74,0.96,7.85,64.95,351.61,3.29
1980-09-16,1.80,0.98,13.71,0.64,2.55,1.17,9.14,88.18,350.73,5.21
1980-09-17,0.94,1.67,11.96,0.65,2.61,1.89,7.00,123.66,324.04,5.31
1980-09-18,4.95,0.46,10.95,0.54,2.17,0.59,7.62,35.48,348.04,4.35
1980-09-19,4.05,1.19,13.46,1.64,6.55,1.31,8.50,115.25,335.90,2.64
1980-09-20,0.64,0.58,11.76,1.14,4.54,0.64,8.35,63.77,349.78,1.64
1980-09-21,0.47,0.58,12.73,0.77,3.07,0.71,9.10,71.48,350.46,4.29
1980-09-22,0.84,0.83,12.57,0.64,2.55,0.95,8.60,91.34,340.59,3.08
1980-09-23,1.65,1.02,13.53,0.52,2.07,1.15,8.41,79.72,349.39,3.16
1980-09-24,0.50,1.40,11.44,0.52,2.08,1.54,6.79,114.03,319.77,4.20
1980-09-25,0.59,1.19,9.52,0.42,1.68,1.33,6.18,134.99,298.71,2.96
1980-09-26,1.99,1.08,11.39,0.37,1.48,1.28,7.20,73.84,339.57,4.90
1980-09-27,0.04,0.92,12.80,0.38,1.50,0.97,8.38,93.72,336.72,3.31
1980-09-28,0.00,1.16,11.46,0.33,1.31,1.16,6.73,126.60,308.94,2.07
1980-09-29,0.50,0.71,8.44,0.29,1.17,0.92,6.33,66.05,327.66,5.60
1980-09-30,0.93,1.31,10.54,0.29,1.15,1.49,6.04,89.92,321.42,4.02
1980-10-01,0.08,1.14,10.68,0.27,1.08,1.26,7.06,103.48,315.88,7.66
1980-10-02,0.03,1.42,10.42,0.25,1.00,1.47,5.83,108.88,305.84,4.19
1980-10-03,4.88,0.95,8.35,0.24,0.97,1.16,5.79,72.57,319.13,5.03
1980-10-04,0.05,1.14,8.37,0.33,1.30,1.19,5.45,110.19,293.71,4.34
1980-10-05,4.20,0.98,8.24,0.31,1.25,1.21,5.67,50.70,330.67,5.85
1980-10-06,10.38,1.30,8.99,1.62,6.47,1.57,5.56,45.32,336.69,6.68
1980-10-07,0.02,1.64,7.00,1.52,6.06,1.70,4.44,80.84,299.56,8.36
1980-10-08,0.00,1.34,7.13,0.60,2.38,1.34,4.83,77.73,303.08,7.59
1980-10-09,0.00,1.42,7.17,0.39,1.57,1.42,4.61,89.30,293.00,6.66
1980-10-10,0.00,0.68,4.93,0.32,1.29,0.68,4.37,82.85,287.33,2.92
1980-10-11,0.58,0.52,4.96,0.30,1.19,0.63,4.86,67.88,299.08,3.76
1980-10-12,0.87,0.51,5.73,0.30,1.18,0.59,4.97,78.13,294.22,2.35
1980-10-13,0.44,0.41,4.98,0.32,1.27,0.49,4.89,56.49,305.58,2.48
1980-10-14,0.65,0.62,7.24,0.30,1.19,0.78,5.54,59.66,313.42,4.07
1980-10-15,4.67,0.62,5.26,0.31,1.22,0.77,4.60,63.41,298.51,3.50
1980-10-16,15.62,0.58,4.52,1.17,4.68,0.80,4.67,44.03,310.02,6.06
1980-10-17,8.47,0.71,5.36,4.48,17.90,1.02,4.94,49.70,309.14,9.05
1980-10-18,2.39,1.15,3.85,2.24,8.93,1.44,3.55,96.78,257.63,6.37
1980-10-19,0.03,0.32,3.44,1.11,4.43,0.34,4.58,83.75,272.22,3.55
1980-10-20,4.23,0.38,1.95,0.79,3.15,0.45,3.42,39.03,295.77,1.95
1980-10-21,6.36,0.01,5.14,1.48,5.93,0.14,6.07,36.55,318.51,2.48
1980-10-22,5.89,0.05,8.48,4.33,17.30,0.12,7.21,32.83,336.39,3.38
1980-10-23,11.62,0.24,9.01,3.70,14.80,0.35,7.05,34.22,337.02,5.25
1980-10-24,3.96,0.33,6.92,6.58,26.30,0.45,5.83,29.78,328.13,4.43
1980-10-25,1.12,0.43,4.68,2.25,8.98,0.53,4.31,62.57,284.87,2.66
1980-10-26,4.22,0.44,7.63,1.58,6.30,0.55,5.74,34.09,327.33,3.32
1980-10-27,1.02,0.00,9.96,2.68,10.70,0.06,8.47,32.18,340.79,4.48
1980-10-28,5.36,0.76,10.28,2.63,10.50,1.00,6.81,49.26,324.63,6.82
1980-10-29,0.01,1.17,7.66,1.79,7.14,1.21,4.90,70.06,285.44,7.23
1980-10-30,0.00,0.29,2.41,0.93,3.72,0.29,3.47,46.61,282.01,1.90
1980-10-31,0.00,0.45,3.40,0.75,3.00,0.45,4.14,39.14,296.01,4.40
1980-11-01,0.00,1.15,5.45,0.65,2.59,1.15,4.11,28.30,314.92,6.96
1980-11-02,0.00,0.78,4.69,0.57,2.29,0.78,4.05,35.81,302.09,4.96
1980-11-03,0.00,0.20,1.38,0.52,2.08,0.20,3.16,49.92,268.16,1.69
1980-11-04,2.07,0.20,2.01,0.49,1.95,0.28,3.88,14.31,302.41,3.29
1980-11-05,5.04,0.50,4.31,0.68,2.70,0.70,4.50,31.88,304.66,5.78
1980-11-06,4.06,0.66,4.57,0.93,3.71,0.94,4.50,26.87,310.97,7.52
1980-11-07,4.93,0.63,5.09,1.50,5.98,0.89,4.63,13.39,317.71,7.20
1980-11-08,2.88,0.52,4.92,2.47,9.85,0.70,4.60,26.23,312.12,5.04
1980-11-09,2.24,0.46,3.40,1.83,7.31,0.63,4.11,24.13,306.15,4.59
1980-11-10,0.79,0.49,3.48,1.43,5.72,0.64,3.98,24.83,304.30,4.08
1980-11-11,0.02,0.49,3.60,1.00,4.01,0.52,4.05,43.09,279.90,5.30
1980-11-12,0.06,0.55,2.40,0.76,3.02,0.65,3.20,50.38,259.30,4.07
1980-11-13,7.07,0.09,3.79,0.66,2.64,0.15,4.83,36.95,290.39,5.65
1980-11-14,3.82,0.44,6.42,3.20,12.80,0.60,5.32,20.43,324.24,5.03
1980-11-15,4.21,0.00,7.89,2.20,8.77,0.00,6.80,21.39,331.01,6.19
1980-11-16,8.47,0.40,8.72,3.28,13.10,0.55,6.35,27.06,325.14,5.52
1980-11-17,5.04,0.30,9.04,5.56,22.20,0.45,6.68,30.74,321.10,6.21
1980-11-18,4.76,0.89,4.79,2.90,11.60,1.17,4.00,31.78,292.21,6.71
1980-11-19,9.84,0.67,6.25,5.41,21.60,0.84,4.51,18.05,321.83,3.92
1980-11-20,10.20,0.00,7.58,9.29,37.10,0.00,7.29,18.10,331.64,8.42
1980-11-21,7.92,1.02,9.47,6.86,27.40,1.28,5.90,18.72,337.07,7.04
1980-11-22,0.78,0.48,9.82,4.10,16.40,0.65,6.84,30.51,320.65,7.73
1980-11-23,6.73,0.80,9.85,2.18,8.71,1.03,6.11,31.29,316.34,6.35
1980-11-24,5.58,0.00,7.87,6.91,27.60,0.00,6.69,17.17,332.06,3.95
1980-11-25,3.93,0.42,3.95,3.23,12.90,0.62,4.48,16.84,310.91,6.32
1980-11-26,0.22,0.85,0.82,2.09,8.36,1.08,2.48,29.58,264.41,5.15
1980-11-27,2.23,0.14,1.13,1.65,6.60,0.26,3.86,28.75,275.83,6.67
1980-11-28,5.94,0.58,0.07,1.23,4.91,0.87,3.06,25.48,272.21,7.69
1980-11-29,2.22,0.53,0.08,1.06,4.22,0.77,2.97,25.82,270.25,6.12
1980-11-30,0.55,0.07,-0.97,0.98,3.90,0.10,2.76,34.16,250.01,2.25
1980-12-01,0.56,0.52,1.92,5.98,23.90,0.76,3.67,14.57,300.98,6.54
1980-12-02,0.75,0.46,2.49,3.03,12.10,0.69,3.90,16.30,300.38,6.47
1980-12-03,1.46,0.93,1.98,1.63,6.51,1.23,3.12,16.30,293.76,6.98
1980-12-04,0.09,0.59,3.74,1.43,5.70,0.74,3.85,23.74,288.74,5.46
1980-12-05,1.53,0.30,4.60,1.15,4.61,0.51,4.92,20.06,303.72,8.84
1980-12-06,0.47,0.49,0.44,0.91,3.64,0.74,3.12,28.03,263.34,6.79
1980-12-07,0.03,0.17,-0.52,0.72,2.86,0.20,2.98,33.93,247.73,4.20
1980-12-08,0.39,0.50,1.03,0.79,3.17,0.70,3.01,24.94,269.55,4.82
1980-12-09,3.17,0.15,3.67,1.05,4.20,0.28,4.76,7.68,312.27,7.87
1980-12-10,5.40,0.42,7.94,2.21,8.82,0.64,6.13,14.39,330.44,8.04
1980-12-11,1.56,0.33,7.91,2.63,10.50,0.46,5.67,26.64,303.08,4.97
1980-12-12,19.86,0.05,7.46,12.16,48.60,0.09,6.37,7.50,331.45,6.94
1980-12-13,8.74,0.16,7.73,10.24,40.90,0.27,6.31,17.59,322.42,7.21
1980-12-14,11.95,0.60,5.52,10.81,43.20,0.89,4.93,15.31,314.62,9.10
1980-12-15,0.14,0.39,2.64,2.73,10.90,0.52,3.97,17.61,294.35,6.32
1980-12-16,1.78,0.80,3.98,1.75,6.98,1.01,3.26,25.58,277.15,4.78
1980-12-17,0.95,0.00,4.14,1.89,7.56,0.00,6.28,13.20,315.93,6.60
1980-12-18,1.87,0.50,1.95,1.58,6.31,0.75,3.65,15.83,293.88,6.79
1980-12-19,9.68,0.34,-0.63,1.31,5.25,0.51,3.05,12.62,288.01,4.92
1980-12-20,1.73,0.00,0.35,1.74,6.95,0.00,3.89,13.50,294.08,2.13
1980-12-21,1.71,0.25,1.83,3.80,15.20,0.34,3.39,20.55,281.53,3.21
1980-12-22,4.09,0.33,4.68,5.51,22.00,0.49,4.74,14.79,311.44,5.51
1980-12-23,8.65,0.38,7.41,4.96,19.80,0.59,5.74,25.86,301.87,7.80
1980-12-24,6.10,0.27,6.22,5.88,23.50,0.41,5.53,13.02,324.04,6.28
1980-12-25,0.81,0.31,1.79,3.15,12.60,0.48,3.74,22.06,280.88,6.08
1980-12-26,0.02,0.35,0.84,1.85,7.38,0.38,3.41,23.54,272.84,6.20
1980-12-27,0.79,0.82,2.92,1.27,5.07,1.03,3.04,18.26,289.28,4.61
1980-12-28,0.21,0.00,3.96,1.61,6.42,0.00,5.52,15.86,309.44,7.09
1980-12-29,1.49,0.73,8.00,1.40,5.60,1.03,5.75,17.17,324.04,9.03
1980-12-30,2.90,0.59,7.87,1.82,7.26,0.88,5.95,15.18,328.50,9.61
1980-12-31,4.14,0.80,5.64,3.35,13.40,1.14,4.78,14.81,317.27,9.95
1981-01-01,0.86,1.26,3.67,3.45,13.80,1.58,3.17,25.85,276.14,8.12
1981-01-02,5.00,0.00,5.14,2.09,8.36,0.00,6.05,13.61,320.76,8.69
1981-01-03,0.82,0.82,4.21,2.22,8.86,1.13,4.03,23.65,289.36,8.57
1981-01-04,0.09,0.47,0.19,3.65,14.60,0.56,3.07,31.18,255.09,7.09
1981-01-05,1.00,0.64,-0.66,1.87,7.47,0.86,2.48,17.02,277.44,4.79
1981-01-06,0.23,0.00,-1.59,1.13,4.50,0.00,3.45,14.94,285.12,2.78
1981-01-07,0.57,0.29,0.44,0.91,3.64,0.37,2.76,8.34,290.28,2.42
1981-01-08,3.01,0.00,2.48,0.76,3.03,0.00,5.38,18.99,300.61,6.07
1981-01-09,1.06,0.38,3.84,1.10,4.41,0.55,4.22,27.79,284.75,5.63
1981-01-10,2.13,0.29,0.15,1.73,6.91,0.47,3.36,26.50,270.48,6.54
1981-01-11,2.33,0.66,2.12,1.80,7.20,0.86,3.16,20.81,287.81,4.67
1981-01-12,0.01,0.23,0.30,NaN,NaN,0.24,3.52,34.13,259.88,8.15
1981-01-13,6.46,1.05,1.70,NaN,NaN,1.32,2.63,9.17,294.14,5.72
1981-01-14,1.64,0.00,2.40,NaN,NaN,0.00,5.48,20.57,301.13,9.27
1981-01-15,0.00,0.33,-1.05,NaN,NaN,0.33,2.91,33.52,255.22,5.85
1981-01-16,6.87,0.49,-1.96,NaN,NaN,0.66,2.32,16.70,278.01,3.77
1981-01-17,1.17,0.00,-1.43,NaN,NaN,0.00,4.12,17.73,288.95,5.02
1981-01-18,4.19,0.23,0.43,NaN,NaN,0.32,3.33,10.05,293.70,3.55
1981-01-19,0.14,0.34,0.57,NaN,NaN,0.44,3.37,41.55,254.86,6.56
1981-01-20,1.50,0.53,1.02,NaN,NaN,0.67,2.90,18.63,292.14,3.35
1981-01-21,1.13,0.01,3.67,NaN,NaN,0.01,4.97,21.85,307.17,3.77
1981-01-22,0.31,0.16,5.48,NaN,NaN,0.20,5.12,19.73,319.05,2.48
1981-01-23,0.33,0.21,6.03,NaN,NaN,0.29,5.40,23.67,316.40,3.93
1981-01-24,0.60,0.62,5.13,NaN,NaN,0.80,4.38,49.99,269.25,6.59
1981-01-25,1.58,0.49,3.62,NaN,NaN,0.66,4.00,30.12,293.28,4.62
1981-01-26,0.99,0.22,5.28,NaN,NaN,0.29,4.85,11.85,319.15,3.09
1981-01-27,0.01,0.07,5.41,NaN,NaN,0.07,5.35,34.40,301.45,3.52
1981-01-28,0.00,0.20,4.09,NaN,NaN,0.20,4.50,33.01,296.11,3.05
1981-01-29,0.01,0.28,4.50,NaN,NaN,0.29,4.82,25.37,310.66,4.68
1981-01-30,0.00,0.25,5.32,NaN,NaN,0.25,5.05,32.34,305.78,4.04
1981-01-31,0.00,0.39,4.60,NaN,NaN,0.39,4.58,36.55,296.48,4.68
1981-02-01,0.42,0.67,6.20,NaN,NaN,0.85,4.79,43.30,298.98,5.37
1981-02-02,21.68,0.27,6.55,NaN,NaN,0.45,5.86,27.90,322.22,8.62
1981-02-03,2.04,0.72,3.68,NaN,NaN,1.02,4.09,39.44,292.92,7.90
1981-02-04,0.09,0.63,1.86,NaN,NaN,0.80,3.45,61.66,260.35,6.13
1981-02-05,1.12,0.56,4.09,NaN,NaN,0.77,4.33,27.27,310.44,5.47
1981-02-06,0.56,0.39,7.26,NaN,NaN,0.63,6.03,40.24,315.74,9.29
1981-02-07,0.14,0.76,7.59,NaN,NaN,0.88,5.67,31.27,326.03,8.47
1981-02-08,0.20,0.97,5.10,NaN,NaN,1.18,3.97,39.62,302.06,5.37
1981-02-09,0.00,0.27,1.10,NaN,NaN,0.27,3.52,43.40,282.10,2.68
1981-02-10,0.00,0.44,0.14,NaN,NaN,0.44,3.06,80.06,243.39,3.92
1981-02-11,0.55,0.49,-0.98,NaN,NaN,0.63,2.60,40.05,273.51,3.31
1981-02-12,0.34,0.19,0.98,NaN,NaN,0.27,3.93,30.29,297.99,4.99
1981-02-13,0.01,0.39,2.79,NaN,NaN,0.40,3.87,64.73,274.62,2.96
1981-02-14,0.01,0.50,0.30,NaN,NaN,0.50,2.90,73.56,253.62,3.09
1981-02-15,0.07,0.39,1.34,NaN,NaN,0.46,3.60,49.48,283.26,3.59
1981-02-16,0.38,0.37,1.14,NaN,NaN,0.44,3.35,84.45,253.58,2.31
1981-02-17,0.00,0.35,1.37,NaN,NaN,0.35,3.66,69.99,269.20,3.00
1981-02-18,0.05,0.47,0.07,NaN,NaN,0.50,2.93,71.66,259.75,2.78
1981-02-19,0.54,0.24,-0.56,NaN,NaN,0.31,3.25,35.59,288.59,2.31
1981-02-20,0.02,0.33,0.05,NaN,NaN,0.34,3.09,55.74,275.13,1.89
1981-02-21,0.02,0.41,-0.91,NaN,NaN,0.44,3.04,44.27,280.79,4.10
1981-02-22,0.79,0.44,-1.04,NaN,NaN,0.65,3.06,38.48,285.31,5.64
1981-02-23,0.82,0.49,-0.42,NaN,NaN,0.66,3.10,48.05,281.52,4.44
1981-02-24,0.01,0.33,-0.98,NaN,NaN,0.33,2.90,78.18,258.20,1.48
1981-02-25,0.00,0.42,-1.19,NaN,NaN,0.42,2.70,81.50,254.82,1.95
1981-02-26,0.00,0.58,-0.32,NaN,NaN,0.58,3.10,64.78,272.69,5.25
1981-02-27,6.76,0.98,1.15,NaN,NaN,1.32,3.19,82.29,267.38,8.36
1981-02-28,8.67,0.30,0.83,NaN,NaN,0.50,3.75,24.04,297.32,7.38
1981-03-01,40.64,0.18,2.21,NaN,NaN,0.30,4.35,28.03,305.06,5.89
1981-03-02,22.70,0.24,2.39,NaN,NaN,0.41,4.39,29.97,305.88,7.92
1981-03-03,0.50,0.84,1.52,NaN,NaN,1.04,3.18,53.91,290.84,4.80
1981-03-04,0.04,0.60,0.97,NaN,NaN,0.66,3.08,51.58,290.18,2.76
1981-03-05,8.44,0.54,0.64,NaN,NaN,0.68,3.34,74.61,277.92,2.90
1981-03-06,7.18,0.52,3.75,7.98,31.90,0.68,4.58,65.06,301.50,4.27
1981-03-07,2.42,0.27,7.44,13.04,52.10,0.44,6.61,76.26,316.56,7.35
1981-03-08,2.52,0.79,9.40,5.18,20.70,1.04,6.76,70.25,328.71,7.24
1981-03-09,6.22,0.95,6.25,2.48,9.91,1.15,4.79,76.57,307.70,4.26
1981-03-10,7.05,0.81,6.95,7.33,29.30,1.03,5.38,50.48,327.25,5.44
1981-03-11,2.16,0.51,8.51,3.95,15.80,0.64,6.88,80.40,322.13,4.13
1981-03-12,0.68,0.90,8.70,2.63,10.50,1.02,5.95,84.69,319.23,3.02
1981-03-13,5.02,0.69,5.51,2.05,8.19,0.79,5.06,91.86,301.00,2.18
1981-03-14,1.66,0.18,4.74,3.75,15.00,0.23,5.25,34.02,317.91,2.54
1981-03-15,1.54,1.11,4.33,1.72,6.86,1.30,3.94,117.70,280.09,3.57
1981-03-16,0.99,0.93,1.97,1.34,5.36,1.16,3.54,110.49,274.17,4.50
1981-03-17,1.44,1.14,2.69,1.22,4.87,1.38,3.47,108.93,277.65,4.93
1981-03-18,1.05,1.34,3.85,1.21,4.82,1.67,3.83,103.32,287.37,8.27
1981-03-19,10.35,1.23,3.79,1.91,7.62,1.52,3.77,85.48,296.00,6.47
1981-03-20,6.29,0.87,4.11,3.33,13.30,1.07,4.35,89.64,298.75,4.23
1981-03-21,13.72,0.34,4.61,5.33,21.30,0.49,5.41,68.94,313.91,5.08
1981-03-22,0.63,1.18,0.62,4.28,17.10,1.47,3.05,144.60,256.44,6.15
1981-03-23,8.45,0.78,2.57,8.13,32.50,1.00,3.46,35.90,302.62,4.67
1981-03-24,8.28,0.62,5.60,7.48,29.90,0.78,5.40,76.64,316.07,3.80
1981-03-25,1.55,1.28,9.52,7.16,28.60,1.54,6.45,114.39,319.61,6.30
1981-03-26,0.15,1.72,7.50,2.49,9.93,1.95,4.74,128.41,300.21,5.78
1981-03-27,0.16,1.49,7.09,1.43,5.70,1.64,4.93,131.04,299.31,5.20
1981-03-28,0.01,1.61,9.14,1.09,4.36,1.64,5.81,111.32,319.48,7.48
1981-03-29,0.01,1.13,5.83,0.86,3.45,1.14,5.13,142.20,292.79,3.47
1981-03-30,0.00,1.31,6.41,0.76,3.04,1.31,4.83,142.32,294.13,2.65
1981-03-31,0.88,0.74,3.71,0.69,2.76,0.88,4.78,107.14,298.33,2.92
1981-04-01,3.37,0.78,5.57,0.92,3.68,0.89,5.01,79.72,317.29,2.17
1981-04-02,0.02,1.11,6.80,0.84,3.36,1.13,5.70,135.01,304.83,2.22
1981-04-03,0.00,1.43,5.77,0.68,2.73,1.43,4.90,175.14,284.06,2.54
1981-04-04,0.19,1.28,5.35,0.60,2.38,1.38,4.86,157.18,289.60,1.97
1981-04-05,1.29,0.73,5.24,0.59,2.36,0.87,5.25,88.73,314.95,2.99
1981-04-06,1.04,0.91,4.76,0.64,2.54,1.05,4.71,97.84,308.55,2.78
1981-04-07,1.23,1.06,4.60,0.66,2.64,1.21,4.18,98.50,306.03,2.62
1981-04-08,0.00,1.33,6.38,0.62,2.46,1.34,5.00,139.47,302.59,2.82
1981-04-09,0.00,1.93,8.12,0.52,2.07,1.93,5.17,195.15,290.97,2.71
1981-04-10,2.25,2.22,9.34,0.45,1.80,2.39,5.63,221.08,289.29,3.14
1981-04-11,5.64,0.57,8.89,0.81,3.22,0.67,6.31,46.18,337.74,2.62
1981-04-12,1.47,0.40,8.08,1.13,4.53,0.51,6.50,46.80,334.33,3.46
1981-04-13,0.00,1.85,5.01,0.74,2.94,1.85,4.45,231.92,267.76,4.88
1981-04-14,0.00,1.95,5.22,0.54,2.16,1.95,4.26,221.89,271.13,4.85
1981-04-15,0.00,1.72,5.60,0.46,1.85,1.72,4.94,218.08,278.42,3.62
1981-04-16,0.00,1.97,5.69,0.43,1.71,1.97,4.57,229.92,273.52,2.94
1981-04-17,0.00,2.13,6.00,0.39,1.57,2.13,4.58,245.34,270.39,3.54
1981-04-18,0.00,1.89,3.77,0.37,1.46,1.89,4.13,247.24,261.02,2.91
1981-04-19,0.16,1.62,4.87,0.35,1.39,1.85,4.13,144.83,296.74,5.90
1981-04-20,0.00,2.08,5.15,0.34,1.37,2.08,3.79,216.48,273.82,3.04
1981-04-21,0.00,1.71,5.64,0.33,1.32,1.71,4.19,162.37,295.36,3.05
1981-04-22,0.10,1.38,3.25,0.32,1.29,1.50,3.44,117.56,296.55,3.69
1981-04-23,11.34,1.68,0.63,0.32,1.29,1.86,2.89,219.49,254.08,2.78
1981-04-24,29.34,0.89,0.73,0.50,2.01,1.20,3.52,110.45,290.27,7.34
1981-04-25,0.42,1.71,1.62,1.32,5.28,2.03,3.31,225.58,259.74,7.34
1981-04-26,0.26,1.62,2.14,2.48,9.89,1.90,3.24,148.48,283.56,7.88
1981-04-27,0.22,2.39,4.50,5.36,21.40,2.59,3.22,221.80,270.25,4.70
1981-04-28,0.06,1.31,7.24,6.86,27.40,1.39,5.45,110.71,324.26,5.51
1981-04-29,0.52,2.10,10.56,3.78,15.10,2.36,6.09,128.12,335.33,6.86
1981-04-30,0.14,1.78,9.28,1.80,7.21,1.99,5.78,118.50,332.13,6.11
1981-05-01,0.02,2.33,3.73,0.91,3.65,2.36,3.12,229.96,268.09,4.52
1981-05-02,4.44,2.20,3.19,0.64,2.57,2.41,3.00,226.78,266.80,3.63
1981-05-03,5.39,1.14,5.07,0.94,3.75,1.37,4.81,115.44,313.55,4.84
1981-05-04,1.15,1.84,5.01,1.38,5.51,2.10,4.39,201.38,289.53,5.45
1981-05-05,5.68,2.08,2.80,0.90,3.58,2.32,3.50,255.30,263.11,4.23
1981-05-06,0.58,1.91,8.12,1.16,4.64,2.12,5.49,172.43,314.04,4.59
1981-05-07,4.08,1.95,10.89,0.80,3.19,2.16,6.84,160.99,332.29,4.71
1981-05-08,0.17,1.84,11.78,0.99,3.96,1.93,7.58,158.12,338.31,2.95
1981-05-09,2.18,1.77,9.05,0.70,2.81,1.95,6.00,153.45,325.07,3.65
1981-05-10,0.03,0.99,8.32,0.67,2.68,1.03,6.44,99.84,334.97,5.74
1981-05-11,0.01,2.63,10.52,0.57,2.28,2.64,6.83,266.68,306.14,4.83
1981-05-12,0.00,2.50,11.09,0.47,1.87,2.50,6.92,228.60,318.14,3.94
1981-05-13,0.00,2.34,11.79,0.41,1.65,2.34,7.27,201.34,328.76,3.43
1981-05-14,0.03,2.33,10.45,0.38,1.52,2.36,6.43,203.28,320.89,3.83
1981-05-15,5.08,2.63,9.23,0.36,1.43,2.83,6.00,263.03,300.47,4.17
1981-05-16,10.20,1.75,8.90,1.35,5.41,1.96,6.15,161.77,324.34,4.49
1981-05-17,1.33,2.51,8.85,1.26,5.05,2.74,5.98,263.44,299.62,5.17
1981-05-18,3.10,2.40,9.24,0.68,2.70,2.64,5.86,221.27,310.99,5.33
1981-05-19,0.01,3.67,12.16,0.71,2.85,3.69,6.10,286.07,306.91,5.56
1981-05-20,3.72,1.55,11.23,0.44,1.77,1.71,7.47,130.78,344.36,3.30
1981-05-21,6.54,2.75,11.78,0.79,3.16,2.90,7.16,241.00,321.21,3.08
1981-05-22,3.96,2.28,10.65,1.02,4.06,2.46,6.79,204.22,324.44,3.58
1981-05-23,1.02,2.20,11.14,1.01,4.04,2.42,7.06,193.14,329.83,5.46
1981-05-24,1.10,2.85,10.34,0.67,2.69,3.00,5.91,244.04,311.34,3.87
1981-05-25,0.02,2.25,8.09,0.47,1.87,2.26,6.11,236.16,305.84,2.58
1981-05-26,1.75,2.32,8.29,0.37,1.46,2.43,6.28,241.85,306.14,2.35
1981-05-27,0.61,1.66,9.27,0.35,1.38,1.80,6.43,148.21,331.43,2.79
1981-05-28,1.24,1.84,10.32,0.38,1.53,1.96,6.88,161.42,333.90,2.21
1981-05-29,0.32,1.97,10.12,0.39,1.57,2.08,6.95,181.63,328.84,2.37
1981-05-30,0.01,3.10,12.61,0.31,1.24,3.12,7.43,263.31,322.19,2.90
1981-05-31,8.77,1.77,13.16,0.42,1.69,1.91,8.66,147.82,351.37,2.98
1981-06-01,0.08,3.09,12.52,0.61,2.43,3.17,7.35,265.32,319.87,3.04
1981-06-02,9.78,2.20,12.95,1.27,5.07,2.38,8.04,177.67,343.41,4.29
1981-06-03,1.20,3.46,12.48,0.83,3.30,3.67,6.83,288.18,312.68,5.09
1981-06-04,3.15,2.40,11.34,0.48,1.92,2.66,6.30,146.14,341.17,6.60
1981-06-05,0.41,3.45,12.41,0.49,1.94,3.69,6.40,256.37,318.84,6.09
1981-06-06,8.39,2.73,11.44,0.92,3.67,2.98,6.22,186.97,331.60,6.26
1981-06-07,11.23,1.93,10.83,2.11,8.44,2.13,6.63,143.11,340.44,4.28
1981-06-08,3.84,1.98,11.48,4.10,16.40,2.21,7.65,188.12,334.72,5.69
1981-06-09,0.83,2.34,11.50,2.07,8.28,2.57,7.01,191.07,333.08,5.46
1981-06-10,10.66,3.12,9.75,0.95,3.81,3.36,5.32,260.25,303.94,5.38
1981-06-11,6.42,0.44,8.66,6.78,27.10,0.57,7.15,67.46,337.37,4.26
1981-06-12,1.76,2.54,9.30,1.97,7.88,2.72,5.88,233.61,311.28,3.44
1981-06-13,5.07,1.55,13.15,2.15,8.59,1.78,8.77,133.80,354.70,6.30
1981-06-14,1.03,3.03,15.30,2.43,9.70,3.24,8.51,205.48,349.16,5.56
1981-06-15,0.56,3.76,12.97,1.11,4.42,3.98,6.21,245.28,324.04,7.29
1981-06-16,0.16,2.96,10.49,0.64,2.54,3.07,5.49,198.16,323.29,7.11
1981-06-17,0.20,2.30,10.25,0.46,1.84,2.48,6.03,175.54,329.50,4.37
1981-06-18,1.55,2.05,9.91,0.40,1.60,2.21,5.79,152.47,332.95,3.05
1981-06-19,0.07,1.33,11.07,0.40,1.59,1.38,8.11,129.88,345.90,2.82
1981-06-20,0.00,2.03,11.79,0.37,1.46,2.03,7.52,169.59,340.42,3.56
1981-06-21,0.00,3.75,11.51,0.33,1.30,3.75,6.28,330.69,298.10,2.90
1981-06-22,0.00,3.53,13.75,0.29,1.17,3.53,8.00,297.62,321.08,3.36
1981-06-23,0.34,1.98,12.90,0.28,1.12,2.07,8.00,152.15,349.66,3.31
1981-06-24,0.57,1.69,11.59,0.28,1.10,1.83,7.53,136.47,346.74,3.64
1981-06-25,2.07,1.68,9.84,0.27,1.08,1.86,6.29,125.80,339.87,3.85
1981-06-26,0.61,2.22,8.76,0.26,1.05,2.42,5.58,188.84,318.82,5.10
1981-06-27,0.47,2.05,7.69,0.26,1.04,2.15,5.15,180.05,315.13,3.92
1981-06-28,0.04,2.61,8.46,0.25,0.99,2.67,5.12,234.34,304.87,2.90
1981-06-29,0.00,3.05,9.62,0.23,0.91,3.05,5.62,277.68,300.77,3.98
1981-06-30,0.00,3.37,13.48,0.22,0.86,3.38,6.77,215.91,334.98,6.47
1981-07-01,2.21,2.78,13.19,0.21,0.86,3.00,7.75,222.97,333.73,5.71
1981-07-02,0.76,2.82,11.43,0.21,0.84,2.97,6.05,214.50,323.76,3.44
1981-07-03,2.63,2.48,11.19,0.22,0.88,2.62,6.91,215.15,325.18,2.87
1981-07-04,0.05,2.59,12.68,0.22,0.88,2.66,7.36,201.78,335.48,3.99
1981-07-05,1.94,2.34,13.53,0.21,0.85,2.55,7.56,144.50,353.24,5.10
1981-07-06,0.48,2.32,13.12,0.22,0.87,2.56,7.58,151.18,349.67,6.40
1981-07-07,0.02,2.67,15.22,0.21,0.85,2.71,8.38,168.93,355.81,4.63
1981-07-08,0.00,3.38,15.29,0.20,0.81,3.38,7.92,237.12,338.55,3.61
1981-07-09,0.15,1.94,15.08,0.19,0.78,1.98,8.96,133.22,363.40,2.69
1981-07-10,9.88,3.60,13.61,0.19,0.76,3.76,6.60,270.08,318.67,3.29
1981-07-11,7.67,1.67,13.22,0.39,1.57,1.84,8.71,140.16,352.75,3.86
1981-07-12,1.13,1.81,12.84,0.55,2.18,1.93,7.81,134.89,351.84,2.47
1981-07-13,0.00,2.41,13.20,0.34,1.34,2.41,7.58,178.36,342.67,3.50
1981-07-14,0.24,2.62,13.27,0.26,1.02,2.78,6.94,157.07,347.12,4.91
1981-07-15,2.96,2.19,13.82,0.22,0.88,2.36,7.79,142.81,354.18,3.76
1981-07-16,1.48,2.22,12.97,0.23,0.92,2.41,7.94,176.79,342.13,4.49
1981-07-17,7.80,2.14,11.21,0.26,1.03,2.31,6.70,168.36,334.27,3.51
1981-07-18,0.23,2.82,11.93,0.27,1.09,2.97,6.83,237.07,319.91,3.23
1981-07-19,2.26,1.71,12.92,0.23,0.91,1.89,8.42,142.86,349.75,4.28
1981-07-20,2.82,2.60,14.67,0.26,1.02,2.78,7.52,145.24,356.54,4.31
1981-07-21,11.53,2.56,12.64,0.33,1.30,2.74,6.59,169.53,339.10,3.92
1981-07-22,23.89,1.33,11.77,5.43,21.70,1.52,8.06,118.45,349.55,4.64
1981-07-23,1.81,0.96,11.08,4.53,18.10,1.19,7.41,62.63,348.61,6.43
1981-07-24,0.00,2.04,10.95,1.30,5.21,2.04,6.31,134.85,339.76,4.72
1981-07-25,0.01,2.04,11.20,0.66,2.64,2.06,6.86,167.47,333.20,3.16
1981-07-26,0.00,2.99,15.89,0.45,1.79,2.99,8.86,214.85,344.75,3.92
1981-07-27,0.00,3.35,17.02,0.34,1.35,3.35,9.92,254.94,341.71,4.59
1981-07-28,0.00,2.01,16.13,0.29,1.15,2.01,9.60,130.12,366.62,3.92
1981-07-29,0.00,3.78,14.29,0.26,1.05,3.78,7.16,293.56,310.93,4.07
1981-07-30,0.00,3.54,12.91,0.24,0.94,3.54,7.40,319.55,299.93,2.65
1981-07-31,0.00,2.43,11.81,0.22,0.86,2.43,6.93,205.13,324.32,2.93
1981-08-01,0.00,2.76,12.24,0.21,0.84,2.76,6.17,214.55,319.51,2.61
1981-08-02,0.00,3.13,12.64,0.20,0.81,3.13,6.48,259.50,308.53,2.63
1981-08-03,0.02,2.79,15.32,0.19,0.76,2.82,8.11,174.07,348.65,4.77
1981-08-04,0.04,2.91,16.66,0.19,0.75,2.96,9.14,205.36,347.33,3.21
1981-08-05,0.00,2.87,16.63,0.18,0.74,2.87,9.36,212.05,345.44,2.92
1981-08-06,4.23,1.61,12.89,0.19,0.78,1.74,8.60,144.13,345.54,2.93
1981-08-07,0.15,1.80,13.61,0.20,0.82,1.88,8.40,140.39,349.40,3.02
1981-08-08,6.56,1.41,12.99,0.21,0.85,1.50,8.39,115.56,352.90,1.86
1981-08-09,0.04,2.11,12.50,0.26,1.03,2.16,6.92,153.73,337.98,2.95
1981-08-10,0.00,2.60,12.27,0.21,0.83,2.60,7.32,236.20,313.52,3.03
1981-08-11,0.00,2.55,16.73,0.19,0.75,2.55,9.32,169.51,355.15,3.66
1981-08-12,0.36,1.77,17.01,0.19,0.74,1.88,10.30,120.82,369.55,2.82
1981-08-13,1.98,0.79,15.03,0.19,0.76,0.89,9.50,54.52,367.09,2.90
1981-08-14,0.00,2.04,16.45,0.19,0.77,2.04,10.40,164.39,355.08,3.28
1981-08-15,0.00,2.12,12.39,0.18,0.73,2.12,6.75,147.88,336.68,3.50
1981-08-16,0.00,2.97,11.67,0.18,0.71,2.97,5.94,244.17,299.05,4.06
1981-08-17,1.17,1.75,10.82,0.17,0.70,1.92,6.76,144.42,330.33,3.92
1981-08-18,0.22,2.09,15.01,0.18,0.71,2.23,8.58,127.77,356.16,5.07
1981-08-19,5.76,1.07,12.14,0.18,0.72,1.28,7.50,51.72,353.70,5.35
1981-08-20,0.02,2.29,11.99,0.23,0.91,2.34,6.47,157.17,328.99,4.69
1981-08-21,0.00,2.25,12.92,0.21,0.84,2.25,7.37,170.42,330.46,4.67
1981-08-22,0.00,2.23,12.45,0.19,0.74,2.23,6.52,140.00,335.93,4.39
1981-08-23,0.00,2.33,11.94,0.18,0.71,2.33,7.00,217.67,308.83,2.21
1981-08-24,0.00,2.34,15.82,0.17,0.69,2.34,8.90,179.43,341.50,2.77
1981-08-25,0.00,1.73,16.27,0.17,0.68,1.73,10.45,144.21,355.48,3.44
1981-08-26,0.00,2.64,14.80,0.16,0.65,2.64,7.19,193.63,326.23,2.73
1981-08-27,0.00,2.35,15.63,0.16,0.63,2.35,8.88,196.29,333.37,1.97
1981-08-28,0.00,2.08,14.26,0.15,0.61,2.08,9.05,195.38,328.25,2.14
1981-08-29,0.00,1.14,14.63,0.15,0.61,1.14,9.41,92.09,361.50,2.15
1981-08-30,0.00,1.77,14.33,0.15,0.60,1.77,8.86,150.21,341.15,3.31
1981-08-31,0.00,1.25,11.26,0.15,0.60,1.25,7.17,98.36,342.47,3.00
1981-09-01,0.00,1.56,11.77,0.16,0.62,1.56,6.06,95.72,343.35,2.44
1981-09-02,0.00,1.91,11.88,0.15,0.61,1.91,6.97,184.84,311.65,1.73
1981-09-03,0.00,1.85,12.54,0.15,0.59,1.85,7.64,178.84,317.96,2.06
1981-09-04,0.00,2.34,15.55,0.15,0.59,2.34,8.12,135.39,346.93,4.67
1981-09-05,0.62,2.51,16.44,0.15,0.59,2.69,8.55,141.20,348.76,5.02
1981-09-06,0.26,1.55,12.29,0.16,0.62,1.65,7.04,131.76,330.88,2.06
1981-09-07,0.03,1.53,14.13,0.16,0.63,1.55,8.07,125.28,342.77,1.88
1981-09-08,0.50,1.58,15.25,0.15,0.61,1.69,9.32,128.46,347.67,3.14
1981-09-09,0.87,1.56,12.73,0.15,0.60,1.72,7.35,108.39,340.92,3.65
1981-09-10,10.79,2.22,15.67,0.16,0.66,2.46,8.82,128.14,347.63,6.90
1981-09-11,6.66,1.91,13.74,0.24,0.94,2.09,8.03,158.06,325.24,4.33
1981-09-12,0.08,1.30,11.43,0.24,0.94,1.34,7.07,127.96,324.91,1.71
1981-09-13,0.12,1.55,10.13,0.21,0.83,1.65,6.46,155.96,305.40,3.84
1981-09-14,12.51,1.37,10.33,0.19,0.75,1.53,6.61,132.79,315.69,3.36
1981-09-15,0.28,0.92,13.81,0.40,1.60,1.04,9.34,89.37,351.75,3.73
1981-09-16,2.40,1.17,11.62,0.26,1.04,1.29,6.73,76.59,344.91,2.65
1981-09-17,3.75,1.14,14.39,0.22,0.86,1.31,9.40,104.41,347.58,4.28
1981-09-18,0.35,1.62,13.67,0.22,0.88,1.81,8.12,115.83,337.31,5.51
1981-09-19,28.93,1.52,11.52,0.83,3.31,1.74,6.93,115.30,325.14,5.21
1981-09-20,2.81,1.61,10.98,2.49,9.94,1.93,6.83,111.96,323.41,9.70
1981-09-21,1.13,2.00,11.71,0.74,2.95,2.27,6.49,129.52,315.83,7.08
1981-09-22,0.51,1.47,10.89,0.43,1.71,1.69,6.56,113.82,319.71,5.09
1981-09-23,12.05,1.25,9.74,0.43,1.71,1.50,6.31,90.22,325.23,6.15
1981-09-24,3.06,1.34,11.66,1.64,6.54,1.55,7.07,100.29,329.29,4.84
1981-09-25,11.26,1.09,9.82,0.90,3.58,1.23,6.49,119.16,310.06,2.92
1981-09-26,18.82,0.00,8.23,9.46,37.80,0.11,7.59,31.75,335.46,5.65
1981-09-27,2.68,1.09,9.57,2.68,10.70,1.37,6.39,58.76,338.24,7.56
1981-09-28,1.26,1.73,11.81,1.44,5.76,1.97,6.66,116.00,316.76,6.16
1981-09-29,5.03,1.26,10.94,0.87,3.46,1.44,6.48,94.89,323.40,3.99
1981-09-30,3.04,0.95,12.69,1.70,6.78,1.14,8.34,90.07,336.47,5.06
1981-10-01,32.32,0.14,10.90,11.29,45.10,0.19,8.15,29.16,347.73,4.24
1981-10-02,6.61,0.61,8.11,11.84,47.30,0.85,6.09,28.65,333.96,7.42
1981-10-03,4.99,0.66,6.14,3.83,15.30,0.77,4.95,63.15,314.10,2.56
1981-10-04,5.22,0.80,7.84,2.88,11.50,0.92,5.59,91.92,304.71,2.74
1981-10-05,2.07,0.54,6.03,3.35,13.40,0.62,5.09,56.29,316.95,2.16
1981-10-06,5.86,0.53,6.95,2.28,9.09,0.63,5.71,67.49,314.89,2.57
1981-10-07,8.58,1.02,6.08,3.68,14.70,1.31,4.95,109.19,281.59,7.55
1981-10-08,17.47,0.56,7.76,8.41,33.60,0.71,6.02,51.64,327.53,4.06
1981-10-09,11.90,0.38,9.36,15.97,63.80,0.54,7.23,57.73,331.71,5.75
1981-10-10,1.86,1.77,6.91,4.31,17.20,2.08,4.18,95.10,285.53,8.13
1981-10-11,0.00,1.58,6.57,2.11,8.44,1.58,4.30,104.61,277.10,8.03
1981-10-12,0.01,1.05,4.34,1.21,4.85,1.08,4.07,102.43,268.80,6.75
1981-10-13,0.18,1.08,4.40,0.89,3.54,1.27,3.76,94.70,271.02,5.01
1981-10-14,0.00,0.68,2.42,0.71,2.82,0.68,3.52,101.34,257.17,3.28
1981-10-15,0.00,0.61,3.05,0.62,2.48,0.61,3.53,84.88,269.86,2.44
1981-10-16,0.07,0.61,4.30,0.56,2.22,0.67,4.34,86.86,276.24,3.63
1981-10-17,0.00,0.50,3.15,0.51,2.03,0.50,3.53,90.91,263.06,1.80
1981-10-18,4.21,0.78,4.11,0.49,1.94,0.97,3.87,64.24,287.97,4.01
1981-10-19,0.01,0.26,6.97,0.72,2.88,0.27,6.15,46.77,320.41,5.83
1981-10-20,1.15,0.77,5.08,0.60,2.40,0.97,4.30,81.23,277.69,4.44
1981-10-21,0.06,0.85,4.93,0.53,2.10,0.94,4.26,76.37,279.64,5.49
1981-10-22,0.04,0.71,4.65,0.46,1.82,0.75,4.11,75.27,277.47,3.93
1981-10-23,1.99,0.48,3.54,0.42,1.69,0.58,3.81,36.35,304.83,2.45
1981-10-24,1.82,0.03,5.63,0.49,1.95,0.12,6.02,34.86,320.67,2.61
1981-10-25,0.00,0.39,3.08,0.51,2.04,0.39,4.06,73.70,269.59,3.36
1981-10-26,0.57,0.76,2.36,0.44,1.74,0.96,3.22,49.10,282.82,4.18
1981-10-27,0.21,0.38,3.85,0.42,1.68,0.50,4.53,62.59,282.05,4.94
1981-10-28,4.75,0.67,4.79,0.43,1.71,0.88,4.43,35.22,309.92,5.29
1981-10-29,0.04,0.72,4.48,0.67,2.66,0.80,4.22,68.64,274.08,5.99
1981-10-30,2.30,0.80,5.63,0.51,2.03,1.01,4.31,55.27,290.46,4.82
1981-10-31,1.70,1.18,6.42,0.60,2.39,1.48,4.34,75.84,270.62,7.25
1981-11-01,7.42,0.71,8.74,1.30,5.20,0.93,5.93,15.62,336.55,6.15
1981-11-02,0.13,0.97,8.46,1.75,7.00,1.11,4.98,36.13,321.48,4.24
1981-11-03,1.79,0.21,9.54,0.92,3.69,0.32,7.29,36.39,330.31,6.50
1981-11-04,0.00,0.96,7.68,0.89,3.56,0.96,4.83,62.47,284.99,5.58
1981-11-05,0.00,0.33,5.08,0.60,2.38,0.33,4.29,63.49,270.71,2.79
1981-11-06,0.00,0.11,1.41,0.50,2.00,0.11,3.25,40.06,277.81,1.06
1981-11-07,0.00,0.12,0.73,0.45,1.79,0.12,3.43,26.39,291.91,1.46
1981-11-08,0.00,0.23,2.86,0.43,1.72,0.23,4.00,28.06,299.96,2.38
1981-11-09,4.80,0.29,5.68,0.42,1.66,0.41,5.27,23.29,320.95,4.42
1981-11-10,5.08,0.29,8.06,0.77,3.06,0.46,6.47,22.05,334.19,7.46
1981-11-11,0.15,0.50,9.40,1.91,7.62,0.64,6.45,30.09,328.99,4.88
1981-11-12,0.07,0.41,6.26,1.07,4.28,0.47,4.94,46.84,288.75,4.30
1981-11-13,0.00,0.67,5.09,0.74,2.97,0.68,4.45,31.50,301.77,6.01
1981-11-14,0.02,0.29,6.07,0.56,2.22,0.31,5.07,27.34,312.96,3.15
1981-11-15,1.05,0.95,5.71,0.50,2.00,1.20,4.32,20.01,318.83,6.09
1981-11-16,0.90,0.23,3.57,0.49,1.96,0.29,3.86,41.79,275.64,2.66
1981-11-17,4.18,0.05,4.27,0.64,2.55,0.09,5.11,27.21,303.86,5.81
1981-11-18,0.40,0.22,4.39,1.33,5.32,0.31,4.64,32.70,293.74,4.06
1981-11-19,9.78,0.70,5.63,0.79,3.17,0.89,4.09,38.90,284.69,4.59
1981-11-20,1.16,0.38,5.56,3.68,14.70,0.64,5.27,27.73,306.16,10.09
1981-11-21,1.34,0.98,7.24,1.64,6.56,1.19,4.56,17.55,326.45,4.85
1981-11-22,16.53,0.00,8.49,1.79,7.15,0.00,7.08,21.29,330.35,8.27
1981-11-23,13.20,0.42,8.48,18.77,75.00,0.67,6.44,23.48,325.34,9.29
1981-11-24,0.24,0.68,1.23,2.88,11.50,0.82,3.25,38.88,259.30,8.50
1981-11-25,0.87,0.71,3.32,1.52,6.06,0.90,3.39,22.86,293.25,4.41
1981-11-26,12.07,0.00,5.33,3.43,13.70,0.00,5.88,16.39,320.85,6.19
1981-11-27,3.25,0.68,5.18,5.11,20.40,0.95,4.47,28.26,294.70,7.26
1981-11-28,0.05,0.78,2.69,2.40,9.58,0.91,3.48,25.64,284.35,7.05
1981-11-29,12.15,0.62,3.13,1.60,6.41,0.77,3.30,14.24,303.85,3.47
1981-11-30,6.00,0.00,2.96,10.96,43.80,0.00,5.57,16.02,309.37,4.38
1981-12-01,0.01,0.16,-0.04,2.70,10.80,0.17,2.81,26.33,266.54,2.35
1981-12-02,0.11,0.14,3.32,1.58,6.31,0.18,3.83,24.77,287.01,2.31
1981-12-03,9.22,0.00,5.19,1.66,6.65,0.00,6.53,14.38,321.54,6.01
1981-12-04,0.37,0.39,4.45,4.08,16.30,0.54,4.38,24.63,292.88,5.19
1981-12-05,0.04,0.17,1.85,1.87,7.46,0.19,3.71,14.84,299.11,2.60
1981-12-06,0.18,0.07,2.04,1.33,5.30,0.09,4.05,19.74,291.19,3.38
1981-12-07,0.00,0.05,-1.01,1.02,4.07,0.05,3.32,14.93,285.52,3.26
1981-12-08,0.00,0.18,-3.36,0.65,2.60,0.18,2.30,32.26,236.74,3.82
1981-12-09,0.00,0.04,-3.94,0.48,1.92,0.04,2.38,27.11,244.79,2.53
1981-12-10,0.01,0.01,-4.92,0.41,1.64,0.01,2.23,29.35,236.14,2.17
1981-12-11,0.12,0.06,-5.06,0.37,1.47,0.08,2.17,24.25,244.29,2.89
1981-12-12,0.02,0.38,-4.94,0.44,1.77,0.41,1.68,26.74,234.32,3.83
1981-12-13,15.08,0.27,-4.57,0.44,1.75,0.44,2.25,7.50,268.39,5.41
1981-12-14,1.40,0.00,-2.02,0.46,1.85,0.00,3.34,14.57,280.99,5.12
1981-12-15,0.21,0.05,-2.42,0.45,1.80,0.06,2.71,16.25,271.92,1.96
1981-12-16,0.00,0.03,-5.29,0.41,1.63,0.03,1.97,16.97,254.56,1.17
1981-12-17,0.00,0.03,-6.22,0.40,1.61,0.03,1.81,25.80,232.90,1.78
1981-12-18,0.00,0.00,-6.75,0.47,1.88,0.00,2.36,28.67,231.52,3.71
1981-12-19,9.57,0.21,-5.33,0.50,1.98,0.31,2.00,18.04,252.28,3.60
1981-12-20,5.75,0.00,-3.43,0.57,2.28,0.00,3.44,7.33,279.97,7.43
1981-12-21,0.65,0.00,-0.30,0.62,2.49,0.00,3.67,7.33,292.64,4.83
1981-12-22,0.16,0.07,-1.23,0.59,2.34,0.09,2.82,18.39,271.88,2.02
1981-12-23,5.80,0.05,-3.67,0.58,2.31,0.07,2.43,18.90,259.86,2.28
1981-12-24,1.82,0.00,-2.90,0.63,2.50,0.00,3.59,7.37,282.63,4.31
1981-12-25,0.00,0.02,-3.98,0.58,2.30,0.02,2.25,27.34,240.98,1.73
1981-12-26,0.69,0.00,-4.63,0.60,2.40,0.00,2.75,7.43,271.78,4.19
1981-12-27,3.78,0.00,-1.56,0.61,2.42,0.00,3.52,7.47,287.20,5.49
1981-12-28,4.56,0.32,0.56,0.63,2.52,0.49,3.48,13.53,293.68,5.78
1981-12-29,5.67,0.00,1.06,3.38,13.50,0.00,4.19,7.57,299.95,4.64
1981-12-30,4.27,0.04,2.21,7.66,30.60,0.07,4.36,13.37,304.51,4.40
1981-12-31,0.09,0.00,2.24,5.46,21.80,0.00,4.34,15.63,300.09,1.97
1982-01-01,0.68,0.01,-0.57,2.30,9.17,0.02,3.15,19.49,275.52,1.42
1982-01-02,35.66,0.05,1.23,8.56,34.20,0.07,3.80,13.71,298.52,2.15
1982-01-03,32.35,0.00,2.79,51.31,205.00,0.00,5.56,7.93,310.52,5.58
1982-01-04,9.48,0.00,3.36,22.43,89.60,0.00,4.96,16.19,306.46,5.92
1982-01-05,11.83,0.00,1.23,4.43,17.70,0.00,4.24,14.08,300.58,5.64
1982-01-06,0.01,0.01,-4.03,2.21,8.83,0.01,2.56,34.22,234.76,3.35
1982-01-07,2.88,0.05,-7.74,1.28,5.10,0.08,1.50,35.94,211.76,2.00
1982-01-08,2.67,0.08,-6.55,1.19,4.74,0.15,2.16,8.46,260.85,5.28
1982-01-09,0.39,0.06,-5.55,1.03,4.12,0.10,2.24,26.98,242.59,4.09
1982-01-10,0.00,0.15,-8.11,0.73,2.90,0.15,1.27,35.73,210.65,2.47
1982-01-11,0.00,0.08,-8.02,0.63,2.50,0.08,1.56,28.93,226.55,2.32
1982-01-12,0.00,0.04,-5.83,0.91,3.64,0.04,2.01,26.53,242.42,1.91
1982-01-13,0.04,0.01,-4.70,1.39,5.55,0.01,2.60,17.48,267.49,3.82
1982-01-14,0.00,0.23,-3.38,1.83,7.31,0.23,2.37,18.85,268.27,3.17
1982-01-15,0.06,0.17,-5.19,1.79,7.14,0.19,1.68,24.95,245.96,1.99
1982-01-16,0.39,0.00,-2.66,1.54,6.15,0.00,3.96,18.47,282.09,3.40
1982-01-17,0.18,0.00,2.04,4.28,17.10,0.00,4.36,20.33,298.57,2.15
1982-01-18,1.68,0.01,3.19,7.68,30.70,0.02,4.71,21.97,302.10,3.55
1982-01-19,2.49,0.05,3.50,7.08,28.30,0.06,4.64,14.61,311.11,2.31
1982-01-20,2.51,0.06,3.98,6.73,26.90,0.08,4.83,22.32,306.43,2.98
1982-01-21,8.48,0.30,4.68,9.91,39.60,0.46,4.78,30.79,295.90,5.83
1982-01-22,1.28,0.62,3.75,6.28,25.10,0.86,3.96,37.99,277.93,6.48
1982-01-23,0.06,0.26,3.74,3.15,12.60,0.30,4.16,36.52,282.55,3.60
1982-01-24,0.73,0.14,3.84,2.37,9.45,0.18,4.31,11.78,311.45,2.21
1982-01-25,4.83,0.00,5.17,4.03,16.10,0.00,5.92,20.44,320.22,5.52
1982-01-26,6.03,0.43,4.08,4.66,18.60,0.62,4.52,21.71,311.10,5.80
1982-01-27,0.17,0.84,2.78,2.73,10.90,1.02,3.12,36.65,277.10,4.98
1982-01-28,0.12,0.43,3.49,2.04,8.14,0.65,4.44,25.73,304.00,8.47
1982-01-29,0.00,0.37,7.41,1.65,6.60,0.38,6.03,25.79,325.10,7.80
1982-01-30,1.83,0.89,8.25,1.38,5.53,1.19,5.73,30.03,322.79,8.75
1982-01-31,0.28,0.28,6.67,1.28,5.11,0.37,5.43,30.84,315.31,3.30
1982-02-01,0.04,0.39,6.35,1.09,4.34,0.46,5.40,23.80,324.35,4.92
1982-02-02,0.00,0.23,5.26,0.90,3.61,0.23,5.02,13.80,319.53,3.97
1982-02-03,0.00,0.52,2.49,0.78,3.11,0.52,3.66,25.46,301.96,4.19
1982-02-04,0.35,0.39,4.46,0.72,2.88,0.51,4.61,26.57,313.05,4.16
1982-02-05,4.10,0.00,5.99,0.84,3.34,0.02,6.06,26.62,323.40,5.23
1982-02-06,1.31,0.96,6.26,1.28,5.12,1.22,4.59,33.98,313.60,6.39
1982-02-07,1.60,0.74,3.30,1.13,4.53,0.96,3.64,56.12,275.71,5.09
1982-02-08,7.15,1.09,3.02,1.81,7.24,1.37,3.20,47.20,282.02,6.26
1982-02-09,13.46,0.26,3.78,6.66,26.60,0.39,4.72,37.04,303.64,5.23
1982-02-10,2.08,0.46,5.81,5.38,21.50,0.62,5.07,45.50,305.57,4.63
1982-02-11,1.02,0.60,4.73,2.80,11.20,0.84,4.61,52.01,294.57,6.52
1982-02-12,0.66,1.11,5.09,1.64,6.57,1.38,4.21,30.45,315.33,8.44
1982-02-13,1.35,1.19,5.83,1.40,5.58,1.50,4.32,67.41,285.10,7.98
1982-02-14,0.00,0.52,3.22,1.26,5.04,0.52,3.64,91.61,252.69,2.86
1982-02-15,0.01,0.25,-0.39,1.06,4.24,0.26,2.85,69.94,255.54,1.48
1982-02-16,0.01,0.31,-0.48,0.78,3.10,0.32,3.02,65.42,261.41,2.29
1982-02-17,1.49,0.28,-0.53,0.63,2.50,0.40,3.37,38.46,285.89,4.36
1982-02-18,0.11,0.18,1.30,0.64,2.56,0.24,3.91,24.15,299.83,3.68
1982-02-19,0.00,0.25,1.91,0.64,2.57,0.25,4.15,41.72,297.53,3.87
1982-02-20,0.00,0.60,-0.52,0.60,2.39,0.60,2.77,70.08,260.07,3.80
1982-02-21,0.01,0.52,0.23,0.56,2.23,0.53,3.18,46.20,284.28,4.38
1982-02-22,0.00,0.28,0.66,0.52,2.07,0.28,3.37,53.92,281.97,1.52
1982-02-23,0.00,0.46,0.82,0.49,1.95,0.46,3.13,80.77,262.54,2.12
1982-02-24,0.50,0.54,1.86,0.48,1.92,0.69,3.76,60.29,285.54,4.91
1982-02-25,4.30,0.43,2.89,0.47,1.89,0.59,4.24,49.86,299.77,4.27
1982-02-26,0.47,0.91,4.61,0.64,2.54,1.19,4.29,64.55,297.02,6.69
1982-02-27,0.22,0.85,5.38,0.64,2.56,0.99,4.35,55.28,307.50,4.19
1982-02-28,9.53,1.05,7.24,0.64,2.55,1.32,5.21,81.04,301.48,6.79
1982-03-01,1.02,1.35,5.37,1.85,7.39,1.67,4.19,91.44,285.26,8.18
1982-03-02,12.61,1.41,4.75,3.35,13.40,1.74,3.91,90.05,283.46,8.44
1982-03-03,1.09,1.65,4.91,3.35,13.40,2.05,3.96,92.13,284.07,13.31
1982-03-04,0.02,1.13,4.67,1.17,4.67,1.16,3.88,95.54,281.83,4.65
1982-03-05,0.41,1.04,2.48,0.76,3.03,1.22,3.13,115.68,258.72,3.57
1982-03-06,0.97,0.13,4.10,0.71,2.82,0.22,5.09,26.96,314.89,6.44
1982-03-07,0.24,0.75,2.95,0.65,2.60,0.83,3.81,112.49,269.31,2.30
1982-03-08,2.06,0.58,2.36,0.61,2.44,0.79,4.08,79.77,287.55,5.00
1982-03-09,17.42,0.90,2.89,4.38,17.50,1.19,3.84,61.11,299.07,7.22
1982-03-10,3.33,0.70,4.76,5.03,20.10,1.00,4.97,103.77,289.37,8.44
1982-03-11,8.13,1.16,2.03,2.22,8.85,1.48,3.39,117.68,264.98,7.48
1982-03-12,0.43,0.93,1.77,3.65,14.60,1.30,3.68,109.12,271.46,10.54
1982-03-13,1.24,1.30,3.00,1.52,6.07,1.60,3.58,138.23,261.06,7.02
1982-03-14,9.98,1.22,4.89,1.62,6.49,1.51,4.28,104.97,289.39,6.84
1982-03-15,5.11,1.24,3.14,4.15,16.60,1.53,3.63,119.61,273.31,6.49
1982-03-16,2.83,0.91,2.31,3.28,13.10,1.16,3.62,81.17,289.86,5.46
1982-03-17,0.32,1.12,3.60,2.21,8.84,1.38,3.96,102.20,287.00,7.05
1982-03-18,0.15,1.03,4.25,1.36,5.43,1.14,4.16,97.66,293.30,4.62
1982-03-19,3.35,0.55,1.88,1.01,4.03,0.66,3.91,73.49,295.07,2.29
1982-03-20,0.15,0.63,3.11,1.25,4.99,0.73,4.44,92.73,294.10,2.28
1982-03-21,0.05,0.62,2.87,0.92,3.67,0.68,4.21,70.84,302.33,3.66
1982-03-22,0.03,1.20,5.29,0.79,3.16,1.26,4.45,128.14,287.70,3.87
1982-03-23,0.00,1.34,5.29,0.61,2.43,1.34,4.13,139.01,281.94,3.31
1982-03-24,0.00,1.38,7.48,0.54,2.17,1.38,5.07,122.83,302.54,4.12
1982-03-25,0.00,1.98,8.27,0.50,1.98,1.98,4.75,185.02,277.05,4.14
1982-03-26,0.00,1.73,6.80,0.44,1.74,1.73,4.43,192.17,268.54,2.86
1982-03-27,0.00,1.27,4.99,0.40,1.59,1.27,4.15,144.36,282.30,2.46
1982-03-28,1.84,0.86,4.76,0.39,1.57,1.00,4.73,99.91,303.21,2.79
1982-03-29,0.23,1.50,3.83,0.41,1.62,1.75,3.72,137.28,280.33,6.45
1982-03-30,0.12,1.24,3.91,0.38,1.51,1.39,3.54,94.23,297.76,3.74
1982-03-31,2.28,0.41,4.30,0.37,1.46,0.50,4.64,40.26,314.49,2.77
1982-04-01,0.04,0.83,4.83,0.45,1.81,0.89,4.78,82.27,312.61,4.24
1982-04-02,0.00,1.52,5.92,0.42,1.67,1.52,4.51,159.82,287.26,3.38
1982-04-03,3.20,1.51,6.85,0.38,1.52,1.68,4.93,153.95,295.55,3.36
1982-04-04,0.50,1.03,8.58,0.43,1.70,1.16,5.82,80.19,332.98,2.66
1982-04-05,5.37,1.24,8.09,0.43,1.70,1.38,5.52,108.45,320.41,2.81
1982-04-06,3.49,0.39,7.11,0.66,2.64,0.45,5.78,43.52,329.09,1.77
1982-04-07,4.65,0.87,6.91,0.96,3.82,1.06,5.99,111.61,316.75,4.56
1982-04-08,0.02,1.85,2.32,0.97,3.87,1.89,2.99,184.27,261.26,6.42
1982-04-09,0.05,1.09,2.84,0.56,2.23,1.17,3.78,102.51,296.82,4.92
1982-04-10,0.00,1.68,4.77,0.45,1.81,1.68,4.08,174.61,281.43,4.90
1982-04-11,0.00,1.74,2.85,0.39,1.54,1.74,2.93,144.25,278.32,4.73
1982-04-12,0.00,1.56,3.00,0.35,1.40,1.56,3.22,144.08,281.47,3.99
1982-04-13,0.00,1.50,5.91,0.33,1.33,1.50,4.16,132.40,302.02,2.74
1982-04-14,0.00,1.70,7.39,0.32,1.27,1.70,5.00,159.55,302.92,3.30
1982-04-15,0.00,1.99,9.14,0.30,1.21,1.99,5.29,158.93,311.56,3.79
1982-04-16,0.00,1.90,8.31,0.30,1.18,1.90,5.24,174.59,303.64,3.25
1982-04-17,0.00,1.69,5.20,0.29,1.14,1.69,4.72,203.63,281.72,2.36
1982-04-18,0.00,1.98,5.61,0.28,1.10,1.98,4.55,229.93,274.55,2.40
1982-04-19,0.00,1.95,6.06,0.27,1.07,1.95,4.89,225.21,280.17,2.10
1982-04-20,0.00,1.76,6.85,0.26,1.05,1.76,5.12,186.46,296.32,3.21
1982-04-21,0.00,2.33,7.01,0.26,1.02,2.33,4.79,250.81,276.10,3.54
1982-04-22,0.01,1.80,9.07,0.25,1.00,1.82,5.61,143.32,320.77,3.86
1982-04-23,0.00,2.48,6.60,0.24,0.96,2.48,4.24,236.28,277.23,5.79
1982-04-24,0.00,2.74,10.32,0.23,0.90,2.74,5.68,243.30,296.22,3.67
1982-04-25,0.00,1.90,9.08,0.22,0.89,1.90,5.42,144.56,320.98,3.85
1982-04-26,0.00,2.41,9.65,0.22,0.88,2.41,5.71,222.52,301.49,2.90
1982-04-27,0.00,2.52,9.25,0.21,0.85,2.52,5.63,241.77,294.68,3.77
1982-04-28,0.00,2.45,8.98,0.21,0.83,2.45,4.97,160.52,315.26,6.87
1982-04-29,0.00,2.50,6.96,0.20,0.81,2.51,4.09,191.19,294.54,6.29
1982-04-30,0.32,1.58,7.28,0.21,0.84,1.88,5.22,120.25,321.68,7.89
1982-05-01,0.17,2.71,4.68,0.20,0.82,2.97,3.28,244.86,268.21,8.00
1982-05-02,28.34,1.42,3.56,1.44,5.76,1.74,3.79,108.73,305.04,7.56
1982-05-03,3.53,2.43,4.63,1.69,6.75,2.81,3.63,223.46,277.40,11.59
1982-05-04,0.00,2.35,4.93,0.79,3.15,2.35,3.74,215.55,281.70,8.25
1982-05-05,1.61,1.93,4.52,0.41,1.65,2.14,3.98,202.48,285.65,3.97
1982-05-06,0.03,1.35,3.12,0.34,1.37,1.39,3.93,147.26,294.95,3.56
1982-05-07,0.03,1.71,3.70,0.31,1.25,1.76,4.06,197.33,285.30,3.13
1982-05-08,0.00,2.65,5.71,0.29,1.15,2.65,4.30,294.15,268.87,3.11
1982-05-09,0.00,2.44,6.49,0.26,1.05,2.44,4.63,255.04,283.92,2.82
1982-05-10,0.00,2.27,7.73,0.25,1.00,2.27,5.16,221.05,300.10,2.28
1982-05-11,0.00,2.03,7.53,0.23,0.91,2.03,5.23,194.61,306.68,3.45
1982-05-12,0.00,2.56,7.80,0.22,0.86,2.56,5.07,252.33,292.64,3.85
1982-05-13,0.00,2.69,10.87,0.21,0.84,2.69,6.02,216.61,317.47,3.82
1982-05-14,0.00,3.31,10.09,0.20,0.80,3.31,5.36,291.23,292.69,3.89
1982-05-15,2.20,2.36,9.00,0.20,0.79,2.54,5.39,202.39,312.12,3.47
1982-05-16,0.15,2.60,11.11,0.21,0.83,2.69,6.61,224.85,319.33,3.39
1982-05-17,0.60,2.50,9.51,0.21,0.82,2.64,6.17,237.77,308.94,2.57
1982-05-18,0.89,2.33,9.64,0.20,0.82,2.46,6.34,220.41,314.40,3.05
1982-05-19,0.00,2.68,10.22,0.20,0.80,2.68,6.12,238.84,311.70,3.32
1982-05-20,0.00,2.40,10.41,0.19,0.77,2.40,6.48,212.94,320.14,2.24
1982-05-21,6.74,1.51,9.39,0.20,0.81,1.64,6.11,117.06,337.78,2.68
1982-05-22,2.59,2.46,12.24,0.25,0.99,2.66,7.36,200.71,333.15,4.62
1982-05-23,2.83,2.26,10.21,0.24,0.94,2.43,6.29,192.25,324.31,3.40
1982-05-24,2.08,2.27,10.99,0.23,0.91,2.50,6.50,165.94,334.46,5.86
1982-05-25,0.66,2.48,12.29,0.22,0.89,2.75,7.12,177.47,338.75,6.93
1982-05-26,0.41,2.12,11.20,0.21,0.85,2.28,6.57,156.49,338.00,3.69
1982-05-27,0.75,2.91,9.89,0.20,0.80,3.05,5.93,265.34,305.40,3.14
1982-05-28,0.13,2.79,10.81,0.19,0.77,2.88,5.83,205.35,323.05,5.03
1982-05-29,0.00,4.09,13.70,0.19,0.76,4.09,6.80,316.56,311.01,4.52
1982-05-30,0.00,4.14,13.46,0.18,0.71,4.14,6.44,324.84,306.72,3.24
1982-05-31,0.00,2.66,12.08,0.17,0.68,2.66,7.25,223.41,328.69,2.41
1982-06-01,0.05,3.53,15.10,0.17,0.68,3.56,8.89,285.14,330.06,2.02
1982-06-02,4.47,3.25,15.86,0.35,1.39,3.34,9.34,252.56,341.52,2.09
1982-06-03,0.84,3.39,16.19,0.21,0.83,3.42,9.85,269.60,340.52,2.59
1982-06-04,0.00,3.42,17.04,0.18,0.72,3.42,9.33,243.41,348.74,2.56
1982-06-05,1.29,3.85,17.98,0.17,0.69,3.94,11.09,294.45,345.91,2.16
1982-06-06,2.36,1.46,14.28,0.18,0.71,1.57,9.56,120.01,362.16,3.11
1982-06-07,0.00,3.65,14.90,0.20,0.81,3.65,8.42,291.34,327.36,2.48
1982-06-08,0.00,2.89,13.13,0.16,0.66,2.89,8.13,247.58,329.54,2.54
1982-06-09,0.00,1.60,12.47,0.15,0.61,1.60,8.10,126.91,352.86,3.12
1982-06-10,0.66,2.12,11.86,0.16,0.62,2.31,6.81,141.99,345.80,4.26
1982-06-11,6.49,1.37,11.29,0.17,0.68,1.54,8.26,142.36,344.18,3.65
1982-06-12,2.74,1.61,9.70,0.21,0.85,1.82,6.66,141.95,335.99,4.47
1982-06-13,0.01,2.45,8.83,0.20,0.81,2.46,4.98,183.00,318.31,4.35
1982-06-14,0.09,2.58,8.91,0.17,0.70,2.61,5.15,220.37,310.21,2.77
1982-06-15,13.04,1.61,8.49,0.19,0.75,1.79,5.88,136.72,330.66,3.59
1982-06-16,0.03,1.76,10.54,0.50,2.01,1.79,7.15,157.24,337.11,3.28
1982-06-17,0.00,1.84,10.71,0.27,1.07,1.84,7.08,159.53,337.26,4.05
1982-06-18,0.43,1.79,9.43,0.22,0.87,1.94,5.82,118.50,339.01,4.89
1982-06-19,0.01,1.59,9.88,0.20,0.80,1.60,6.00,115.76,341.49,2.16
1982-06-20,0.11,1.64,10.75,0.19,0.74,1.71,6.92,130.48,343.76,2.42
1982-06-21,0.01,0.83,9.62,0.18,0.73,0.84,6.75,67.90,341.50,3.42
1982-06-22,5.28,1.64,8.30,0.18,0.72,1.91,5.64,121.02,333.02,6.31
1982-06-23,0.79,1.90,9.17,0.20,0.79,2.14,5.66,125.39,335.88,5.71
1982-06-24,0.20,1.66,10.31,0.20,0.82,1.76,6.55,124.72,342.64,3.28
1982-06-25,20.18,0.68,10.22,0.22,0.86,0.85,7.46,67.79,344.63,4.36
1982-06-26,11.81,1.44,10.54,3.55,14.20,1.60,7.45,132.91,342.59,3.23
1982-06-27,8.07,1.52,11.34,1.52,6.06,1.66,7.96,140.35,344.87,3.02
1982-06-28,1.94,2.02,12.60,1.87,7.48,2.20,8.01,166.73,345.00,3.76
1982-06-29,0.98,3.24,12.87,0.78,3.13,3.46,6.82,237.44,327.44,5.53
1982-06-30,0.80,3.10,12.41,0.43,1.73,3.26,6.79,247.08,323.14,3.45
1982-07-01,0.10,2.98,14.08,0.31,1.22,3.13,7.50,198.84,342.73,5.05
1982-07-02,0.00,2.50,12.48,0.25,1.01,2.50,6.77,169.47,341.46,4.03
1982-07-03,0.39,2.95,12.06,0.22,0.90,3.17,6.49,215.21,327.44,5.59
1982-07-04,0.54,2.49,12.20,0.20,0.81,2.73,6.70,155.81,343.33,6.02
1982-07-05,0.99,2.68,12.80,0.19,0.75,2.89,6.91,177.17,341.00,5.12
1982-07-06,0.00,2.87,14.12,0.18,0.73,2.87,8.21,227.00,337.14,2.75
1982-07-07,0.33,2.55,14.85,0.18,0.71,2.71,8.56,181.40,351.33,3.84
1982-07-08,0.00,2.59,15.14,0.18,0.70,2.59,8.53,184.78,351.73,2.72
1982-07-09,0.66,2.73,17.74,0.17,0.70,2.84,10.16,177.75,366.41,3.38
1982-07-10,0.17,2.23,13.16,0.17,0.68,2.28,7.66,161.80,347.00,3.48
1982-07-11,0.43,1.93,13.90,0.17,0.66,2.02,8.90,156.69,352.33,2.61
1982-07-12,0.00,2.23,13.57,0.17,0.66,2.23,8.28,174.05,346.40,4.19
1982-07-13,0.00,3.01,14.36,0.15,0.61,3.01,7.81,225.84,336.38,3.05
1982-07-14,15.21,2.74,14.21,0.17,0.68,2.88,8.25,214.23,339.39,3.06
1982-07-15,20.45,1.24,12.01,0.66,2.64,1.38,8.42,112.50,352.70,3.17
1982-07-16,0.13,1.88,12.25,2.33,9.31,2.04,7.19,124.30,350.81,3.91
1982-07-17,0.00,2.23,13.79,0.65,2.59,2.23,8.11,160.15,349.81,4.01
1982-07-18,0.00,3.32,13.55,0.37,1.49,3.32,7.13,265.50,319.79,2.58
1982-07-19,0.00,3.42,13.91,0.27,1.08,3.42,8.71,300.34,318.20,2.10
1982-07-20,0.00,3.21,14.61,0.21,0.85,3.21,8.77,268.18,328.13,2.31
1982-07-21,0.00,3.53,15.71,0.19,0.77,3.53,8.91,280.44,329.51,2.96
1982-07-22,0.00,2.24,13.37,0.18,0.74,2.24,8.41,189.28,340.42,3.11
1982-07-23,0.00,2.37,13.63,0.18,0.72,2.37,8.13,187.60,341.32,2.89
1982-07-24,0.00,2.79,14.15,0.17,0.70,2.79,8.59,233.87,332.90,2.35
1982-07-25,0.00,2.28,14.66,0.17,0.66,2.28,8.69,169.07,350.68,3.48
1982-07-26,0.00,3.15,13.76,0.16,0.63,3.15,7.11,241.54,324.36,2.95
1982-07-27,0.00,2.14,13.56,0.15,0.62,2.14,7.86,163.14,345.81,2.23
1982-07-28,0.01,2.55,13.91,0.15,0.62,2.56,8.20,206.31,336.66,2.69
1982-07-29,0.00,2.51,14.39,0.15,0.62,2.51,8.42,198.71,340.76,2.31
1982-07-30,0.00,3.25,14.40,0.15,0.61,3.25,8.51,280.23,320.15,3.33
1982-07-31,0.00,2.07,14.46,0.15,0.59,2.07,8.48,139.13,355.73,4.37
1982-08-01,1.50,1.72,15.56,0.15,0.61,1.87,10.03,135.89,361.31,3.49
1982-08-02,0.38,1.55,16.39,0.16,0.65,1.60,10.52,116.01,369.46,2.70
1982-08-03,0.00,3.25,17.54,0.15,0.61,3.25,10.38,250.68,342.51,3.45
1982-08-04,0.01,2.45,17.04,0.13,0.54,2.46,10.27,182.72,356.40,3.05
1982-08-05,0.70,2.05,17.73,0.13,0.53,2.13,11.22,153.40,366.47,3.23
1982-08-06,0.20,1.27,16.53,0.14,0.54,1.36,11.09,103.84,371.35,2.65
1982-08-07,0.78,2.13,16.42,0.14,0.58,2.28,9.93,154.00,359.60,3.56
1982-08-08,0.27,1.99,15.74,0.14,0.57,2.14,9.35,125.57,363.43,4.84
1982-08-09,0.00,2.63,13.33,0.14,0.55,2.63,6.96,180.58,333.47,4.14
1982-08-10,0.00,2.98,13.30,0.13,0.52,2.98,6.57,202.20,324.87,4.61
1982-08-11,2.51,2.50,14.88,0.13,0.52,2.71,8.12,151.91,350.38,5.37
1982-08-12,9.41,3.21,13.60,0.15,0.59,3.48,7.00,216.92,321.98,7.48
1982-08-13,2.47,2.16,11.82,0.25,0.98,2.32,7.03,180.90,325.71,3.54
1982-08-14,0.67,2.53,11.79,0.17,0.68,2.67,6.60,217.33,312.44,3.12
1982-08-15,4.38,1.45,12.33,0.16,0.62,1.60,7.97,119.32,346.84,3.25
1982-08-16,6.64,2.02,13.15,0.17,0.69,2.24,7.74,138.55,344.32,5.65
1982-08-17,5.28,2.64,12.52,0.22,0.87,2.87,6.65,181.32,325.27,5.79
1982-08-18,0.26,2.60,12.79,0.20,0.80,2.74,7.13,189.92,324.55,6.87
1982-08-19,4.12,2.40,11.06,0.19,0.76,2.65,6.03,164.72,321.81,6.02
1982-08-20,6.89,1.58,10.34,0.22,0.88,1.88,6.58,101.60,340.33,7.94
1982-08-21,6.04,2.27,11.92,0.29,1.15,2.50,6.17,117.46,340.99,5.66
1982-08-22,1.07,1.87,13.23,0.31,1.24,2.08,8.08,145.20,340.72,5.17
1982-08-23,2.94,1.87,13.07,0.26,1.03,2.05,7.62,132.20,343.02,4.17
1982-08-24,3.51,1.62,12.87,0.26,1.04,1.84,7.82,104.28,350.95,5.58
1982-08-25,7.71,2.61,11.87,0.36,1.42,2.85,6.15,177.15,317.68,5.85
1982-08-26,0.52,2.42,11.64,0.48,1.92,2.58,6.60,210.74,306.21,4.42
1982-08-27,0.00,1.91,10.61,0.31,1.22,1.91,6.42,171.32,314.66,3.35
1982-08-28,1.77,2.17,10.01,0.21,0.85,2.33,5.98,211.16,295.96,3.12
1982-08-29,9.49,1.95,13.55,0.20,0.80,2.21,8.09,136.33,341.70,6.98
1982-08-30,0.84,1.30,13.11,0.59,2.34,1.52,8.41,92.87,353.92,5.77
1982-08-31,1.59,2.23,10.69,0.33,1.32,2.44,5.46,144.88,318.52,4.62
1982-09-01,0.00,2.58,12.83,0.23,0.93,2.58,6.12,177.67,315.15,4.05
1982-09-02,0.00,2.85,11.82,0.19,0.75,2.85,5.87,216.28,293.94,5.70
1982-09-03,0.06,2.03,13.58,0.17,0.69,2.16,7.86,128.09,341.29,7.32
1982-09-04,11.65,1.64,13.37,0.17,0.70,1.81,7.47,92.24,352.89,3.95
1982-09-05,5.42,0.39,10.43,0.59,2.34,0.54,7.69,43.01,345.59,5.38
1982-09-06,3.75,1.24,10.92,0.92,3.68,1.43,6.81,77.80,345.69,4.27
1982-09-07,0.21,1.28,12.33,0.68,2.73,1.49,8.11,112.63,339.77,5.92
1982-09-08,0.00,2.49,12.24,0.39,1.55,2.49,6.25,172.54,309.61,5.69
1982-09-09,0.01,1.27,10.10,0.26,1.03,1.29,6.45,96.61,332.64,3.95
1982-09-10,1.25,0.97,13.35,0.22,0.89,1.17,8.87,74.14,357.45,5.58
1982-09-11,0.08,1.81,10.33,0.21,0.82,1.88,5.67,150.50,306.86,3.27
1982-09-12,0.38,1.25,13.28,0.19,0.75,1.44,8.93,131.80,335.01,7.36
1982-09-13,0.00,1.85,12.73,0.18,0.73,1.85,7.09,150.67,319.60,3.58
1982-09-14,0.00,1.48,12.88,0.17,0.70,1.48,8.02,139.84,326.79,3.20
1982-09-15,0.00,1.34,13.66,0.17,0.68,1.34,8.42,104.16,344.71,4.00
1982-09-16,0.00,1.56,14.80,0.16,0.66,1.56,8.92,130.98,338.69,3.45
1982-09-17,0.00,1.68,15.89,0.16,0.63,1.68,9.40,145.02,337.65,2.86
1982-09-18,1.21,1.07,15.64,0.15,0.62,1.20,10.12,91.64,357.94,3.41
1982-09-19,3.84,0.62,12.44,0.16,0.65,0.72,7.77,36.95,355.19,2.93
1982-09-20,1.89,1.11,13.75,0.17,0.69,1.33,8.98,91.89,347.70,6.35
1982-09-21,0.05,1.91,8.66,0.18,0.73,1.98,4.87,121.77,301.42,6.32
1982-09-22,2.93,1.48,7.27,0.16,0.66,1.65,4.42,132.17,287.79,3.42
1982-09-23,3.32,1.15,9.80,0.23,0.93,1.33,6.44,107.46,317.37,4.11
1982-09-24,6.50,0.73,8.13,0.29,1.15,0.94,6.21,66.19,329.44,5.43
1982-09-25,1.78,0.98,9.79,0.48,1.92,1.10,6.83,120.61,310.44,2.62
1982-09-26,6.08,1.31,11.09,0.28,1.13,1.54,7.06,116.45,317.22,5.97
1982-09-27,7.07,1.13,10.64,0.84,3.35,1.38,6.82,61.80,342.01,6.56
1982-09-28,5.16,1.14,9.63,1.16,4.65,1.40,6.26,63.22,335.40,6.45
1982-09-29,0.80,1.22,9.42,0.74,2.95,1.41,6.08,127.43,298.51,4.11
1982-09-30,0.41,0.69,7.27,0.41,1.63,0.81,5.90,92.62,307.62,3.53
1982-10-01,10.30,0.73,10.49,0.96,3.85,0.97,7.25,43.30,345.72,7.24
1982-10-02,0.04,0.71,10.28,1.38,5.50,0.75,6.75,55.02,341.18,2.60
1982-10-03,4.58,0.87,10.32,0.54,2.16,0.98,6.72,106.90,310.33,2.27
1982-10-04,1.38,0.47,9.52,0.83,3.32,0.62,7.27,66.95,330.42,4.92
1982-10-05,21.67,0.48,8.21,0.73,2.92,0.61,6.42,49.02,333.42,3.90
1982-10-06,6.37,0.64,9.39,6.78,27.10,0.86,6.86,53.95,335.61,6.65
1982-10-07,4.67,0.78,8.79,2.25,9.00,0.98,6.19,46.89,335.89,5.25
1982-10-08,2.63,0.45,9.15,1.64,6.54,0.60,6.56,25.68,339.20,4.70
1982-10-09,6.35,0.55,8.02,1.51,6.04,0.66,5.93,43.60,333.14,2.88
1982-10-10,5.49,0.26,8.64,3.40,13.60,0.32,7.07,48.51,333.50,2.64
1982-10-11,6.50,0.29,8.60,3.88,15.50,0.37,6.94,48.57,332.56,3.33
1982-10-12,9.55,0.13,7.92,4.20,16.80,0.19,6.58,23.77,333.68,4.52
1982-10-13,7.91,0.58,7.75,4.00,16.00,0.77,6.01,50.97,324.59,5.36
1982-10-14,0.25,0.97,7.08,2.85,11.40,1.17,5.01,52.78,317.04,5.44
1982-10-15,0.08,0.73,6.08,1.16,4.63,0.76,4.59,90.16,282.31,2.96
1982-10-16,6.84,0.54,6.62,1.04,4.16,0.76,5.40,21.95,326.21,6.57
1982-10-17,7.35,1.01,8.83,1.86,7.42,1.29,5.97,54.90,322.93,7.71
1982-10-18,0.54,0.87,10.10,3.00,12.00,1.05,6.38,53.02,329.87,4.57
1982-10-19,10.59,0.89,8.72,1.60,6.41,1.13,5.85,29.13,336.12,6.45
1982-10-20,2.68,0.55,8.39,4.58,18.30,0.72,6.25,54.35,319.72,5.12
1982-10-21,0.08,0.60,6.57,1.60,6.39,0.67,5.03,76.58,289.26,3.48
1982-10-22,0.08,0.34,5.32,1.02,4.09,0.37,4.85,37.85,315.43,2.09
1982-10-23,0.00,0.41,4.46,0.78,3.12,0.41,4.20,85.14,267.65,2.19
1982-10-24,0.54,0.09,4.58,0.65,2.60,0.12,5.16,21.24,317.04,3.34
1982-10-25,1.43,0.30,5.30,0.60,2.38,0.35,4.60,65.14,287.46,1.68
1982-10-26,1.67,0.00,7.99,0.59,2.37,0.10,7.13,39.82,326.68,7.23
1982-10-27,0.00,1.07,7.52,0.56,2.23,1.07,4.97,69.44,290.32,6.60
1982-10-28,0.00,0.84,7.79,0.47,1.86,0.84,5.28,42.64,317.61,5.14
1982-10-29,5.84,0.82,8.76,0.42,1.66,1.03,5.75,36.57,328.24,5.13
1982-10-30,5.52,0.15,8.73,1.45,5.80,0.20,6.65,16.32,337.40,3.44
1982-10-31,8.04,0.42,9.88,1.90,7.60,0.56,7.03,28.79,341.54,4.79
1982-11-01,1.73,0.20,9.93,4.41,17.60,0.28,7.44,29.73,340.40,4.18
1982-11-02,0.02,0.33,6.14,1.60,6.40,0.35,4.89,43.09,304.15,2.43
1982-11-03,0.86,0.20,5.83,0.98,3.93,0.24,4.76,48.77,295.11,1.68
1982-11-04,0.33,0.00,6.30,0.83,3.31,0.02,6.38,26.00,325.46,2.51
1982-11-05,1.00,0.26,8.69,0.75,2.99,0.39,6.78,24.64,337.27,5.98
1982-11-06,0.00,0.50,8.86,0.71,2.84,0.51,6.45,25.28,336.33,6.00
1982-11-07,2.08,0.40,8.10,0.62,2.49,0.54,6.18,24.01,333.47,5.01
1982-11-08,2.89,0.33,8.95,0.70,2.81,0.43,6.40,33.16,325.74,3.65
1982-11-09,2.52,0.28,7.76,0.93,3.73,0.40,6.08,43.77,306.40,5.17
1982-11-10,9.40,1.00,8.10,3.30,13.20,1.32,5.50,41.42,307.25,9.25
1982-11-11,10.63,1.16,8.30,2.70,10.80,1.42,5.01,28.12,323.20,6.24
1982-11-12,3.17,0.87,7.90,6.13,24.50,1.13,5.43,29.99,319.43,7.12
1982-11-13,1.51,0.41,3.09,2.19,8.76,0.55,3.80,31.38,291.36,3.65
1982-11-14,1.28,0.22,1.33,1.51,6.03,0.31,3.69,29.39,286.29,3.64
1982-11-15,4.16,0.88,3.36,1.18,4.73,1.10,3.06,34.39,281.44,4.46
1982-11-16,3.42,0.22,2.86,2.26,9.02,0.39,4.37,40.97,277.49,7.82
1982-11-17,3.55,0.80,5.45,2.26,9.04,1.05,4.38,11.05,318.32,6.28
1982-11-18,2.19,0.00,7.32,2.65,10.60,0.00,6.90,34.89,309.30,8.03
1982-11-19,1.91,1.17,4.04,1.55,6.20,1.53,3.81,29.10,292.76,11.06
1982-11-20,12.18,0.80,5.52,1.08,4.33,1.05,4.24,41.19,280.50,6.35
1982-11-21,9.72,0.00,6.30,8.48,33.90,0.00,6.55,17.67,326.31,7.81
1982-11-22,16.84,1.06,4.56,9.71,38.80,1.39,3.97,23.63,301.93,8.80
1982-11-23,13.20,0.29,4.32,10.99,43.90,0.41,4.72,16.97,314.60,4.81
1982-11-24,8.24,0.35,2.64,6.98,27.90,0.50,3.85,25.79,289.06,4.50
1982-11-25,0.07,0.12,2.04,4.46,17.80,0.15,4.01,21.68,293.90,3.29
1982-11-26,0.01,0.13,1.23,2.12,8.49,0.13,3.47,28.75,275.49,2.75
1982-11-27,0.02,0.08,1.69,1.42,5.66,0.08,3.94,24.85,285.52,3.47
1982-11-28,0.07,0.23,2.08,1.14,4.55,0.26,4.00,19.14,296.54,4.87
1982-11-29,0.03,0.42,1.66,0.89,3.56,0.46,3.13,27.71,273.94,3.73
1982-11-30,0.00,0.04,1.65,0.80,3.19,0.04,3.95,29.23,275.76,3.92
1982-12-01,0.00,0.05,1.25,0.68,2.71,0.05,3.38,31.50,265.51,2.09
1982-12-02,0.00,0.00,-0.48,0.64,2.57,0.00,3.51,15.95,288.44,1.60
1982-12-03,0.00,0.02,0.85,0.63,2.51,0.02,3.77,18.36,289.58,2.40
1982-12-04,3.97,0.39,2.92,0.73,2.93,0.56,4.02,14.55,305.63,4.94
1982-12-05,0.00,0.01,3.10,0.98,3.90,0.01,4.59,18.41,300.52,3.30
1982-12-06,0.01,0.00,0.62,0.70,2.81,0.00,3.60,26.87,270.00,1.94
1982-12-07,29.72,0.18,0.57,6.33,25.30,0.29,3.61,7.91,295.62,5.14
1982-12-08,8.00,0.16,2.52,12.39,49.50,0.26,4.31,12.62,305.98,5.49
1982-12-09,11.49,0.09,1.43,4.46,17.80,0.12,3.60,24.19,276.33,2.96
1982-12-10,0.74,0.17,0.81,4.93,19.70,0.27,3.73,16.82,289.48,5.50
1982-12-11,0.00,0.04,0.79,2.03,8.12,0.04,3.56,27.72,266.17,3.27
1982-12-12,2.11,0.02,-1.43,1.17,4.69,0.03,3.09,15.49,280.09,1.73
1982-12-13,0.11,0.00,0.08,1.01,4.04,0.00,3.68,18.77,281.77,2.57
1982-12-14,3.67,0.44,3.49,1.50,5.98,0.61,4.06,9.64,309.09,4.87
1982-12-15,12.90,0.00,6.00,8.58,34.30,0.00,6.61,13.42,323.95,9.81
1982-12-16,5.04,0.56,1.63,3.38,13.50,0.84,3.52,18.77,285.82,7.77
1982-12-17,0.10,0.11,-1.25,1.72,6.87,0.13,3.01,17.04,276.10,3.16
1982-12-18,6.41,0.27,-0.02,1.14,4.54,0.41,2.95,32.32,248.32,4.63
1982-12-19,20.12,0.00,1.45,14.52,58.00,0.00,5.03,14.34,300.50,9.83
1982-12-20,5.22,0.65,2.29,10.14,40.50,1.00,3.80,15.41,296.84,10.61
1982-12-21,0.00,0.37,2.51,3.43,13.70,0.37,3.94,17.29,294.16,5.98
1982-12-22,0.00,0.10,-1.43,1.44,5.77,0.10,2.85,29.36,249.19,3.68
1982-12-23,2.84,0.70,0.98,1.04,4.17,0.88,2.54,12.91,290.03,3.73
1982-12-24,0.17,0.00,1.91,2.22,8.85,0.00,5.06,14.35,302.51,5.23
1982-12-25,4.27,0.12,6.22,2.60,10.40,0.20,5.77,14.06,322.29,6.89
1982-12-26,3.70,0.25,5.85,3.23,12.90,0.36,5.16,16.12,314.92,4.42
1982-12-27,2.69,0.52,3.50,2.98,11.90,0.76,4.04,22.88,286.99,6.91
1982-12-28,0.11,0.25,3.56,1.79,7.14,0.32,4.33,14.53,306.83,4.07
1982-12-29,0.03,0.02,4.13,1.31,5.22,0.02,4.93,15.09,310.20,2.94
1982-12-30,3.58,0.44,4.70,1.08,4.31,0.63,4.61,13.79,314.49,5.62
1982-12-31,3.19,0.47,5.15,1.78,7.10,0.63,4.39,24.05,293.69,4.88
1983-01-01,2.81,0.00,4.88,2.37,9.48,0.00,5.75,18.65,308.39,6.99
1983-01-02,12.06,0.82,4.69,3.03,12.10,1.05,3.63,28.58,277.31,5.50
1983-01-03,2.36,0.01,4.64,5.76,23.00,0.03,5.26,21.16,301.71,7.97
1983-01-04,2.92,0.51,5.20,2.27,9.06,0.69,4.30,30.05,281.41,5.30
1983-01-05,23.46,0.29,6.20,8.96,35.80,0.48,5.61,14.30,324.08,8.39
1983-01-06,1.95,0.55,3.16,10.51,42.00,0.83,4.11,17.11,301.57,8.37
1983-01-07,0.66,0.54,2.02,3.00,12.00,0.80,3.62,22.25,284.60,7.26
1983-01-08,7.38,0.95,4.16,2.21,8.84,1.24,3.78,19.15,300.43,7.14
1983-01-09,0.69,0.83,4.05,4.31,17.20,1.13,3.91,24.83,289.55,7.87
1983-01-10,1.25,0.51,6.26,2.29,9.16,0.74,5.25,16.04,322.20,7.11
1983-01-11,15.53,0.92,6.55,2.23,8.90,1.23,4.93,15.82,323.46,8.61
1983-01-12,4.67,0.32,5.85,10.41,41.60,0.48,5.29,15.70,322.27,5.72
1983-01-13,5.18,0.60,2.38,3.38,13.50,0.84,3.41,35.10,264.66,6.06
1983-01-14,0.05,0.21,3.57,3.83,15.30,0.26,4.63,26.90,291.40,8.22
1983-01-15,0.00,0.58,6.80,2.12,8.48,0.58,5.47,26.44,308.41,9.80
1983-01-16,0.12,1.05,7.77,1.34,5.34,1.27,5.26,21.04,322.39,8.99
1983-01-17,6.90,1.37,7.16,1.77,7.06,1.73,4.71,26.44,308.56,10.76
1983-01-18,0.06,0.68,0.32,2.08,8.33,0.82,3.07,33.78,263.27,9.16
1983-01-19,0.06,0.37,0.60,1.04,4.16,0.40,3.06,40.48,254.27,4.52
1983-01-20,0.25,0.47,2.19,0.96,3.83,0.66,3.82,20.07,299.27,6.34
1983-01-21,0.03,0.47,4.88,1.06,4.23,0.53,4.82,20.49,313.77,7.38
1983-01-22,0.00,0.49,4.55,0.85,3.38,0.49,4.08,31.46,291.91,4.02
1983-01-23,2.02,0.24,1.21,0.71,2.84,0.31,3.22,27.83,281.92,2.46
1983-01-24,0.31,0.00,3.23,0.85,3.39,0.00,4.99,11.35,311.08,6.00
1983-01-25,0.52,0.67,5.20,0.77,3.08,0.93,4.61,31.28,300.26,7.45
1983-01-26,3.69,1.16,7.13,0.73,2.91,1.44,4.62,30.31,310.15,7.12
1983-01-27,2.08,0.60,6.64,1.30,5.20,0.87,5.30,39.31,298.69,8.21
1983-01-28,6.42,0.39,6.62,1.48,5.93,0.59,5.66,23.18,323.99,7.29
1983-01-29,3.33,1.06,3.31,2.80,11.20,1.39,3.48,41.36,276.86,8.41
1983-01-30,0.28,0.53,-0.14,1.66,6.64,0.76,3.05,28.26,281.51,5.99
1983-01-31,10.26,0.80,1.81,2.60,10.40,1.07,3.27,22.71,298.67,6.30
1983-02-01,0.38,0.52,0.73,4.71,18.80,0.85,3.53,33.27,284.40,10.57
1983-02-02,0.44,0.51,0.21,1.40,5.60,0.65,2.81,45.82,264.86,3.74
1983-02-03,0.00,0.33,-1.23,0.91,3.63,0.33,2.78,67.35,238.97,3.81
1983-02-04,4.61,0.64,-1.85,0.74,2.97,0.87,2.37,26.80,276.76,4.91
1983-02-05,8.59,0.28,-0.58,1.45,5.79,0.49,3.38,39.12,276.11,7.86
1983-02-06,12.71,0.62,1.46,4.86,19.40,0.96,3.64,30.55,294.39,9.94
1983-02-07,6.69,0.42,0.27,2.03,8.13,0.67,3.45,31.59,288.65,7.46
1983-02-08,0.28,0.31,-0.71,1.35,5.40,0.40,3.14,56.89,259.95,4.40
1983-02-09,3.63,0.18,-1.31,1.14,4.54,0.22,2.88,42.86,270.17,1.77
1983-02-10,4.61,0.19,-2.04,0.85,3.38,0.34,3.12,47.64,266.09,6.86
1983-02-11,5.20,0.33,-1.78,0.95,3.78,0.54,3.01,41.42,272.45,6.65
1983-02-12,0.37,0.19,-0.26,0.91,3.65,0.25,3.38,30.11,290.87,2.36
1983-02-13,0.46,0.12,0.58,0.91,3.65,0.15,3.67,31.05,295.25,1.27
1983-02-14,1.37,0.18,1.01,2.58,10.30,0.22,3.64,45.22,285.11,1.55
1983-02-15,0.35,0.24,1.04,4.23,16.90,0.32,3.79,41.25,290.12,3.14
1983-02-16,0.61,0.28,1.80,4.13,16.50,0.36,3.89,34.82,299.52,2.69
1983-02-17,0.00,0.20,-0.18,2.75,11.00,0.21,3.48,43.43,283.83,2.46
1983-02-18,0.00,0.32,-0.98,1.64,6.56,0.32,2.67,83.78,245.07,1.63
1983-02-19,0.64,0.33,-1.86,1.16,4.65,0.40,2.59,77.88,247.59,1.87
1983-02-20,0.21,0.01,-1.56,1.08,4.30,0.02,3.38,20.43,286.51,3.28
1983-02-21,0.00,0.39,0.41,0.97,3.86,0.39,3.21,37.75,291.51,2.60
1983-02-22,0.00,0.70,-0.52,0.79,3.14,0.70,2.74,105.37,236.78,4.25
1983-02-23,0.00,0.53,-0.86,0.64,2.57,0.53,2.67,81.30,253.36,2.72
1983-02-24,0.01,0.31,-0.99,0.67,2.68,0.31,2.91,54.72,274.29,1.65
1983-02-25,0.19,0.22,1.47,0.90,3.60,0.26,4.12,50.73,293.31,2.02
1983-02-26,0.64,0.23,3.10,2.60,10.40,0.31,4.66,41.92,308.16,3.14
1983-02-27,2.14,0.72,3.90,4.05,16.20,0.93,4.16,50.82,304.03,4.93
1983-02-28,0.35,0.89,3.09,2.75,11.00,1.06,3.72,65.81,289.36,5.70
1983-03-01,0.46,0.55,1.05,1.56,6.25,0.63,3.18,65.95,280.27,2.36
1983-03-02,6.32,0.11,3.06,3.08,12.30,0.17,4.68,24.99,309.55,4.14
1983-03-03,0.78,0.11,5.49,6.46,25.80,0.15,5.61,25.48,321.82,4.42
1983-03-04,0.02,1.01,3.78,2.40,9.60,1.05,3.85,109.57,270.27,4.69
1983-03-05,0.00,0.62,5.60,2.68,10.70,0.62,5.21,53.11,317.06,8.01
1983-03-06,0.01,1.16,7.97,1.94,7.76,1.18,5.45,53.61,327.92,7.46
1983-03-07,0.02,1.23,7.95,1.16,4.65,1.27,5.22,87.54,308.02,5.49
1983-03-08,0.00,1.07,6.02,0.90,3.59,1.07,4.67,107.27,288.29,4.57
1983-03-09,0.00,0.93,6.77,0.76,3.04,0.93,5.22,83.63,307.42,5.18
1983-03-10,1.13,0.98,8.65,0.70,2.81,1.23,6.04,67.42,326.88,6.35
1983-03-11,0.16,0.41,3.19,0.65,2.60,0.50,4.06,29.50,307.85,3.19
1983-03-12,0.29,0.30,4.64,0.61,2.45,0.41,4.95,30.02,316.76,4.00
1983-03-13,4.34,0.80,6.81,0.66,2.65,0.97,5.21,53.01,326.33,4.01
1983-03-14,1.06,0.97,6.89,1.02,4.07,1.16,5.29,94.72,306.41,4.41
1983-03-15,2.13,0.75,4.49,0.77,3.09,0.91,4.63,91.97,296.88,3.40
1983-03-16,2.34,0.64,6.14,0.99,3.95,0.83,5.37,57.13,323.17,4.64
1983-03-17,0.60,0.69,8.81,1.10,4.38,0.89,6.74,79.78,327.17,5.66
1983-03-18,13.97,1.02,8.52,3.68,14.70,1.21,5.85,78.03,325.51,4.25
1983-03-19,3.17,0.84,5.76,3.48,13.90,1.03,4.98,78.51,312.06,4.23
1983-03-20,12.75,1.28,5.63,2.35,9.40,1.53,4.54,123.34,289.84,5.54
1983-03-21,6.44,0.49,2.19,7.86,31.40,0.79,4.36,104.60,285.94,9.28
1983-03-22,3.08,1.14,2.17,3.88,15.50,1.49,3.65,135.17,269.57,8.67
1983-03-23,9.28,0.24,2.24,5.33,21.30,0.36,4.40,41.79,305.34,4.79
1983-03-24,0.44,1.55,2.00,3.55,14.20,1.89,3.09,149.64,260.58,7.78
1983-03-25,0.71,1.08,3.53,2.07,8.28,1.42,4.16,116.55,287.42,8.62
1983-03-26,3.99,1.23,1.90,1.41,5.64,1.45,3.01,105.31,280.16,4.28
1983-03-27,0.19,0.78,1.94,1.49,5.94,0.94,3.88,104.54,286.51,3.75
1983-03-28,0.10,1.17,2.35,1.19,4.76,1.30,3.40,114.77,281.71,4.51
1983-03-29,3.39,0.99,4.92,1.39,5.57,1.23,4.49,71.81,314.73,5.43
1983-03-30,1.64,1.34,3.41,1.54,6.17,1.63,3.83,142.68,278.19,6.33
1983-03-31,4.15,0.69,3.40,1.78,7.12,0.86,4.39,76.05,307.33,3.60
1983-04-01,0.54,1.12,3.79,1.70,6.80,1.28,4.28,137.62,286.18,4.05
1983-04-02,1.79,1.28,2.00,1.14,4.56,1.54,3.35,136.52,275.69,5.15
1983-04-03,2.72,1.14,1.47,0.96,3.85,1.34,3.30,135.29,274.70,3.61
1983-04-04,1.47,0.99,2.24,1.21,4.85,1.12,3.81,127.96,283.60,2.47
1983-04-05,2.14,0.87,1.97,1.21,4.83,0.99,3.98,120.10,286.85,2.23
1983-04-06,2.61,0.94,1.92,1.21,4.84,1.05,3.91,130.14,283.41,1.82
1983-04-07,0.42,1.26,2.29,1.04,4.16,1.39,3.80,171.97,270.45,2.20
1983-04-08,1.48,1.13,2.49,0.86,3.42,1.28,3.89,148.12,280.33,2.46
1983-04-09,0.09,1.67,4.10,0.78,3.13,1.77,4.02,204.60,268.01,3.27
1983-04-10,14.23,0.69,2.21,2.40,9.60,0.92,4.21,98.19,298.21,5.30
1983-04-11,1.93,1.32,3.57,4.00,16.00,1.63,4.00,135.27,290.61,7.21
1983-04-12,0.42,1.95,3.49,1.54,6.17,2.17,3.25,200.23,264.41,4.65
1983-04-13,0.07,1.25,5.58,1.05,4.18,1.40,4.75,119.34,307.68,4.83
1983-04-14,0.00,1.50,6.71,0.83,3.30,1.50,4.70,100.31,318.70,5.52
1983-04-15,0.00,1.94,6.63,0.64,2.57,1.94,4.72,196.34,287.44,4.87
1983-04-16,0.03,1.36,6.71,0.57,2.26,1.39,4.99,110.05,317.22,4.75
1983-04-17,1.49,2.04,4.50,0.51,2.04,2.17,3.80,227.12,266.39,4.08
1983-04-18,6.44,1.07,1.67,0.47,1.89,1.28,3.86,151.76,281.35,3.79
1983-04-19,7.01,0.67,2.68,1.65,6.61,0.91,3.95,50.29,305.38,5.58
1983-04-20,16.29,1.63,3.82,1.98,7.93,1.84,3.94,185.69,279.93,3.74
1983-04-21,1.03,1.48,4.07,7.11,28.40,1.68,4.09,159.17,290.15,4.16
1983-04-22,7.52,0.88,3.21,4.71,18.80,1.11,4.56,126.92,298.96,4.95
1983-04-23,1.02,1.33,6.48,5.01,20.00,1.57,5.32,139.60,311.02,5.38
1983-04-24,0.00,1.65,6.79,1.90,7.61,1.66,5.25,175.77,301.87,3.21
1983-04-25,1.41,1.20,5.10,1.15,4.59,1.42,5.01,146.61,303.34,4.37
1983-04-26,0.04,1.01,6.11,0.96,3.85,1.07,5.49,110.86,319.08,3.46
1983-04-27,6.43,1.00,5.29,0.84,3.37,1.16,5.12,109.17,315.48,3.24
1983-04-28,12.26,0.83,5.01,4.15,16.60,0.99,5.21,97.51,317.98,3.52
1983-04-29,1.50,0.54,6.02,4.08,16.30,0.62,5.23,55.05,323.28,1.88
1983-04-30,1.47,1.35,6.92,2.02,8.07,1.47,5.48,135.17,316.83,2.18
1983-05-01,6.79,0.50,5.01,1.62,6.49,0.68,5.16,55.94,318.88,5.30
1983-05-02,6.63,0.47,4.88,4.08,16.30,0.67,5.17,56.38,318.33,6.18
1983-05-03,1.05,1.19,5.79,3.30,13.20,1.36,4.93,110.41,318.21,3.29
1983-05-04,0.05,1.72,6.25,1.72,6.86,1.75,5.32,192.90,300.43,2.58
1983-05-05,12.47,1.08,6.72,1.26,5.02,1.28,5.61,108.27,324.80,4.41
1983-05-06,5.49,1.62,9.43,8.69,34.70,1.78,6.40,145.77,328.74,3.17
1983-05-07,4.00,1.17,8.46,4.33,17.30,1.28,6.48,113.12,332.98,2.25
1983-05-08,7.13,1.15,7.92,4.05,16.20,1.28,6.25,114.83,330.04,2.45
1983-05-09,3.34,1.78,7.70,2.80,11.20,2.01,5.54,172.36,313.49,4.99
1983-05-10,1.72,1.48,5.07,1.87,7.49,1.76,4.59,148.76,305.93,6.54
1983-05-11,2.57,1.77,6.49,1.59,6.35,2.00,4.85,163.92,308.92,4.88
1983-05-12,6.24,1.36,7.07,1.72,6.89,1.54,5.56,131.59,321.75,3.71
1983-05-13,2.95,2.20,8.27,2.90,11.60,2.46,5.45,204.08,308.59,5.75
1983-05-14,0.92,2.54,8.60,1.58,6.30,2.78,5.25,225.96,303.74,5.15
1983-05-15,0.89,1.58,7.99,1.07,4.27,1.71,5.77,146.66,323.04,2.96
1983-05-16,1.39,1.91,8.26,0.85,3.39,2.10,6.14,203.79,311.90,3.95
1983-05-17,3.28,1.37,7.82,0.77,3.06,1.56,6.08,140.29,324.93,3.75
1983-05-18,0.04,1.17,7.33,0.92,3.67,1.21,5.99,117.84,327.98,2.82
1983-05-19,0.00,1.68,7.91,0.71,2.85,1.68,5.74,158.07,320.69,2.35
1983-05-20,0.06,1.64,7.47,0.60,2.40,1.67,5.69,161.10,318.24,2.51
1983-05-21,4.05,1.82,7.87,0.61,2.42,1.96,5.68,174.00,316.98,2.33
1983-05-22,1.13,1.89,7.75,0.94,3.76,2.02,5.29,170.91,316.16,2.55
1983-05-23,0.00,2.68,7.37,0.65,2.61,2.68,5.30,275.69,290.26,2.10
1983-05-24,0.01,2.22,9.08,0.55,2.18,2.23,6.29,213.99,314.96,2.43
1983-05-25,0.06,2.17,8.96,0.46,1.83,2.24,6.20,210.14,315.28,2.75
1983-05-26,0.07,2.28,7.94,0.42,1.68,2.39,4.93,190.92,311.48,4.08
1983-05-27,16.81,0.96,5.60,0.56,2.24,1.20,4.77,64.93,320.24,5.69
1983-05-28,1.17,0.63,6.31,3.45,13.80,0.81,5.60,65.17,325.31,5.35
1983-05-29,0.16,1.25,7.46,1.30,5.19,1.38,5.84,116.54,329.81,2.91
1983-05-30,2.53,1.58,7.74,0.79,3.15,1.72,5.60,141.82,324.93,2.55
1983-05-31,0.25,1.86,9.08,0.72,2.86,1.97,6.51,179.61,324.34,2.83
1983-06-01,13.16,0.65,8.54,3.28,13.10,0.82,6.62,66.01,336.50,4.66
1983-06-02,2.41,1.16,8.29,2.50,10.00,1.32,6.59,121.12,333.73,3.22
1983-06-03,2.29,0.84,8.42,1.61,6.42,0.98,6.00,66.38,335.18,3.04
1983-06-04,0.20,2.25,10.55,1.64,6.56,2.38,7.03,211.43,324.10,3.24
1983-06-05,0.01,1.97,8.93,0.87,3.48,1.99,6.41,198.81,318.99,3.65
1983-06-06,0.00,3.17,7.80,0.63,2.50,3.17,5.17,336.34,277.54,3.83
1983-06-07,9.66,2.01,10.69,1.15,4.58,2.16,6.72,166.49,334.56,2.88
1983-06-08,1.24,2.22,14.13,1.88,7.53,2.39,8.89,179.62,349.55,3.93
1983-06-09,0.00,2.68,12.96,0.89,3.56,2.69,7.36,199.58,338.01,4.62
1983-06-10,1.79,2.59,11.32,0.61,2.42,2.80,6.10,177.31,333.49,4.64
1983-06-11,2.12,1.75,12.25,0.61,2.45,1.97,7.93,142.07,348.62,5.38
1983-06-12,0.00,3.96,11.10,0.54,2.16,3.97,5.49,329.03,292.48,5.98
1983-06-13,3.27,2.35,9.63,0.43,1.72,2.59,5.53,164.37,328.03,5.53
1983-06-14,0.68,3.87,10.43,0.45,1.81,4.17,4.91,279.44,299.79,8.69
1983-06-15,0.00,3.79,9.86,0.39,1.56,3.79,4.66,307.62,289.23,5.33
1983-06-16,0.02,0.87,8.19,0.35,1.40,0.89,5.63,67.81,333.54,2.20
1983-06-17,0.00,2.23,12.09,0.35,1.38,2.24,7.21,175.42,339.95,2.54
1983-06-18,0.00,3.38,13.55,0.33,1.32,3.38,8.10,285.94,323.27,2.35
1983-06-19,0.00,4.08,14.49,0.30,1.21,4.08,8.07,333.68,315.86,2.19
1983-06-20,0.00,3.23,14.20,0.29,1.14,3.23,8.43,267.85,330.74,3.71
1983-06-21,0.00,2.45,11.88,0.28,1.10,2.45,7.20,202.69,332.83,3.43
1983-06-22,0.80,2.79,13.33,0.27,1.09,2.89,8.27,234.76,334.01,2.32
1983-06-23,0.00,0.86,10.33,0.27,1.09,0.86,7.10,67.86,345.01,3.82
1983-06-24,0.00,2.31,11.36,0.27,1.08,2.31,6.58,179.44,334.62,2.75
1983-06-25,0.00,2.93,13.53,0.27,1.06,2.93,7.71,228.01,335.02,3.66
1983-06-26,0.00,2.94,13.79,0.24,0.97,2.94,7.76,217.49,338.57,5.16
1983-06-27,0.13,3.47,11.64,0.23,0.92,3.56,5.30,229.75,319.02,5.11
1983-06-28,7.47,1.25,10.94,0.24,0.95,1.44,7.85,122.42,346.72,4.42
1983-06-29,0.01,2.82,12.55,0.31,1.24,2.85,6.79,198.27,335.50,5.03
1983-06-30,0.03,2.04,10.83,0.27,1.07,2.07,6.51,160.59,336.38,2.39
1983-07-01,4.21,2.19,11.45,0.25,1.01,2.38,6.58,153.83,340.45,4.10
1983-07-02,0.01,4.06,13.31,0.27,1.08,4.09,6.10,279.62,314.25,6.00
1983-07-03,0.00,2.46,13.72,0.24,0.98,2.46,7.64,151.08,352.79,5.67
1983-07-04,0.00,3.48,15.27,0.23,0.91,3.48,7.66,233.59,339.23,4.09
1983-07-05,0.00,3.48,16.99,0.20,0.81,3.48,9.07,248.05,346.22,2.35
1983-07-06,0.49,3.43,16.17,0.20,0.78,3.52,8.88,256.63,340.20,2.16
1983-07-07,0.00,1.77,16.07,0.20,0.78,1.77,9.72,122.88,370.35,1.98
1983-07-08,9.52,2.67,16.60,0.44,1.75,2.74,10.38,206.48,355.18,1.71
1983-07-09,0.01,2.56,16.32,0.30,1.20,2.57,10.52,205.53,354.07,2.33
1983-07-10,0.08,2.25,15.32,0.22,0.86,2.30,9.53,174.68,355.35,2.30
1983-07-11,0.00,3.18,16.67,0.20,0.81,3.18,9.87,243.36,346.67,2.12
1983-07-12,15.35,3.33,18.51,1.36,5.44,3.41,11.50,250.37,355.54,2.03
1983-07-13,0.00,3.04,17.31,0.52,2.07,3.04,9.72,211.18,356.08,2.94
1983-07-14,0.00,3.68,18.35,0.28,1.13,3.68,10.99,276.14,348.38,2.73
1983-07-15,0.00,3.65,17.98,0.22,0.90,3.65,9.46,221.99,355.79,5.22
1983-07-16,0.02,2.59,14.46,0.21,0.83,2.61,7.76,173.45,349.26,3.29
1983-07-17,22.29,2.84,16.68,1.03,4.13,2.96,9.33,200.18,354.63,2.61
1983-07-18,0.05,1.85,13.98,0.72,2.87,1.91,8.46,132.58,357.30,3.06
1983-07-19,0.11,1.63,11.77,0.35,1.38,1.68,7.24,122.61,348.64,2.27
1983-07-20,0.00,2.42,13.36,0.28,1.11,2.42,7.31,182.28,340.65,2.02
1983-07-21,0.00,4.14,16.48,0.24,0.96,4.14,8.64,318.82,321.78,2.58
1983-07-22,0.14,3.82,17.06,0.21,0.84,3.90,8.87,276.63,335.17,2.87
1983-07-23,0.89,2.20,15.76,0.20,0.78,2.32,9.44,161.05,358.51,2.66
1983-07-24,1.85,1.94,16.00,0.20,0.79,2.05,9.82,141.81,363.88,2.50
1983-07-25,0.16,1.68,16.04,0.20,0.81,1.74,10.46,133.35,365.33,2.04
1983-07-26,0.01,2.32,16.71,0.19,0.78,2.32,10.45,179.24,358.56,2.26
1983-07-27,0.00,2.75,16.00,0.19,0.76,2.75,9.15,201.11,348.87,3.16
1983-07-28,0.00,2.45,16.09,0.19,0.75,2.45,8.89,149.52,361.66,3.98
1983-07-29,0.00,4.06,18.20,0.18,0.70,4.06,9.64,269.44,341.32,5.76
1983-07-30,0.00,3.02,14.42,0.17,0.66,3.02,7.29,215.97,333.20,3.10
1983-07-31,4.60,1.85,14.77,0.18,0.70,1.98,9.06,137.41,357.76,2.89
1983-08-01,7.89,2.10,11.36,0.24,0.97,2.27,6.54,158.00,333.56,3.44
1983-08-02,0.28,2.41,10.91,0.25,0.99,2.55,6.08,198.78,318.30,2.75
1983-08-03,0.37,2.28,11.39,0.20,0.81,2.45,6.28,148.36,335.26,5.11
1983-08-04,0.00,2.83,14.90,0.19,0.76,2.83,7.90,195.31,340.01,3.96
1983-08-05,0.00,2.39,13.58,0.18,0.70,2.39,7.29,179.50,337.21,2.37
1983-08-06,0.00,2.77,14.86,0.17,0.68,2.77,8.39,224.14,332.18,2.04
1983-08-07,0.00,2.30,15.03,0.16,0.65,2.30,9.02,184.66,344.59,2.34
1983-08-08,0.00,2.30,14.29,0.16,0.66,2.30,8.34,183.64,340.19,2.34
1983-08-09,0.00,2.69,14.51,0.16,0.65,2.69,8.23,216.37,331.21,2.83
1983-08-10,0.00,2.91,15.74,0.16,0.64,2.91,8.77,234.25,332.02,1.93
1983-08-11,0.00,2.93,15.23,0.15,0.61,2.93,8.66,237.47,328.31,3.14
1983-08-12,0.00,3.56,15.10,0.15,0.59,3.56,7.31,241.43,321.06,5.25
1983-08-13,0.00,3.18,15.88,0.15,0.59,3.18,7.08,207.77,333.58,2.98
1983-08-14,0.00,3.76,17.80,0.15,0.58,3.76,9.19,266.41,329.52,4.11
1983-08-15,2.90,2.97,17.51,0.15,0.60,3.19,8.76,124.19,370.42,6.08
1983-08-16,0.00,2.10,14.82,0.17,0.66,2.11,8.41,147.11,350.08,3.31
1983-08-17,0.67,1.99,13.98,0.16,0.64,2.11,8.33,157.27,342.83,2.92
1983-08-18,0.00,2.39,17.37,0.16,0.62,2.39,10.35,181.29,353.14,2.75
1983-08-19,0.01,2.37,16.50,0.15,0.61,2.37,9.97,190.79,345.72,2.60
1983-08-20,1.54,1.66,15.82,0.16,0.63,1.78,9.92,129.16,359.30,2.87
1983-08-21,0.00,2.11,17.16,0.16,0.64,2.11,10.38,166.02,355.12,2.00
1983-08-22,0.01,1.51,14.76,0.15,0.61,1.52,9.87,137.41,351.36,2.26
1983-08-23,5.54,1.25,15.21,0.17,0.68,1.32,9.87,104.53,362.22,1.63
1983-08-24,0.16,1.17,15.28,0.18,0.73,1.23,9.99,96.74,364.38,2.14
1983-08-25,0.00,1.50,16.39,0.17,0.68,1.50,9.91,115.31,364.29,1.60
1983-08-26,0.00,2.23,16.52,0.16,0.64,2.23,9.38,173.45,346.14,2.18
1983-08-27,0.77,1.81,15.24,0.16,0.64,1.97,8.89,123.10,355.41,3.64
1983-08-28,0.00,2.18,12.64,0.16,0.63,2.18,6.03,145.01,330.28,2.87
1983-08-29,0.00,2.17,11.71,0.15,0.60,2.17,5.82,162.77,318.37,2.80
1983-08-30,0.00,2.73,14.49,0.15,0.59,2.73,7.71,218.98,314.88,3.83
1983-08-31,10.57,2.02,12.83,0.15,0.61,2.15,7.32,174.65,322.38,2.58
1983-09-01,0.40,1.55,14.38,0.21,0.84,1.67,9.22,139.45,343.85,2.67
1983-09-02,12.53,1.37,11.83,0.22,0.89,1.59,7.43,89.11,347.68,5.65
1983-09-03,0.36,1.73,13.53,0.34,1.34,1.93,8.29,119.13,344.96,7.58
1983-09-04,3.93,2.03,12.04,0.23,0.93,2.28,6.61,108.57,339.20,6.41
1983-09-05,2.50,3.22,12.18,0.21,0.84,3.53,5.66,175.51,308.07,9.15
1983-09-06,0.07,2.48,9.81,0.20,0.79,2.60,5.16,182.25,293.40,6.45
1983-09-07,0.98,1.38,8.65,0.18,0.71,1.52,5.37,119.89,315.25,2.55
1983-09-08,8.17,0.72,10.97,0.20,0.80,0.86,7.92,73.17,347.42,3.52
1983-09-09,6.47,1.39,11.85,0.29,1.17,1.55,7.37,116.24,334.03,3.46
1983-09-10,21.92,0.88,9.05,0.34,1.36,1.11,6.67,82.02,333.84,5.96
1983-09-11,0.44,1.17,9.08,1.78,7.10,1.47,6.34,85.94,331.42,9.08
1983-09-12,0.03,1.58,8.48,0.58,2.33,1.60,5.00,100.19,318.60,4.45
1983-09-13,1.05,1.00,9.12,0.33,1.33,1.12,6.07,85.70,330.21,2.41
1983-09-14,5.09,0.96,10.81,0.28,1.13,1.09,7.39,92.90,336.18,2.95
1983-09-15,4.74,1.17,11.86,0.41,1.63,1.35,7.81,108.70,334.20,4.49
1983-09-16,3.68,1.13,11.29,0.52,2.08,1.31,7.20,85.92,339.91,4.05
1983-09-17,3.37,1.64,11.62,0.40,1.60,1.86,6.74,113.44,327.38,5.17
1983-09-18,4.37,2.42,11.17,0.35,1.40,2.73,5.91,154.57,302.21,8.61
1983-09-19,6.50,2.04,11.22,0.47,1.89,2.35,6.41,135.28,312.81,8.83
1983-09-20,2.69,1.52,9.93,0.59,2.34,1.76,5.89,89.01,327.58,5.64
1983-09-21,0.04,0.88,7.73,0.41,1.63,0.92,5.68,99.01,312.52,2.02
1983-09-22,1.01,1.09,8.10,0.31,1.24,1.21,5.65,126.70,299.65,2.39
1983-09-23,0.06,1.36,12.81,0.27,1.08,1.40,7.50,101.26,335.30,3.70
1983-09-24,2.90,0.49,11.81,0.26,1.04,0.62,8.68,69.95,345.91,4.18
1983-09-25,0.02,1.09,7.99,0.26,1.03,1.11,5.38,105.77,305.87,3.09
1983-09-26,0.02,0.65,12.15,0.24,0.97,0.67,8.83,96.71,334.70,4.12
1983-09-27,0.02,1.27,15.00,0.23,0.90,1.30,9.14,108.57,340.89,3.63
1983-09-28,1.13,0.46,10.98,0.22,0.87,0.59,8.08,56.67,346.28,4.45
1983-09-29,2.06,0.52,10.20,0.22,0.89,0.68,7.52,56.91,342.00,5.14
1983-09-30,0.39,1.02,10.22,0.27,1.06,1.23,6.60,58.95,339.74,5.31
1983-10-01,4.18,0.77,11.95,0.26,1.04,0.95,7.95,52.37,351.57,4.99
1983-10-02,0.30,0.98,12.98,0.36,1.43,1.09,8.14,72.96,344.56,4.25
1983-10-03,9.09,1.29,14.54,0.30,1.21,1.48,8.60,83.42,345.44,4.86
1983-10-04,3.14,0.94,14.91,1.76,7.04,1.18,9.72,65.09,357.03,7.26
1983-10-05,0.91,1.65,11.85,0.78,3.11,1.94,6.82,92.72,322.86,7.85
1983-10-06,3.54,0.46,10.78,0.47,1.89,0.60,7.38,26.65,347.24,4.70
1983-10-07,2.75,1.20,9.16,0.63,2.50,1.41,5.70,97.77,303.15,4.90
1983-10-08,5.86,0.90,7.74,0.75,3.00,1.12,5.46,48.77,328.11,5.21
1983-10-09,4.72,0.72,8.25,0.96,3.84,0.87,5.74,48.70,330.35,3.47
1983-10-10,1.24,0.94,8.26,1.06,4.23,1.17,5.78,93.99,299.23,5.54
1983-10-11,2.60,1.35,7.89,0.59,2.36,1.62,5.06,103.11,286.91,6.75
1983-10-12,3.49,0.80,9.86,0.79,3.15,1.04,6.77,45.90,339.17,6.85
1983-10-13,1.72,1.55,8.79,0.70,2.78,1.85,5.19,58.09,321.44,7.75
1983-10-14,3.36,1.26,8.41,0.52,2.08,1.53,5.34,77.67,304.73,6.74
1983-10-15,22.54,0.59,7.74,2.49,9.94,0.85,6.11,42.17,329.72,8.34
1983-10-16,11.11,0.81,6.54,5.93,23.70,1.11,5.30,55.01,312.52,8.64
1983-10-17,1.03,1.51,8.74,2.03,8.13,1.78,4.98,71.50,305.71,6.58
1983-10-18,2.20,0.28,9.83,1.02,4.07,0.46,7.53,45.91,335.82,8.42
1983-10-19,0.42,1.60,7.87,0.83,3.30,1.88,4.63,86.67,285.66,7.77
1983-10-20,0.00,0.63,5.58,0.59,2.35,0.63,4.52,68.45,291.14,3.27
1983-10-21,0.00,0.38,3.16,0.47,1.89,0.38,3.67,90.18,258.88,1.68
1983-10-22,0.00,0.50,3.34,0.41,1.63,0.50,3.98,63.09,282.58,3.33
1983-10-23,0.50,0.39,5.50,0.39,1.55,0.53,5.23,49.10,306.96,5.25
1983-10-24,1.40,0.55,3.56,0.36,1.45,0.65,3.42,77.73,264.34,2.40
1983-10-25,0.04,0.61,5.68,0.35,1.40,0.70,5.07,32.19,320.58,7.33
1983-10-26,0.05,0.84,9.05,0.34,1.34,0.87,6.06,54.23,316.01,6.32
1983-10-27,5.49,0.68,8.72,0.42,1.68,0.86,6.00,38.31,328.53,4.85
1983-10-28,0.00,0.48,3.58,0.51,2.04,0.49,4.07,63.79,276.27,3.95
1983-10-29,0.55,0.76,2.67,0.37,1.49,0.93,3.14,64.46,265.00,3.93
1983-10-30,0.54,0.04,5.82,0.36,1.42,0.09,5.89,44.22,308.43,9.29
1983-10-31,0.37,1.30,9.24,0.34,1.36,1.51,4.97,43.95,317.93,5.17
1983-11-01,0.38,0.00,10.35,0.32,1.28,0.01,8.24,35.74,336.81,5.82
1983-11-02,1.11,0.16,7.51,0.32,1.26,0.20,5.66,15.28,330.63,1.98
1983-11-03,2.35,0.00,8.36,0.35,1.41,0.00,7.27,14.95,336.02,1.82
1983-11-04,0.00,0.09,8.07,0.43,1.70,0.09,6.33,39.93,317.86,1.59
1983-11-05,0.00,0.32,5.88,0.36,1.42,0.32,5.11,41.49,302.64,3.62
1983-11-06,0.00,0.55,7.04,0.32,1.29,0.55,5.20,37.19,311.54,4.25
1983-11-07,0.01,0.17,8.33,0.30,1.21,0.18,6.44,38.39,318.05,3.35
1983-11-08,0.16,0.16,9.67,0.29,1.15,0.18,6.89,28.51,335.23,2.02
1983-11-09,0.26,0.09,8.41,0.28,1.12,0.11,6.13,36.60,317.75,1.44
1983-11-10,1.36,0.00,6.82,0.28,1.10,0.00,6.42,27.26,322.41,3.23
1983-11-11,2.13,0.27,7.33,0.34,1.37,0.35,5.82,28.45,321.11,3.62
1983-11-12,0.13,0.09,6.90,0.48,1.90,0.11,5.98,21.00,328.45,2.30
1983-11-13,0.01,0.43,5.23,0.41,1.62,0.44,4.28,23.90,312.35,2.72
1983-11-14,0.05,0.28,3.10,0.33,1.33,0.30,3.55,44.01,271.40,2.58
1983-11-15,0.35,0.21,3.30,0.31,1.22,0.28,4.30,37.83,283.99,4.17
1983-11-16,0.00,0.29,5.21,0.29,1.14,0.29,4.75,31.28,301.13,3.59
1983-11-17,0.00,0.04,4.60,0.28,1.10,0.04,4.98,11.05,316.69,2.39
1983-11-18,0.00,0.25,5.30,0.26,1.05,0.25,4.60,19.24,317.43,2.08
1983-11-19,0.05,0.71,5.75,0.25,1.01,0.79,4.49,19.54,317.81,4.95
1983-11-20,0.00,0.28,3.94,0.25,0.98,0.28,4.24,36.34,282.66,3.99
1983-11-21,0.00,0.29,-0.33,0.24,0.95,0.29,2.88,33.83,262.55,3.56
1983-11-22,0.00,0.29,-1.53,0.22,0.86,0.29,2.35,41.52,241.80,3.12
1983-11-23,0.00,0.01,-0.03,0.22,0.86,0.01,3.41,34.57,264.30,2.07
1983-11-24,0.62,0.35,1.82,0.21,0.85,0.42,2.98,21.00,289.13,2.33
1983-11-25,3.42,0.00,4.32,0.26,1.04,0.00,6.50,17.16,316.64,4.22
1983-11-26,4.49,0.07,8.37,0.40,1.59,0.10,6.59,17.27,333.51,2.99
1983-11-27,2.61,0.00,7.27,0.53,2.13,0.00,6.29,16.11,329.78,1.85
1983-11-28,0.01,0.43,5.92,0.56,2.22,0.45,4.71,29.67,295.25,4.53
1983-11-29,0.00,0.17,2.53,0.41,1.64,0.17,3.55,33.66,269.27,2.83
1983-11-30,0.10,0.13,0.60,0.31,1.25,0.15,3.08,10.64,292.89,1.71
1983-12-01,0.00,0.07,2.95,0.30,1.21,0.07,4.57,14.90,308.19,4.38
1983-12-02,0.00,0.53,4.98,0.30,1.18,0.53,4.35,19.46,306.12,4.73
1983-12-03,0.00,0.13,6.55,0.28,1.11,0.13,5.67,18.09,318.95,4.01
1983-12-04,2.49,0.78,6.64,0.27,1.09,1.03,4.86,16.39,319.99,6.27
1983-12-05,0.00,0.23,5.96,0.35,1.39,0.23,5.18,26.52,297.74,5.20
1983-12-06,0.00,0.08,1.62,0.32,1.28,0.08,3.51,31.08,264.55,2.85
1983-12-07,3.61,0.66,2.08,0.28,1.10,0.82,2.85,15.59,292.71,3.55
1983-12-08,22.54,0.00,3.54,1.34,5.34,0.00,6.25,13.47,314.47,4.67
1983-12-09,3.69,0.47,4.77,6.36,25.40,0.73,4.78,7.75,316.81,8.55
1983-12-10,0.00,0.31,-0.39,1.74,6.94,0.31,2.89,27.14,259.26,4.55
1983-12-11,1.59,0.19,-2.18,0.87,3.46,0.25,2.61,13.41,278.83,2.69
1983-12-12,0.27,0.02,-0.01,0.68,2.72,0.04,3.31,32.59,252.34,3.12
1983-12-13,1.99,0.04,2.52,1.35,5.41,0.06,4.53,7.50,306.91,7.54
1983-12-14,9.35,0.04,4.83,1.77,7.08,0.07,5.35,12.84,318.48,6.18
1983-12-15,0.25,0.00,2.28,2.88,11.50,0.00,4.29,17.71,294.55,1.23
1983-12-16,1.21,0.00,1.25,1.42,5.69,0.00,4.22,14.59,296.80,2.59
1983-12-17,10.02,0.00,2.79,3.13,12.50,0.00,4.73,7.36,308.61,4.76
1983-12-18,5.10,0.07,2.61,2.53,10.10,0.12,4.41,13.51,304.91,4.46
1983-12-19,10.10,0.25,4.20,5.51,22.00,0.41,4.83,12.76,314.25,7.13
1983-12-20,6.82,0.02,5.05,4.66,18.60,0.04,5.41,12.97,318.68,4.97
1983-12-21,0.60,0.01,5.17,3.45,13.80,0.02,5.38,7.33,320.04,3.99
1983-12-22,8.35,0.09,3.96,3.43,13.70,0.12,4.66,14.02,309.99,2.95
1983-12-23,24.37,0.01,3.53,5.36,21.40,0.02,4.74,14.09,308.41,2.85
1983-12-24,10.92,0.43,5.32,12.66,50.60,0.61,4.85,12.76,319.07,5.45
1983-12-25,10.55,0.57,5.18,5.56,22.20,0.85,4.64,25.98,289.03,8.35
1983-12-26,2.18,0.57,6.59,6.08,24.30,0.73,4.30,29.27,285.29,4.21
1983-12-27,1.87,0.00,7.14,3.43,13.70,0.00,7.53,14.37,327.67,8.91
1983-12-28,0.75,0.50,9.18,3.00,12.00,0.68,6.31,15.74,332.82,5.58
1983-12-29,5.69,0.11,6.73,2.43,9.71,0.16,5.91,14.40,324.66,4.96
1983-12-30,0.35,1.07,4.42,2.68,10.70,1.27,3.44,26.68,279.45,6.68
1983-12-31,10.43,0.41,5.75,2.28,9.10,0.70,5.34,14.31,320.08,11.02
1984-01-01,7.14,0.75,5.15,5.61,22.40,1.06,4.52,17.30,308.40,8.48
1984-01-02,13.29,1.01,4.07,8.66,34.60,1.34,3.86,13.55,310.41,8.48
1984-01-03,0.57,0.46,0.51,3.68,14.70,0.78,3.47,19.88,281.25,10.97
1984-01-04,0.81,0.45,1.58,1.65,6.58,0.65,3.25,30.57,261.77,5.27
1984-01-05,0.14,0.00,2.01,2.38,9.49,0.00,4.62,22.89,287.16,5.44
1984-01-06,1.96,0.29,4.03,1.79,7.14,0.42,4.42,19.17,301.83,4.53
1984-01-07,1.01,0.73,1.79,1.69,6.75,1.04,3.33,26.24,273.92,8.10
1984-01-08,0.11,0.36,1.38,1.15,4.58,0.51,3.65,21.83,284.04,6.58
1984-01-09,0.87,0.65,1.25,0.90,3.58,0.81,2.66,13.79,292.52,3.48
1984-01-10,5.68,0.00,3.35,1.40,5.61,0.00,5.33,15.42,311.53,5.94
1984-01-11,6.40,0.33,6.34,3.85,15.40,0.52,5.56,17.80,320.27,7.44
1984-01-12,17.36,1.28,4.41,4.18,16.70,1.62,3.49,27.12,286.10,8.46
1984-01-13,6.58,0.62,2.01,10.21,40.80,0.96,3.69,27.47,279.29,10.26
1984-01-14,2.78,0.41,-0.36,2.58,10.30,0.66,3.21,18.77,284.93,7.59
1984-01-15,4.79,0.42,-1.16,1.67,6.67,0.69,3.01,19.20,280.63,7.94
1984-01-16,14.46,0.60,0.89,2.53,10.10,0.92,3.37,12.43,295.68,8.77
1984-01-17,1.22,0.25,-0.07,3.10,12.40,0.41,3.44,21.18,284.93,6.37
1984-01-18,0.12,0.32,-0.37,1.93,7.70,0.42,3.14,34.63,260.24,6.07
1984-01-19,3.23,0.26,-1.55,1.31,5.24,0.40,2.82,38.86,248.66,4.98
1984-01-20,0.06,0.05,-3.93,0.89,3.57,0.06,2.13,36.31,240.55,1.45
1984-01-21,3.69,0.01,-4.06,0.86,3.45,0.02,2.76,34.45,249.59,5.83
1984-01-22,2.77,0.00,-1.76,0.90,3.61,0.00,3.38,19.60,284.37,5.40
1984-01-23,15.66,0.08,-1.36,0.79,3.17,0.14,3.31,11.12,286.88,5.64
1984-01-24,0.15,0.05,-1.79,0.84,3.36,0.07,3.09,25.93,274.40,2.54
1984-01-25,2.69,0.03,-3.63,0.84,3.34,0.04,2.57,35.05,252.44,1.99
1984-01-26,12.91,0.04,-2.95,0.95,3.81,0.07,3.00,17.23,279.25,4.65
1984-01-27,2.45,0.00,-0.72,2.90,11.60,0.00,4.41,12.10,293.91,2.40
1984-01-28,7.66,0.04,1.26,4.76,19.00,0.06,4.02,28.66,289.70,2.93
1984-01-29,0.74,0.03,2.21,6.26,25.00,0.04,4.26,39.48,280.49,2.86
1984-01-30,5.77,0.23,0.91,4.61,18.40,0.32,3.62,27.52,289.67,3.66
1984-01-31,0.00,0.12,0.19,3.28,13.10,0.12,3.18,50.81,254.86,2.30
1984-02-01,10.44,0.13,-0.35,5.03,20.10,0.19,3.41,13.50,291.18,3.89
1984-02-02,1.26,0.18,2.34,10.86,43.40,0.29,4.31,30.99,297.38,5.39
1984-02-03,2.09,0.28,3.44,12.29,49.10,0.44,4.51,55.04,277.62,6.26
1984-02-04,5.15,0.64,4.39,23.35,93.30,0.88,4.34,32.52,305.22,6.06
1984-02-05,7.54,0.81,1.86,9.31,37.20,1.10,3.34,48.06,274.90,7.21
1984-02-06,9.23,0.57,1.93,9.69,38.70,0.86,3.77,31.17,296.19,8.08
1984-02-07,4.69,0.68,0.98,4.36,17.40,1.02,3.35,65.15,257.55,9.11
1984-02-08,0.01,0.73,1.85,3.83,15.30,0.75,3.49,73.43,254.70,7.95
1984-02-09,0.01,0.63,2.84,2.53,10.10,0.65,3.39,72.12,259.46,3.79
1984-02-10,0.21,0.09,4.09,4.78,19.10,0.12,5.09,36.57,307.25,2.97
1984-02-11,0.20,0.21,5.51,4.18,16.70,0.23,4.97,42.79,307.48,1.53
1984-02-12,0.00,0.34,4.32,3.45,13.80,0.34,4.64,38.07,306.74,3.43
1984-02-13,0.00,0.40,0.90,2.29,9.13,0.40,3.34,44.34,282.94,3.20
1984-02-14,0.05,0.14,0.43,1.42,5.68,0.15,3.52,44.38,283.13,1.20
1984-02-15,0.00,0.18,-0.27,1.24,4.95,0.18,3.31,54.23,272.15,1.67
1984-02-16,0.00,0.36,-0.43,1.05,4.18,0.36,3.22,33.80,288.54,4.20
1984-02-17,0.00,0.22,2.29,1.09,4.37,0.22,4.35,38.94,300.57,4.54
1984-02-18,0.00,0.53,2.56,1.15,4.60,0.53,3.90,69.21,276.27,4.68
1984-02-19,0.00,0.78,0.17,0.90,3.61,0.78,2.90,59.81,270.12,5.92
1984-02-20,3.32,0.50,-0.35,0.75,3.00,0.73,3.16,43.71,283.26,5.78
1984-02-21,4.11,0.35,1.66,1.07,4.26,0.55,4.02,42.32,296.82,6.65
1984-02-22,1.33,0.07,2.98,2.25,8.97,0.11,4.76,27.50,309.41,4.41
1984-02-23,0.03,0.48,2.05,1.87,7.46,0.52,3.49,37.36,300.69,2.58
1984-02-24,1.06,0.14,1.36,1.21,4.85,0.18,3.70,22.19,299.13,1.89
1984-02-25,0.04,0.20,1.04,1.08,4.33,0.22,3.96,40.20,298.12,1.96
1984-02-26,1.42,0.39,1.01,0.92,3.69,0.50,3.53,44.53,293.60,2.74
1984-02-27,0.03,0.36,1.28,0.89,3.57,0.38,3.76,54.94,289.50,2.64
1984-02-28,0.04,0.57,2.37,0.79,3.17,0.61,3.60,59.57,290.30,2.75
1984-02-29,0.00,0.47,3.64,0.86,3.43,0.47,4.47,54.73,303.06,3.95
1984-03-01,5.65,0.61,4.07,1.36,5.42,0.80,4.43,47.19,310.20,4.74
1984-03-02,2.33,0.98,1.29,2.12,8.46,1.34,3.32,62.46,285.63,10.06
1984-03-03,5.81,1.21,2.85,1.33,5.33,1.45,3.17,106.53,264.37,4.92
1984-03-04,0.97,0.21,5.48,3.60,14.40,0.30,5.80,52.39,318.34,3.88
1984-03-05,0.01,0.89,6.89,2.02,8.07,0.91,4.98,99.73,295.10,2.81
1984-03-06,0.11,1.04,7.06,1.33,5.30,1.15,4.82,74.66,310.45,3.90
1984-03-07,0.14,0.41,5.27,1.04,4.15,0.45,5.12,47.93,319.43,2.01
1984-03-08,0.00,0.42,3.71,0.87,3.46,0.42,4.34,50.42,310.25,1.42
1984-03-09,0.80,0.43,3.63,0.73,2.93,0.49,4.30,51.31,309.75,1.41
1984-03-10,1.31,0.56,4.40,0.75,2.99,0.70,4.63,51.20,314.60,3.35
1984-03-11,3.64,0.58,4.51,0.80,3.19,0.70,4.59,56.84,312.48,2.79
1984-03-12,2.68,0.59,3.09,1.44,5.74,0.75,4.30,73.61,297.89,3.86
1984-03-13,2.67,0.76,2.12,1.42,5.69,1.01,3.67,54.33,301.47,5.58
1984-03-14,0.17,0.49,2.28,1.23,4.92,0.65,3.88,31.60,303.47,5.16
1984-03-15,0.16,0.78,1.93,0.90,3.60,0.87,3.49,72.37,291.96,3.67
1984-03-16,0.23,0.72,1.01,0.73,2.93,0.83,3.41,103.90,274.06,2.24
1984-03-17,0.47,0.50,0.22,0.68,2.71,0.59,3.40,70.49,287.20,2.02
1984-03-18,0.19,0.65,0.71,0.66,2.63,0.73,3.27,86.81,281.34,1.90
1984-03-19,0.02,0.76,0.49,0.61,2.43,0.77,3.02,99.05,274.14,2.02
1984-03-20,0.09,0.64,0.70,0.56,2.23,0.69,3.03,69.67,288.64,1.89
1984-03-21,0.00,0.77,2.29,0.53,2.10,0.77,3.62,83.73,292.23,2.53
1984-03-22,0.00,0.86,2.07,0.49,1.96,0.86,3.58,98.45,285.37,3.11
1984-03-23,11.75,0.77,2.69,0.50,2.00,1.07,4.03,66.04,304.35,7.38
1984-03-24,14.88,0.36,2.48,5.76,23.00,0.57,4.52,64.71,306.24,7.18
1984-03-25,22.35,0.82,2.32,7.43,29.70,1.04,3.95,100.67,289.22,4.86
1984-03-26,6.15,0.42,2.82,13.47,53.80,0.60,4.58,65.07,308.14,4.97
1984-03-27,1.09,0.75,3.59,3.85,15.40,0.87,4.58,102.21,297.29,2.54
1984-03-28,7.30,0.72,3.98,3.48,13.90,0.83,4.66,91.61,303.74,2.13
1984-03-29,3.48,1.04,3.61,3.45,13.80,1.17,4.19,131.58,285.30,2.46
1984-03-30,1.18,0.88,2.32,2.53,10.10,1.05,3.98,118.30,285.40,3.22
1984-03-31,2.00,1.05,0.88,1.88,7.52,1.31,3.40,145.58,267.50,5.12
1984-04-01,0.34,1.43,1.68,1.47,5.87,1.62,3.18,169.22,261.49,4.85
1984-04-02,0.01,1.19,1.88,1.12,4.46,1.19,3.60,163.27,268.00,2.59
1984-04-03,0.00,1.30,1.88,0.93,3.73,1.30,3.36,168.27,265.29,2.65
1984-04-04,0.00,1.74,2.75,0.78,3.12,1.74,3.15,203.28,254.60,3.42
1984-04-05,0.34,1.40,2.00,0.68,2.71,1.53,3.60,196.91,258.95,2.07
1984-04-06,2.06,0.31,2.11,0.67,2.66,0.43,4.34,51.48,304.62,4.01
1984-04-07,0.11,0.86,4.01,0.70,2.78,0.93,4.59,101.61,304.75,2.20
1984-04-08,0.39,0.87,4.85,0.64,2.55,1.00,4.63,83.44,314.72,2.68
1984-04-09,0.86,0.97,4.53,0.61,2.45,1.08,4.41,93.82,309.48,2.76
1984-04-10,2.41,0.49,4.53,0.68,2.70,0.63,5.03,59.98,316.45,3.81
1984-04-11,1.81,1.79,5.57,0.82,3.29,2.05,4.29,175.04,286.53,5.50
1984-04-12,0.01,1.52,3.87,0.63,2.52,1.55,3.93,162.39,283.45,5.08
1984-04-13,0.03,1.85,7.58,0.53,2.11,1.93,4.85,127.40,313.70,6.58
1984-04-14,1.05,1.88,8.23,0.50,2.01,2.16,5.22,139.18,314.23,6.71
1984-04-15,0.08,1.92,4.68,0.47,1.89,2.00,3.73,190.21,277.70,4.23
1984-04-16,0.11,2.09,4.46,0.42,1.68,2.24,3.76,229.20,265.37,4.97
1984-04-17,0.29,1.84,3.84,0.38,1.52,2.02,3.56,198.38,272.45,3.39
1984-04-18,0.28,1.30,6.96,0.38,1.52,1.52,5.09,88.58,326.29,5.63
1984-04-19,0.06,1.67,8.86,0.38,1.53,1.80,5.53,107.95,329.83,5.53
1984-04-20,0.00,1.78,10.49,0.38,1.51,1.78,6.49,142.15,329.01,4.39
1984-04-21,0.00,2.95,11.16,0.35,1.41,2.95,5.05,179.77,315.20,5.22
1984-04-22,0.00,2.24,7.01,0.32,1.29,2.24,4.84,238.04,281.71,3.16
1984-04-23,0.00,2.65,6.81,0.31,1.22,2.65,4.32,281.62,265.21,2.81
1984-04-24,0.00,2.76,8.50,0.30,1.18,2.76,5.04,279.81,276.31,2.17
1984-04-25,0.00,2.88,9.47,0.28,1.13,2.88,5.83,294.10,280.59,2.53
1984-04-26,0.00,2.18,7.81,0.28,1.10,2.18,5.04,212.37,295.34,2.67
1984-04-27,0.00,2.19,8.34,0.27,1.09,2.19,5.57,220.92,297.83,2.15
1984-04-28,0.00,2.17,7.50,0.27,1.06,2.17,4.98,215.85,294.01,2.60
1984-04-29,0.00,2.36,7.52,0.26,1.04,2.36,5.03,241.68,287.49,3.90
1984-04-30,0.00,2.54,7.14,0.26,1.03,2.54,4.64,257.70,279.95,3.98
1984-05-01,0.00,2.39,7.34,0.27,1.06,2.39,5.47,275.32,282.76,3.84
1984-05-02,0.00,2.68,8.23,0.24,0.95,2.68,5.12,264.82,287.04,3.34
1984-05-03,1.18,2.05,6.82,0.23,0.92,2.18,5.39,225.90,294.34,2.48
1984-05-04,0.00,1.84,7.64,0.25,0.98,1.84,5.66,187.94,308.49,2.58
1984-05-05,0.00,1.48,7.00,0.23,0.92,1.48,5.81,158.16,314.29,2.15
1984-05-06,0.04,1.54,6.34,0.22,0.89,1.62,4.57,115.83,318.69,4.27
1984-05-07,0.00,2.08,4.76,0.22,0.87,2.08,3.63,183.38,290.53,4.60
1984-05-08,0.00,2.43,5.11,0.22,0.87,2.43,3.70,247.81,275.51,2.90
1984-05-09,1.02,1.41,5.79,0.22,0.87,1.53,4.62,131.55,313.22,2.08
1984-05-10,2.59,1.67,5.94,0.23,0.94,1.90,4.80,166.51,305.97,4.51
1984-05-11,0.00,2.90,7.09,0.23,0.93,2.90,4.86,313.45,273.63,3.42
1984-05-12,0.00,2.89,5.42,0.21,0.84,2.89,4.17,328.86,260.66,3.10
1984-05-13,0.00,3.42,6.53,0.20,0.81,3.42,3.75,350.99,255.40,2.77
1984-05-14,0.00,3.55,7.06,0.20,0.80,3.55,3.78,353.72,256.91,3.07
1984-05-15,0.00,2.60,7.06,0.20,0.79,2.60,4.33,246.60,288.95,2.56
1984-05-16,0.05,0.95,7.76,0.20,0.79,1.00,4.94,68.01,329.95,1.92
1984-05-17,0.00,1.93,8.58,0.20,0.80,1.93,5.63,168.35,320.45,3.14
1984-05-18,0.00,2.17,8.23,0.20,0.79,2.17,4.83,166.44,316.91,3.69
1984-05-19,0.00,2.48,8.20,0.19,0.76,2.48,5.27,233.95,302.16,2.73
1984-05-20,2.60,1.67,8.36,0.19,0.77,1.83,5.69,143.98,326.12,2.94
1984-05-21,1.64,1.49,7.59,0.19,0.77,1.68,5.51,127.00,326.54,4.05
1984-05-22,0.25,1.48,9.69,0.20,0.81,1.63,6.94,152.53,332.57,6.74
1984-05-23,0.00,3.52,12.14,0.20,0.81,3.52,6.40,291.45,308.45,3.55
1984-05-24,3.48,2.74,11.78,0.18,0.73,2.91,7.32,246.53,321.41,3.70
1984-05-25,1.05,0.93,7.38,0.20,0.81,1.10,5.39,64.69,329.47,3.88
1984-05-26,1.96,2.36,6.74,0.21,0.84,2.59,4.43,210.44,300.12,4.56
1984-05-27,0.52,1.35,5.16,0.20,0.81,1.48,4.69,129.51,314.16,4.79
1984-05-28,0.00,1.86,7.73,0.20,0.81,1.87,5.34,164.03,318.96,4.04
1984-05-29,0.00,2.84,8.72,0.19,0.78,2.84,5.34,265.61,299.07,2.79
1984-05-30,0.00,2.67,9.69,0.19,0.75,2.67,6.55,252.95,310.70,1.92
1984-05-31,3.18,3.14,11.04,0.18,0.73,3.32,6.82,294.78,307.49,3.73
1984-06-01,12.07,1.29,9.47,0.22,0.89,1.42,6.89,117.84,340.01,2.58
1984-06-02,4.28,2.78,10.67,0.39,1.54,2.94,6.37,245.72,314.41,3.18
1984-06-03,5.83,1.57,8.91,0.44,1.75,1.76,6.36,145.74,330.76,4.13
1984-06-04,2.64,1.48,9.12,0.39,1.54,1.62,6.55,134.45,334.62,2.61
1984-06-05,13.19,1.13,10.51,0.47,1.87,1.33,7.90,127.47,343.39,4.52
1984-06-06,0.05,0.96,11.48,1.07,4.26,1.04,7.47,67.00,350.55,3.83
1984-06-07,0.00,3.01,12.54,0.47,1.86,3.01,7.70,274.51,320.05,4.70
1984-06-08,0.00,3.08,10.07,0.29,1.17,3.08,6.34,303.63,299.29,4.12
1984-06-09,0.00,3.01,10.67,0.25,0.99,3.01,6.33,269.28,309.56,2.50
1984-06-10,0.00,1.93,10.13,0.22,0.87,1.93,6.63,166.96,332.14,2.43
1984-06-11,0.00,2.47,11.51,0.22,0.86,2.48,6.92,204.96,329.92,2.91
1984-06-12,2.09,2.48,12.89,0.20,0.78,2.73,7.23,155.31,348.07,6.52
1984-06-13,1.43,2.14,13.24,0.22,0.87,2.36,8.07,159.67,349.56,5.15
1984-06-14,0.03,3.24,12.11,0.21,0.84,3.27,6.41,253.48,319.35,4.17
1984-06-15,0.00,2.80,12.39,0.20,0.78,2.80,7.29,232.66,328.27,2.14
1984-06-16,7.26,2.86,15.11,0.31,1.25,2.96,9.25,226.81,344.87,2.07
1984-06-17,0.00,2.70,15.32,0.34,1.35,2.70,9.52,214.54,348.66,2.67
1984-06-18,0.08,2.98,15.79,0.23,0.92,3.06,9.11,220.21,349.04,2.97
1984-06-19,0.04,3.59,17.56,0.21,0.84,3.63,9.99,256.70,350.38,3.45
1984-06-20,0.25,2.84,16.27,0.19,0.77,2.96,9.37,199.16,355.99,3.51
1984-06-21,4.05,3.40,11.01,0.18,0.73,3.63,5.37,246.79,312.72,5.41
1984-06-22,0.52,2.45,11.76,0.18,0.73,2.69,7.27,213.04,330.11,6.86
1984-06-23,0.01,2.61,9.51,0.18,0.73,2.63,5.35,203.76,317.46,4.36
1984-06-24,0.26,2.02,9.83,0.17,0.70,2.22,6.14,159.66,331.72,4.45
1984-06-25,0.00,4.03,13.63,0.17,0.67,4.03,6.84,295.71,316.44,7.80
1984-06-26,0.02,3.70,14.71,0.16,0.63,3.73,7.57,258.53,332.19,5.68
1984-06-27,1.75,3.54,13.48,0.15,0.62,3.79,6.55,222.23,332.89,6.53
1984-06-28,0.03,3.02,9.90,0.16,0.62,3.07,4.96,229.48,310.70,3.92
1984-06-29,0.09,2.54,9.67,0.16,0.64,2.59,5.41,194.31,320.38,4.17
1984-06-30,0.00,2.74,9.40,0.16,0.63,2.74,4.99,225.17,309.81,2.67
1984-07-01,1.26,2.31,10.31,0.16,0.64,2.47,6.39,198.53,324.27,3.22
1984-07-02,0.00,2.63,10.30,0.17,0.68,2.63,5.50,186.68,324.32,4.56
1984-07-03,0.00,3.44,10.94,0.14,0.57,3.44,6.07,307.85,298.14,2.97
1984-07-04,0.00,2.97,11.27,0.14,0.56,2.97,6.80,266.38,312.62,2.47
1984-07-05,0.00,3.35,13.03,0.13,0.54,3.35,7.35,281.85,317.24,2.42
1984-07-06,0.00,3.26,15.79,0.13,0.53,3.26,7.99,224.59,344.10,2.69
1984-07-07,0.00,4.44,16.68,0.13,0.52,4.44,7.91,318.09,323.35,3.11
1984-07-08,0.00,3.95,16.56,0.13,0.50,3.95,7.95,271.67,334.83,3.12
1984-07-09,0.00,2.51,16.34,0.13,0.51,2.51,9.47,176.90,359.61,2.56
1984-07-10,0.60,2.93,16.61,0.13,0.51,3.07,8.65,170.85,361.60,4.05
1984-07-11,0.14,3.64,15.96,0.13,0.51,3.75,7.69,214.12,346.01,5.25
1984-07-12,0.00,2.96,15.98,0.13,0.51,2.96,8.55,191.61,353.27,3.94
1984-07-13,0.69,2.48,14.03,0.13,0.52,2.66,7.63,159.27,351.01,4.07
1984-07-14,4.09,2.17,13.23,0.13,0.53,2.30,7.40,149.74,349.36,2.86
1984-07-15,0.03,2.49,12.47,0.14,0.56,2.54,7.14,190.43,335.20,3.96
1984-07-16,0.01,2.61,12.96,0.13,0.53,2.62,7.15,195.69,335.77,3.19
1984-07-17,0.01,2.38,15.47,0.13,0.52,2.39,8.53,150.61,360.13,3.42
1984-07-18,0.00,3.47,16.50,0.13,0.51,3.47,9.08,256.43,339.49,3.35
1984-07-19,0.00,2.81,14.94,0.13,0.50,2.81,8.72,219.71,340.85,2.84
1984-07-20,0.00,3.04,15.18,0.12,0.50,3.04,8.94,243.99,336.30,2.64
1984-07-21,0.00,2.78,14.40,0.12,0.48,2.78,7.62,199.05,340.96,2.83
1984-07-22,0.00,2.69,14.04,0.12,0.48,2.69,7.49,200.84,338.41,2.25
1984-07-23,0.00,2.93,13.96,0.12,0.47,2.93,7.57,229.12,330.62,2.45
1984-07-24,0.00,3.51,14.86,0.12,0.46,3.51,7.52,272.92,321.90,2.26
1984-07-25,0.04,3.26,14.38,0.11,0.44,3.30,7.96,264.70,323.57,2.41
1984-07-26,0.00,2.89,15.18,0.11,0.45,2.89,8.12,208.40,341.58,2.90
1984-07-27,6.37,1.96,13.93,0.12,0.49,2.15,7.79,107.75,361.68,4.38
1984-07-28,2.98,2.36,16.19,0.15,0.59,2.55,9.78,167.74,357.85,5.14
1984-07-29,0.00,3.06,16.57,0.14,0.56,3.06,8.88,212.10,347.15,3.18
1984-07-30,13.37,3.08,16.36,0.13,0.52,3.22,8.87,217.41,344.50,3.44
1984-07-31,10.66,1.80,14.52,0.35,1.40,1.94,9.30,146.87,354.12,3.02
1984-08-01,3.49,2.73,13.42,0.27,1.09,2.87,7.32,213.48,328.01,3.05
1984-08-02,15.34,1.52,13.50,0.24,0.97,1.70,8.74,119.52,355.39,4.52
1984-08-03,1.04,1.58,12.91,0.72,2.87,1.78,8.28,124.59,351.03,4.62
1984-08-04,0.05,1.38,11.80,0.30,1.18,1.43,7.54,102.59,351.29,3.30
1984-08-05,0.01,2.18,12.10,0.21,0.83,2.20,7.05,177.26,330.78,2.74
1984-08-06,4.56,1.25,11.57,0.18,0.73,1.39,7.70,100.22,350.49,3.13
1984-08-07,1.13,1.84,12.19,0.19,0.75,2.01,7.41,141.16,341.48,3.75
1984-08-08,0.02,1.96,13.60,0.18,0.72,1.98,8.13,152.31,345.26,2.77
1984-08-09,0.05,1.98,13.72,0.18,0.70,2.03,8.47,164.94,342.41,2.41
1984-08-10,0.00,3.10,13.06,0.15,0.61,3.10,7.29,277.99,303.22,2.25
1984-08-11,0.00,3.08,13.62,0.14,0.58,3.08,7.39,268.48,307.80,2.06
1984-08-12,0.00,2.53,14.12,0.13,0.53,2.53,8.37,216.70,328.03,2.40
1984-08-13,0.00,2.60,14.63,0.13,0.52,2.60,8.43,216.02,329.87,2.45
1984-08-14,0.88,2.18,15.16,0.12,0.48,2.26,8.47,162.19,347.54,2.25
1984-08-15,0.01,2.07,13.90,0.12,0.48,2.08,8.03,163.94,340.42,2.32
1984-08-16,0.00,1.76,14.12,0.11,0.45,1.76,8.80,144.71,347.67,2.50
1984-08-17,0.00,1.98,15.52,0.12,0.47,1.98,8.87,144.03,353.85,2.33
1984-08-18,0.03,1.81,16.57,0.12,0.47,1.85,9.67,119.30,366.07,2.90
1984-08-19,0.00,2.94,18.16,0.12,0.46,2.94,10.63,234.13,341.44,1.90
1984-08-20,0.00,3.12,17.34,0.11,0.44,3.12,9.60,244.55,331.28,2.71
1984-08-21,0.00,2.37,16.85,0.11,0.44,2.37,9.80,174.10,350.22,3.44
1984-08-22,0.00,2.29,16.73,0.12,0.49,2.29,9.73,168.76,350.69,3.29
1984-08-23,0.00,1.98,16.76,0.12,0.49,1.98,9.65,133.79,360.86,3.09
1984-08-24,0.00,1.18,15.65,0.12,0.47,1.18,10.23,89.20,367.82,4.08
1984-08-25,0.00,2.78,14.62,0.11,0.45,2.78,7.80,229.19,315.52,3.07
1984-08-26,0.00,2.22,13.34,0.11,0.44,2.22,7.62,198.64,319.83,1.89
1984-08-27,0.00,1.80,15.64,0.11,0.43,1.80,10.09,160.46,346.39,2.36
1984-08-28,5.11,2.30,15.38,0.11,0.45,2.49,8.28,133.37,351.05,4.94
1984-08-29,0.00,2.92,14.48,0.13,0.50,2.92,7.10,187.72,323.81,5.30
1984-08-30,1.98,2.88,15.59,0.12,0.50,3.12,7.61,124.46,353.12,6.85
1984-08-31,4.71,1.85,15.91,0.13,0.51,2.04,9.23,107.47,361.77,4.98
1984-09-01,10.39,1.39,13.69,0.14,0.56,1.54,8.25,95.70,354.44,3.34
1984-09-02,1.25,1.35,15.53,0.23,0.92,1.48,9.68,100.48,361.25,3.15
1984-09-03,5.45,1.26,14.56,0.19,0.78,1.44,9.25,89.62,359.93,4.63
1984-09-04,0.98,2.17,10.09,0.18,0.71,2.41,5.44,151.00,309.66,5.46
1984-09-05,0.00,1.73,9.10,0.15,0.60,1.73,5.18,128.88,313.20,3.68
1984-09-06,0.00,1.73,10.20,0.13,0.54,1.73,5.60,163.66,303.91,1.96
1984-09-07,0.00,1.35,9.81,0.13,0.51,1.35,6.17,123.60,320.40,2.43
1984-09-08,6.87,1.03,11.56,0.13,0.53,1.18,7.59,82.93,346.03,3.43
1984-09-09,0.02,2.26,11.79,0.14,0.58,2.31,6.41,145.32,318.44,7.12
1984-09-10,0.11,1.49,10.81,0.15,0.58,1.63,6.50,83.90,340.15,5.77
1984-09-11,0.00,1.87,12.25,0.13,0.51,1.88,6.79,103.00,338.26,5.91
1984-09-12,0.37,1.02,11.66,0.12,0.49,1.11,6.92,69.81,349.72,2.06
1984-09-13,4.40,0.68,13.49,0.13,0.51,0.80,9.41,70.47,357.61,3.38
1984-09-14,0.23,1.08,13.71,0.14,0.55,1.14,8.82,94.52,349.18,2.85
1984-09-15,0.05,0.84,11.92,0.15,0.58,0.89,7.96,74.75,348.11,2.67
1984-09-16,20.82,0.74,12.97,0.15,0.62,0.82,8.74,71.20,354.05,1.94
1984-09-17,2.77,0.75,10.42,0.70,2.79,0.82,7.04,69.21,342.17,1.69
1984-09-18,0.21,1.31,9.84,0.36,1.45,1.47,6.19,118.25,314.89,3.53
1984-09-19,0.21,2.16,10.52,0.22,0.87,2.37,5.48,144.53,300.60,6.12
1984-09-20,3.26,1.59,9.25,0.18,0.71,1.77,5.25,130.32,301.06,3.71
1984-09-21,2.24,1.10,7.04,0.18,0.70,1.25,5.15,125.25,294.37,2.85
1984-09-22,14.39,0.71,6.72,0.21,0.84,0.86,5.70,87.71,312.63,3.58
1984-09-23,7.36,0.97,7.92,0.64,2.55,1.20,5.75,74.62,323.40,5.69
1984-09-24,0.16,1.18,9.38,0.79,3.17,1.36,5.91,85.29,323.76,4.15
1984-09-25,0.21,1.09,9.07,0.40,1.60,1.21,5.76,64.07,332.62,4.18
1984-09-26,0.14,0.87,9.48,0.27,1.08,0.93,6.32,97.34,317.53,1.91
1984-09-27,7.40,0.67,9.66,0.24,0.94,0.81,6.83,56.70,339.74,3.58
1984-09-28,1.62,0.60,12.46,0.61,2.44,0.71,8.64,63.95,349.15,3.42
1984-09-29,5.69,0.78,11.60,0.37,1.47,0.85,7.53,88.60,331.22,1.68
1984-09-30,1.76,1.25,9.40,0.45,1.81,1.48,6.09,121.92,299.12,5.31
1984-10-01,0.16,0.60,7.02,0.39,1.56,0.64,5.46,74.95,313.02,1.68
1984-10-02,2.50,0.51,5.70,0.31,1.22,0.60,5.36,74.86,306.83,2.52
1984-10-03,1.53,0.65,5.98,0.31,1.24,0.77,5.13,84.58,300.45,2.77
1984-10-04,0.01,0.80,7.03,0.27,1.07,0.81,5.11,95.11,296.75,2.50
1984-10-05,0.00,0.86,6.59,0.23,0.94,0.86,4.82,79.68,302.63,3.28
1984-10-06,0.22,0.83,7.50,0.20,0.80,1.02,5.54,77.34,309.50,4.73
1984-10-07,2.23,1.18,9.07,0.19,0.74,1.42,5.74,85.92,309.65,5.56
1984-10-08,0.83,0.15,11.69,0.20,0.79,0.30,8.95,54.76,344.62,5.08
1984-10-09,1.30,1.18,9.37,0.21,0.82,1.36,5.61,106.98,293.45,4.18
1984-10-10,0.90,1.08,9.28,0.19,0.76,1.31,5.99,98.26,299.59,5.44
1984-10-11,0.18,1.10,9.38,0.18,0.73,1.25,5.78,82.95,308.62,4.72
1984-10-12,0.29,0.68,9.09,0.18,0.70,0.79,5.91,44.87,334.53,2.74
1984-10-13,1.35,0.61,11.08,0.17,0.67,0.83,7.74,57.59,336.25,7.03
1984-10-14,0.10,0.64,11.98,0.17,0.69,0.72,7.70,67.18,332.58,2.93
1984-10-15,0.00,0.53,13.00,0.18,0.71,0.53,8.46,67.88,336.81,2.41
1984-10-16,0.95,0.73,9.01,0.17,0.69,0.87,6.01,72.50,310.17,3.66
1984-10-17,11.72,0.41,9.30,0.17,0.68,0.49,6.71,43.84,334.17,2.66
1984-10-18,8.62,1.20,8.70,0.98,3.91,1.55,5.83,57.80,317.88,10.71
1984-10-19,4.70,0.49,8.78,1.07,4.29,0.66,6.58,46.97,327.87,5.64
1984-10-20,0.85,1.15,7.18,0.79,3.15,1.45,5.08,48.23,315.54,8.85
1984-10-21,1.92,1.35,8.42,0.46,1.83,1.58,4.60,61.49,305.48,5.05
1984-10-22,14.38,0.00,9.84,1.84,7.37,0.12,8.71,37.72,338.74,4.67
1984-10-23,0.14,1.04,7.91,1.72,6.86,1.23,4.85,78.81,286.63,4.75
1984-10-24,14.59,0.39,7.33,2.03,8.11,0.50,5.48,18.19,329.45,3.47
1984-10-25,0.38,0.02,8.24,2.53,10.10,0.09,7.06,38.47,328.77,5.27
1984-10-26,0.00,1.06,6.57,0.94,3.74,1.06,4.53,57.29,296.47,6.08
1984-10-27,1.94,0.57,5.65,0.60,2.39,0.72,4.59,75.19,275.18,3.94
1984-10-28,4.48,0.35,8.39,0.54,2.15,0.46,6.42,30.21,334.15,4.20
1984-10-29,4.60,0.24,10.51,1.12,4.48,0.34,7.74,29.25,344.85,5.07
1984-10-30,1.04,0.57,9.26,1.19,4.75,0.70,6.18,35.23,331.13,3.74
1984-10-31,0.04,0.81,8.65,0.72,2.87,0.87,5.57,62.57,297.21,5.22
1984-11-01,1.40,0.65,10.45,0.53,2.12,0.87,6.98,51.11,319.11,6.63
1984-11-02,24.60,0.27,8.24,0.57,2.27,0.34,6.05,14.95,334.47,3.20
1984-11-03,41.19,0.35,6.21,12.97,51.80,0.56,5.53,14.62,324.71,8.06
1984-11-04,2.44,0.38,5.19,10.66,42.60,0.57,5.04,37.18,304.83,6.24
1984-11-05,0.11,0.26,1.78,2.65,10.60,0.32,3.52,43.62,276.72,2.56
1984-11-06,7.26,0.23,1.38,1.59,6.37,0.31,3.63,31.95,288.69,2.79
1984-11-07,0.62,0.01,4.33,2.68,10.70,0.01,5.29,24.27,314.83,2.36
1984-11-08,4.55,0.00,7.21,2.23,8.89,0.00,6.57,13.10,330.53,4.99
1984-11-09,12.44,0.15,8.16,2.98,11.90,0.19,6.05,12.82,334.14,2.38
1984-11-10,0.08,0.27,8.62,4.61,18.40,0.32,6.07,47.30,302.74,3.46
1984-11-11,4.87,0.57,7.95,1.87,7.47,0.75,5.71,21.68,331.81,4.87
1984-11-12,12.48,0.17,7.45,4.71,18.80,0.23,6.10,20.50,331.03,3.13
1984-11-13,0.10,0.19,6.41,4.15,16.60,0.23,5.30,37.24,301.42,3.06
1984-11-14,2.66,0.14,6.20,2.26,9.01,0.20,5.73,20.35,324.26,4.30
1984-11-15,5.96,0.04,5.16,1.80,7.20,0.05,5.34,21.48,316.88,2.09
1984-11-16,5.69,0.23,4.73,3.60,14.40,0.32,4.91,19.27,316.58,3.82
1984-11-17,8.24,0.00,4.44,3.98,15.90,0.00,5.33,10.82,316.87,3.74
1984-11-18,7.30,0.15,4.67,6.43,25.70,0.21,4.92,16.42,316.76,3.16
1984-11-19,0.07,0.09,4.48,3.63,14.50,0.12,4.92,21.57,310.25,2.79
1984-11-20,7.03,0.12,3.85,1.94,7.77,0.17,4.53,26.98,297.20,3.07
1984-11-21,12.21,0.15,5.43,5.16,20.60,0.21,5.26,20.61,315.27,3.79
1984-11-22,8.41,0.44,6.06,9.09,36.30,0.60,5.06,23.09,312.49,5.17
1984-11-23,6.07,0.30,5.98,6.23,24.90,0.43,5.25,23.31,311.73,5.05
1984-11-24,0.10,0.95,5.76,3.00,12.00,1.10,4.42,31.68,292.36,8.40
1984-11-25,1.94,0.46,5.63,1.73,6.90,0.63,4.71,26.46,301.39,4.94
1984-11-26,0.35,0.41,5.46,1.35,5.41,0.53,4.48,35.55,283.15,4.49
1984-11-27,16.77,0.39,5.96,3.58,14.30,0.66,5.45,15.49,323.40,10.01
1984-11-28,0.21,0.73,6.68,4.73,18.90,0.94,4.83,34.76,288.61,6.97
1984-11-29,0.02,0.65,6.83,2.01,8.03,0.69,5.06,22.32,312.12,6.03
1984-11-30,0.07,0.74,7.84,1.38,5.51,0.84,5.55,15.06,331.10,6.85
1984-12-01,11.12,0.10,4.21,2.12,8.46,0.14,4.66,8.43,314.12,2.86
1984-12-02,1.02,0.02,4.41,3.18,12.70,0.02,4.89,8.31,315.65,1.95
1984-12-03,3.88,0.34,4.49,2.42,9.68,0.46,4.46,8.20,314.65,4.16
1984-12-04,7.20,0.00,6.02,2.08,8.32,0.00,5.90,14.11,324.18,3.35
1984-12-05,2.96,0.01,7.30,4.81,19.20,0.01,6.30,18.05,322.13,4.74
1984-12-06,1.17,0.67,5.59,2.85,11.40,0.87,4.05,33.22,275.87,5.11
1984-12-07,0.01,0.27,6.14,2.00,8.01,0.29,5.58,16.20,318.81,8.68
1984-12-08,1.87,0.48,5.51,1.44,5.74,0.64,4.63,16.68,311.98,4.59
1984-12-09,0.01,0.61,4.72,1.30,5.20,0.63,4.19,17.83,304.23,5.24
1984-12-10,0.00,0.12,5.90,1.11,4.44,0.12,5.51,17.77,313.47,5.57
1984-12-11,0.00,0.02,4.14,0.91,3.64,0.02,4.66,20.75,297.20,2.19
1984-12-12,0.00,0.04,1.67,0.81,3.25,0.04,3.85,16.86,292.39,2.09
1984-12-13,1.60,0.12,2.50,0.78,3.10,0.17,4.16,13.30,304.44,3.16
1984-12-14,1.03,0.00,4.11,0.85,3.39,0.00,5.31,7.42,315.44,4.22
1984-12-15,0.18,0.10,2.70,0.84,3.37,0.14,3.98,21.48,286.45,3.09
1984-12-16,0.77,0.07,1.60,0.77,3.08,0.10,3.82,16.04,293.11,2.60
1984-12-17,7.83,0.00,1.80,1.58,6.31,0.00,4.45,12.80,303.38,5.86
1984-12-18,1.59,0.46,2.31,1.39,5.56,0.65,3.46,26.71,270.52,5.19
1984-12-19,3.21,0.00,3.58,1.38,5.51,0.00,4.92,22.48,291.51,5.34
1984-12-20,3.53,0.12,5.16,2.35,9.38,0.18,4.90,24.72,292.41,4.27
1984-12-21,0.22,0.59,2.86,1.81,7.22,0.80,3.56,21.53,284.06,5.59
1984-12-22,1.10,0.34,5.65,1.22,4.88,0.48,5.00,13.41,319.34,4.63
1984-12-23,4.65,0.00,7.98,1.45,5.78,0.00,7.20,20.66,318.59,6.51
1984-12-24,0.10,0.27,3.25,2.31,9.24,0.37,4.09,25.96,279.67,5.13
1984-12-25,5.05,0.22,2.12,1.99,7.97,0.32,3.96,14.14,300.20,4.32
1984-12-26,0.00,0.02,-1.01,1.60,6.41,0.02,2.90,31.30,248.14,2.08
1984-12-27,0.18,0.04,-2.49,0.95,3.79,0.05,2.41,26.20,249.82,1.64
1984-12-28,0.66,0.00,-1.27,0.83,3.30,0.00,3.42,16.10,281.42,1.56
1984-12-29,3.92,0.03,0.56,1.15,4.60,0.04,3.69,13.22,295.73,2.05
1984-12-30,0.35,0.01,3.54,1.47,5.86,0.01,4.60,7.69,311.24,1.93
1984-12-31,0.99,0.49,3.36,1.31,5.24,0.69,3.83,33.00,266.93,6.16
1985-01-01,4.12,0.58,2.49,1.20,4.80,0.82,3.61,20.63,286.54,6.28
1985-01-02,2.54,0.08,1.29,1.19,4.74,0.12,3.70,23.61,277.03,3.64
1985-01-03,10.98,0.18,0.67,1.18,4.73,0.27,3.50,16.82,288.51,3.81
1985-01-04,4.92,0.16,1.51,2.95,11.80,0.24,3.70,23.33,279.37,4.15
1985-01-05,3.87,0.06,0.85,2.85,11.40,0.08,3.57,18.03,287.82,2.27
1985-01-06,3.59,0.01,0.53,2.83,11.30,0.02,3.89,19.07,286.66,5.42
1985-01-07,2.12,0.10,-1.06,1.96,7.83,0.14,3.08,15.77,283.69,2.56
1985-01-08,0.26,0.03,-0.71,1.34,5.37,0.04,3.29,26.83,265.11,3.31
1985-01-09,2.39,0.05,-0.08,1.08,4.30,0.07,3.39,22.07,277.66,2.72
1985-01-10,0.48,0.05,0.04,1.00,3.98,0.07,3.48,19.86,283.41,2.74
1985-01-11,0.00,0.05,-0.82,0.72,2.89,0.05,2.72,30.53,256.09,1.62
1985-01-12,1.97,0.05,-2.95,0.68,2.70,0.07,2.46,22.33,262.95,1.54
1985-01-13,4.18,0.00,-2.15,0.81,3.22,0.00,3.37,9.26,284.28,2.85
1985-01-14,2.59,0.21,-1.79,0.75,3.01,0.29,2.82,17.26,280.11,3.24
1985-01-15,5.01,0.13,-1.23,0.73,2.90,0.20,3.16,22.47,275.55,4.25
1985-01-16,8.40,0.09,-1.62,0.72,2.89,0.14,3.07,9.68,284.58,3.54
1985-01-17,1.77,0.16,-0.85,0.76,3.02,0.23,3.23,19.39,284.00,3.82
1985-01-18,0.15,0.04,-1.57,0.76,3.03,0.06,3.24,10.05,285.73,4.23
1985-01-19,0.77,0.07,-0.51,0.76,3.05,0.10,3.21,17.94,288.91,1.63
1985-01-20,2.96,0.09,-1.90,0.76,3.02,0.12,2.81,21.87,275.47,2.01
1985-01-21,16.92,0.00,-0.70,3.83,15.30,0.00,3.75,18.45,291.25,5.76
1985-01-22,0.61,0.64,1.04,3.53,14.10,0.93,3.31,28.44,279.99,8.08
1985-01-23,0.10,0.48,-1.44,1.45,5.80,0.58,2.66,47.52,239.56,6.68
1985-01-24,2.33,0.34,-1.20,1.22,4.89,0.49,2.84,26.52,273.91,4.29
1985-01-25,0.70,0.05,-1.71,1.02,4.07,0.08,3.02,28.04,271.96,2.16
1985-01-26,0.02,0.17,-2.77,0.66,2.63,0.19,2.59,45.91,241.42,3.76
1985-01-27,7.11,0.55,-3.40,0.72,2.87,0.72,1.90,22.31,267.15,3.68
1985-01-28,1.12,0.00,-0.91,1.31,5.23,0.00,4.09,28.50,282.44,4.03
1985-01-29,0.20,0.00,3.77,8.61,34.40,0.00,5.16,22.73,312.35,3.54
1985-01-30,3.99,0.52,4.21,12.66,50.60,0.71,4.40,22.86,312.30,5.32
1985-01-31,0.89,1.16,5.73,9.86,39.40,1.48,4.18,41.37,292.04,8.12
1985-02-01,3.33,0.72,5.54,5.81,23.20,1.02,4.83,27.72,314.84,8.41
1985-02-02,0.26,0.79,5.42,3.73,14.90,1.00,4.43,30.69,310.19,5.88
1985-02-03,1.50,0.21,3.83,2.25,8.98,0.27,4.29,14.11,311.33,2.66
1985-02-04,0.01,0.16,4.60,2.05,8.18,0.16,4.97,29.66,311.44,2.57
1985-02-05,0.02,0.29,4.02,1.43,5.71,0.30,4.09,40.84,294.52,2.15
1985-02-06,0.53,0.08,2.72,1.18,4.72,0.12,4.58,27.95,305.80,2.95
1985-02-07,2.11,0.63,1.47,1.05,4.19,0.83,3.23,27.39,296.12,4.45
1985-02-08,0.38,0.72,0.22,0.91,3.65,1.02,3.09,28.25,290.35,8.06
1985-02-09,0.74,0.47,-2.01,0.72,2.87,0.76,2.82,28.63,280.73,8.32
1985-02-10,1.17,0.49,-2.80,0.67,2.69,0.75,2.53,50.94,256.28,6.62
1985-02-11,0.01,0.43,-3.09,0.60,2.39,0.44,2.46,57.23,250.33,4.99
1985-02-12,0.01,0.42,-3.29,0.52,2.06,0.43,2.09,74.27,232.97,2.83
1985-02-13,0.59,0.31,-2.63,0.61,2.44,0.42,2.64,48.07,262.89,3.35
1985-02-14,0.15,0.56,-1.27,0.42,1.66,0.73,2.75,81.77,241.23,5.43
1985-02-15,0.00,0.42,-3.43,0.45,1.78,0.42,1.96,86.42,225.42,2.35
1985-02-16,0.00,0.29,-2.42,0.47,1.89,0.29,2.26,90.62,229.33,1.45
1985-02-17,0.00,0.29,-2.25,0.45,1.79,0.29,2.71,78.75,244.46,2.38
1985-02-18,0.00,0.31,-2.16,0.48,1.92,0.31,2.82,50.19,268.29,3.45
1985-02-19,0.22,0.61,-0.11,0.47,1.87,0.81,2.93,24.16,289.29,5.51
1985-02-20,0.03,0.31,1.86,0.58,2.32,0.33,3.80,77.57,269.22,1.82
1985-02-21,0.00,0.39,1.66,0.69,2.74,0.39,3.54,66.78,276.12,2.16
1985-02-22,1.29,0.56,3.04,0.80,3.21,0.73,3.96,54.63,293.33,3.95
1985-02-23,0.52,0.22,5.30,1.14,4.56,0.38,5.46,29.97,320.67,7.89
1985-02-24,0.05,1.01,7.59,0.98,3.92,1.09,4.94,93.26,288.02,4.17
1985-02-25,1.17,0.54,2.41,0.74,2.95,0.59,2.99,41.96,297.10,1.78
1985-02-26,0.03,0.45,3.43,0.68,2.73,0.47,4.16,78.27,282.64,1.98
1985-02-27,0.08,0.47,3.48,0.59,2.34,0.51,3.98,82.52,280.08,1.56
1985-02-28,0.36,0.31,2.53,0.55,2.18,0.40,4.36,59.87,294.43,2.75
1985-03-01,3.36,0.41,1.21,0.58,2.33,0.57,3.75,42.82,298.31,4.36
1985-03-02,0.32,0.31,1.73,0.74,2.95,0.37,3.96,46.42,299.61,1.83
1985-03-03,9.68,0.51,3.31,1.31,5.23,0.68,4.33,51.89,304.54,4.43
1985-03-04,0.60,0.58,4.18,2.38,9.52,0.80,4.62,51.07,310.11,5.79
1985-03-05,0.10,1.12,4.79,1.20,4.80,1.20,3.99,129.00,264.23,3.96
1985-03-06,1.51,1.07,4.41,0.81,3.25,1.28,3.85,94.24,283.50,4.25
1985-03-07,0.00,0.91,5.55,0.75,2.98,0.91,4.61,119.54,278.54,2.96
1985-03-08,0.00,0.88,3.41,0.61,2.42,0.88,3.63,68.81,295.03,3.62
1985-03-09,2.04,0.79,5.82,0.54,2.14,1.01,4.95,58.20,316.62,5.33
1985-03-10,1.45,0.72,6.27,0.62,2.47,0.90,5.43,90.77,303.40,4.46
1985-03-11,0.00,1.06,3.31,0.56,2.23,1.06,3.33,128.16,263.00,2.56
1985-03-12,0.00,0.99,3.09,0.50,2.01,1.00,3.74,102.90,279.36,4.64
1985-03-13,0.00,1.09,4.06,0.46,1.82,1.09,3.78,81.84,294.81,4.56
1985-03-14,0.19,1.26,2.39,0.42,1.67,1.50,3.24,132.60,260.65,5.10
1985-03-15,9.18,0.76,0.44,0.42,1.68,0.93,3.17,98.16,271.66,3.31
1985-03-16,2.59,0.79,-0.28,0.48,1.93,1.00,3.10,117.48,260.64,4.18
1985-03-17,0.19,0.92,-0.18,0.58,2.31,1.05,3.01,149.68,246.51,3.09
1985-03-18,0.02,0.88,-0.45,0.62,2.48,0.91,2.99,150.99,246.05,2.38
1985-03-19,0.24,1.01,0.03,0.60,2.38,1.13,2.90,142.99,251.33,3.43
1985-03-20,0.50,0.55,-1.31,0.57,2.26,0.69,3.06,85.99,273.97,3.01
1985-03-21,5.04,0.90,0.14,0.52,2.08,1.16,2.91,63.48,288.49,5.49
1985-03-22,13.23,0.12,1.55,4.48,17.90,0.19,4.30,35.36,302.28,4.93
1985-03-23,4.71,0.28,3.02,5.51,22.00,0.38,4.49,35.90,308.75,3.76
1985-03-24,2.35,0.55,2.84,3.30,13.20,0.66,4.30,67.34,305.42,2.53
1985-03-25,0.00,1.00,3.54,2.78,11.10,1.01,4.07,128.27,282.03,2.36
1985-03-26,0.99,0.86,2.50,1.65,6.60,0.99,4.00,119.87,282.30,2.43
1985-03-27,0.11,1.59,2.54,1.22,4.89,1.74,2.99,134.45,270.61,5.67
1985-03-28,4.08,1.06,2.48,0.93,3.73,1.31,3.58,94.42,291.48,5.15
1985-03-29,17.91,0.53,2.09,1.65,6.59,0.70,3.82,43.84,302.48,4.12
1985-03-30,6.85,0.58,4.50,11.54,46.10,0.78,5.14,87.09,309.57,5.33
1985-03-31,11.31,1.26,6.69,6.03,24.10,1.52,5.27,131.83,301.91,6.05
1985-04-01,3.16,0.67,7.61,8.38,33.50,0.86,6.24,72.29,331.17,4.82
1985-04-02,2.57,1.89,8.47,3.40,13.60,2.14,4.98,122.88,312.92,5.91
1985-04-03,1.51,0.99,9.32,2.39,9.56,1.20,6.86,104.74,328.98,5.13
1985-04-04,8.17,1.27,8.40,2.58,10.30,1.46,5.84,111.11,321.15,4.11
1985-04-05,4.87,1.46,8.76,3.40,13.60,1.64,5.91,138.53,313.58,3.69
1985-04-06,0.39,1.07,6.94,3.08,12.30,1.22,5.51,109.47,315.85,3.34
1985-04-07,5.15,1.13,5.48,2.02,8.08,1.31,5.05,135.93,300.08,3.39
1985-04-08,2.55,0.37,5.10,2.28,9.10,0.49,5.21,44.59,319.36,3.56
1985-04-09,3.13,0.72,4.29,2.12,8.47,0.86,4.80,80.63,313.91,3.13
1985-04-10,5.48,0.92,4.43,2.01,8.04,1.08,4.41,84.77,312.13,3.09
1985-04-11,10.68,0.56,4.59,7.36,29.40,0.76,4.86,53.58,316.27,5.37
1985-04-12,2.59,1.79,5.17,3.35,13.40,2.05,4.05,166.61,286.66,5.43
1985-04-13,5.19,1.56,5.34,3.35,13.40,1.82,4.21,125.02,302.56,5.60
1985-04-14,2.27,1.86,6.44,3.28,13.10,2.15,4.74,183.27,290.50,6.86
1985-04-15,0.50,1.35,6.13,1.82,7.26,1.52,4.52,110.29,312.72,3.24
1985-04-16,0.02,1.32,9.90,1.34,5.36,1.35,6.73,114.87,333.30,4.25
1985-04-17,0.00,1.83,8.96,1.05,4.21,1.83,5.59,170.40,309.44,2.26
1985-04-18,0.17,1.83,8.26,0.85,3.40,1.92,5.95,196.24,300.90,2.07
1985-04-19,0.30,1.69,8.70,0.83,3.33,1.85,6.05,167.70,312.03,8.32
1985-04-20,3.15,2.22,4.07,0.64,2.57,2.52,3.01,155.56,284.08,6.63
1985-04-21,1.05,1.19,4.68,0.74,2.94,1.47,4.57,118.45,306.78,6.57
1985-04-22,0.62,1.59,5.12,0.68,2.72,1.78,4.22,153.63,296.73,3.61
1985-04-23,0.00,2.49,5.05,0.55,2.21,2.50,3.23,218.31,270.80,4.99
1985-04-24,0.32,2.20,4.94,0.51,2.02,2.33,3.88,235.15,270.57,4.37
1985-04-25,0.09,1.92,3.35,0.45,1.79,2.08,3.15,178.48,277.93,4.44
1985-04-26,1.02,1.32,3.56,0.43,1.70,1.59,3.97,124.26,299.83,5.88
1985-04-27,0.74,2.20,3.03,0.44,1.76,2.52,3.10,212.76,267.31,7.49
1985-04-28,4.48,1.33,1.15,0.44,1.77,1.55,2.80,115.25,287.17,3.80
1985-04-29,0.83,0.96,4.46,0.55,2.19,1.07,4.68,100.05,313.75,2.01
1985-04-30,1.66,1.20,7.99,0.55,2.21,1.40,6.73,162.55,317.07,4.35
1985-05-01,1.82,2.80,6.18,0.53,2.11,3.10,3.95,270.39,270.56,7.25
1985-05-02,0.03,2.30,5.40,0.46,1.84,2.36,3.78,210.29,284.12,5.02
1985-05-03,0.00,1.55,5.07,0.39,1.57,1.55,4.27,145.05,303.72,3.51
1985-05-04,0.08,1.46,5.52,0.37,1.47,1.50,4.09,124.02,310.56,2.30
1985-05-05,0.74,1.32,5.69,0.35,1.41,1.52,4.73,116.72,315.94,3.96
1985-05-06,0.00,2.18,7.42,0.35,1.40,2.19,5.11,216.44,298.43,3.93
1985-05-07,2.80,2.41,6.94,0.32,1.29,2.57,5.36,271.99,284.27,2.86
1985-05-08,0.01,1.84,7.94,0.35,1.41,1.86,5.58,176.06,313.32,3.08
1985-05-09,3.15,1.17,7.18,0.34,1.36,1.33,5.80,116.52,325.84,3.11
1985-05-10,0.06,1.29,7.36,0.39,1.54,1.34,5.56,111.09,327.63,4.59
1985-05-11,0.00,2.24,6.57,0.35,1.40,2.25,4.74,229.20,292.24,3.84
1985-05-12,0.01,2.12,5.82,0.30,1.21,2.15,4.57,225.84,289.91,4.25
1985-05-13,0.75,1.22,7.21,0.29,1.14,1.43,5.91,134.35,322.67,5.08
1985-05-14,12.99,0.84,7.56,0.66,2.64,1.04,5.69,61.08,330.86,4.74
1985-05-15,0.22,1.47,9.38,1.12,4.46,1.64,6.33,113.12,338.20,5.28
1985-05-16,0.01,2.45,10.78,0.60,2.40,2.46,6.72,218.04,320.06,2.00
1985-05-17,0.39,1.95,10.43,0.43,1.71,2.04,7.17,178.83,329.15,1.64
1985-05-18,8.23,1.55,11.06,0.48,1.93,1.68,7.40,132.06,342.95,2.72
1985-05-19,0.09,1.24,7.83,1.26,5.05,1.40,6.04,119.36,329.99,4.78
1985-05-20,0.00,1.60,7.54,0.65,2.58,1.60,5.76,166.05,317.59,5.41
1985-05-21,0.00,1.40,6.96,0.44,1.76,1.40,5.36,126.03,323.57,4.25
1985-05-22,0.00,0.78,7.28,0.37,1.49,0.78,5.52,65.74,329.30,2.54
1985-05-23,10.67,1.37,7.96,0.38,1.52,1.52,5.78,117.96,330.93,2.94
1985-05-24,7.00,1.99,10.13,1.95,7.78,2.26,6.85,197.76,324.35,6.49
1985-05-25,3.67,1.99,10.72,1.15,4.60,2.20,6.46,143.75,338.55,4.68
1985-05-26,0.06,2.31,14.02,1.09,4.35,2.38,8.50,175.88,348.81,4.51
1985-05-27,7.14,2.05,13.18,0.97,3.88,2.21,8.06,156.86,348.88,3.37
1985-05-28,0.00,3.66,9.16,1.36,5.45,3.67,4.65,321.65,282.64,4.90
1985-05-29,0.00,3.28,9.11,0.60,2.40,3.28,5.43,312.44,289.61,2.79
1985-05-30,0.00,3.41,9.38,0.43,1.71,3.41,5.56,323.82,288.70,2.57
1985-05-31,0.00,3.73,10.26,0.36,1.44,3.73,5.71,342.38,288.21,2.13
1985-06-01,0.00,3.82,10.94,0.30,1.18,3.82,5.96,346.73,288.32,2.31
1985-06-02,0.00,3.74,10.66,0.28,1.11,3.74,6.04,347.70,287.95,2.69
1985-06-03,0.00,3.98,11.32,0.27,1.09,3.98,5.94,356.03,287.56,3.12
1985-06-04,3.10,2.42,11.24,0.27,1.06,2.56,7.10,213.09,326.67,2.81
1985-06-05,0.49,1.43,9.47,0.26,1.04,1.60,6.47,115.66,340.31,3.55
1985-06-06,0.11,1.78,7.68,0.26,1.02,1.92,5.11,139.49,324.15,3.92
1985-06-07,0.59,2.06,6.61,0.25,0.98,2.20,4.37,179.57,307.39,2.74
1985-06-08,3.70,2.34,7.05,0.24,0.97,2.52,4.54,208.04,302.97,3.52
1985-06-09,4.60,2.04,9.45,0.27,1.09,2.23,6.24,183.06,324.57,3.77
1985-06-10,0.98,2.67,9.80,0.29,1.14,2.86,5.70,224.67,314.52,4.04
1985-06-11,18.73,1.61,10.48,0.58,2.30,1.81,6.90,128.71,342.72,4.34
1985-06-12,6.00,2.02,8.61,2.10,8.38,2.28,5.48,151.87,326.55,6.19
1985-06-13,6.84,2.08,8.22,1.66,6.64,2.26,5.13,166.88,320.31,3.58
1985-06-14,1.53,2.42,7.44,1.33,5.32,2.60,4.86,225.84,302.07,3.20
1985-06-15,1.11,2.86,8.55,0.74,2.95,3.02,4.91,254.23,299.48,3.08
1985-06-16,0.04,3.21,9.13,0.57,2.29,3.25,5.29,297.77,292.87,2.84
1985-06-17,1.56,1.92,8.81,0.42,1.66,2.08,6.08,177.01,323.32,3.01
1985-06-18,1.16,2.49,11.20,0.40,1.58,2.62,6.34,197.79,329.03,2.51
1985-06-19,5.48,2.46,9.87,0.88,3.52,2.58,6.91,237.71,316.24,2.14
1985-06-20,1.30,2.83,10.89,0.59,2.37,2.97,7.12,267.58,314.18,2.83
1985-06-21,6.75,1.32,10.35,0.49,1.94,1.55,7.31,121.98,344.06,5.50
1985-06-22,1.98,0.71,11.12,0.97,3.88,0.87,7.90,67.89,348.84,4.41
1985-06-23,18.08,1.72,11.46,3.15,12.60,1.89,7.68,150.50,343.20,3.73
1985-06-24,0.05,2.06,11.44,4.48,17.90,2.15,7.32,175.48,337.24,4.00
1985-06-25,0.18,3.13,11.46,1.18,4.73,3.24,6.34,259.74,315.16,4.08
1985-06-26,2.69,1.78,11.02,0.68,2.71,1.95,7.11,144.86,341.87,3.59
1985-06-27,1.82,2.43,11.96,0.63,2.51,2.64,7.17,193.53,335.04,4.99
1985-06-28,0.06,3.31,11.71,0.50,1.99,3.39,5.89,240.03,319.04,5.29
1985-06-29,0.00,2.89,11.64,0.39,1.57,2.89,6.25,221.28,324.61,3.81
1985-06-30,0.08,2.15,12.10,0.33,1.33,2.23,7.37,170.40,341.10,2.75
1985-07-01,0.00,2.46,13.57,0.30,1.21,2.46,7.93,186.96,344.08,2.98
1985-07-02,0.00,2.67,13.69,0.28,1.10,2.67,8.01,211.22,339.04,2.26
1985-07-03,0.00,2.31,15.66,0.26,1.04,2.31,9.52,173.01,357.90,2.38
1985-07-04,0.00,3.41,16.17,0.24,0.98,3.41,9.37,263.07,340.20,2.67
1985-07-05,4.16,1.65,14.84,0.24,0.97,1.75,9.66,129.89,362.81,2.22
1985-07-06,0.11,3.52,12.84,0.25,1.00,3.59,6.33,252.21,320.10,5.19
1985-07-07,0.84,3.00,12.38,0.22,0.86,3.17,6.57,228.76,325.06,3.70
1985-07-08,5.75,2.08,14.37,0.24,0.95,2.25,8.82,155.49,355.08,3.88
1985-07-09,0.00,3.24,13.72,0.27,1.09,3.24,7.04,229.16,331.50,4.36
1985-07-10,0.14,2.12,12.36,0.23,0.90,2.24,7.63,170.92,341.26,3.73
1985-07-11,2.19,2.04,14.66,0.22,0.87,2.26,8.76,128.97,362.17,5.76
1985-07-12,1.39,2.24,16.01,0.24,0.95,2.45,9.59,145.92,364.66,5.51
1985-07-13,4.46,1.99,12.12,0.25,0.98,2.11,7.67,165.32,341.18,2.25
1985-07-14,0.23,2.18,13.18,0.27,1.07,2.31,8.29,181.21,342.72,2.93
1985-07-15,0.92,2.28,10.46,0.24,0.95,2.47,5.96,166.97,329.98,4.15
1985-07-16,0.04,2.72,12.88,0.21,0.86,2.80,7.48,216.45,331.23,5.10
1985-07-17,8.65,1.77,12.73,0.21,0.82,2.00,7.78,114.45,355.67,5.73
1985-07-18,1.05,2.71,12.23,0.48,1.92,2.94,6.53,172.67,336.97,6.15
1985-07-19,5.63,2.92,11.75,0.33,1.32,3.11,6.38,231.16,318.89,4.16
1985-07-20,4.24,2.86,10.63,0.32,1.28,3.08,5.90,234.41,311.69,4.84
1985-07-21,4.53,3.22,11.41,0.34,1.37,3.43,5.97,261.49,307.25,4.52
1985-07-22,11.13,1.53,11.97,1.19,4.76,1.70,8.27,144.70,344.44,3.58
1985-07-23,1.16,2.36,11.84,0.75,3.01,2.54,6.68,174.92,334.01,3.84
1985-07-24,0.02,2.07,15.84,0.46,1.82,2.09,9.61,150.56,361.13,2.73
1985-07-25,8.20,2.92,16.78,0.50,2.01,3.04,10.61,237.16,346.77,2.78
1985-07-26,32.45,1.08,13.74,3.63,14.50,1.24,9.74,107.64,359.91,3.94
1985-07-27,0.91,2.10,13.65,6.78,27.10,2.29,8.35,163.56,346.68,4.27
1985-07-28,12.57,1.29,11.77,5.13,20.50,1.43,8.32,122.48,347.69,3.03
1985-07-29,9.21,0.40,12.32,4.53,18.10,0.50,9.14,60.63,353.87,3.65
1985-07-30,0.27,2.28,13.28,4.20,16.80,2.44,7.65,169.35,341.90,3.62
1985-07-31,0.02,1.79,12.51,1.47,5.87,1.81,7.37,127.74,348.83,2.84
1985-08-01,5.47,2.24,11.93,0.88,3.50,2.44,6.33,136.31,341.79,4.33
1985-08-02,2.61,1.98,13.53,1.20,4.78,2.23,8.90,192.06,337.80,6.95
1985-08-03,1.65,2.89,12.18,0.94,3.75,3.13,6.47,208.23,321.44,6.07
1985-08-04,11.27,2.03,11.62,1.11,4.44,2.21,6.79,150.32,336.53,3.88
1985-08-05,6.10,2.75,11.85,2.90,11.60,3.00,6.61,216.94,317.30,6.03
1985-08-06,2.55,2.26,11.69,2.05,8.18,2.48,6.94,182.60,327.25,5.05
1985-08-07,0.76,1.48,11.44,1.03,4.13,1.64,7.37,117.03,345.13,3.37
1985-08-08,3.73,2.24,11.08,0.75,2.99,2.43,6.29,168.60,326.35,4.28
1985-08-09,0.06,2.83,12.20,1.03,4.10,2.88,6.44,214.08,316.97,4.78
1985-08-10,0.18,2.82,11.26,0.56,2.23,2.95,6.32,251.61,301.05,3.87
1985-08-11,14.79,1.47,10.77,1.50,6.01,1.68,6.89,105.66,343.90,4.84
1985-08-12,2.01,2.61,11.66,2.55,10.20,2.83,6.61,217.31,313.09,5.19
1985-08-13,3.08,1.70,11.76,1.14,4.56,1.86,7.44,141.08,338.09,3.63
1985-08-14,21.88,1.26,12.18,8.28,33.10,1.43,8.12,104.41,350.68,4.11
1985-08-15,9.54,1.63,11.84,4.68,18.70,1.87,7.41,116.64,344.96,5.92
1985-08-16,1.24,1.84,12.96,4.05,16.20,2.03,7.87,138.69,343.62,4.50
1985-08-17,0.69,2.39,13.31,1.77,7.06,2.49,7.75,205.07,324.37,2.57
1985-08-18,4.57,0.96,12.04,1.19,4.76,1.09,8.48,90.76,352.75,3.20
1985-08-19,3.86,1.81,14.49,1.64,6.57,1.96,9.36,159.97,344.78,3.52
1985-08-20,4.33,1.60,12.94,2.09,8.37,1.83,8.12,117.65,348.65,5.83
1985-08-21,6.13,2.41,13.90,2.13,8.51,2.63,7.52,152.19,340.80,5.43
1985-08-22,1.49,2.36,12.01,2.34,9.35,2.58,6.57,172.32,323.20,4.96
1985-08-23,14.41,1.52,11.42,3.00,12.00,1.73,6.99,95.96,346.62,5.08
1985-08-24,4.97,2.19,12.21,6.16,24.60,2.44,7.17,172.71,324.62,6.28
1985-08-25,4.18,1.54,11.15,3.65,14.60,1.80,7.07,112.25,339.47,6.42
1985-08-26,0.38,2.25,10.91,1.76,7.03,2.44,5.93,174.20,313.58,4.15
1985-08-27,20.36,1.09,12.53,5.78,23.10,1.32,8.48,93.66,351.86,6.56
1985-08-28,1.75,2.28,13.67,6.91,27.60,2.48,7.48,152.76,335.87,5.05
1985-08-29,1.63,1.36,10.83,2.43,9.69,1.47,6.59,109.16,336.71,2.15
1985-08-30,1.57,1.78,14.02,1.58,6.31,1.97,8.83,156.28,337.82,4.60
1985-08-31,11.69,1.76,12.76,2.25,8.97,1.99,7.68,126.06,340.09,5.73
1985-09-01,0.61,1.83,11.90,3.93,15.70,2.08,6.97,113.08,339.07,6.43
1985-09-02,9.73,0.61,9.90,3.45,13.80,0.75,6.83,44.60,342.84,3.60
1985-09-03,1.20,0.95,10.95,3.23,12.90,1.06,7.78,95.58,341.20,2.88
1985-09-04,1.87,1.12,8.38,1.62,6.46,1.26,5.78,94.64,327.05,2.85
1985-09-05,0.73,1.96,9.86,1.31,5.25,2.19,5.97,176.42,300.94,5.32
1985-09-06,0.66,2.41,8.35,0.95,3.80,2.65,4.33,186.02,282.04,5.29
1985-09-07,16.77,0.65,8.10,3.63,14.50,0.76,5.50,41.94,332.86,2.56
1985-09-08,0.57,0.55,9.61,3.63,14.50,0.65,7.72,72.32,341.38,2.28
1985-09-09,0.08,1.15,12.88,1.64,6.56,1.21,7.64,79.87,353.43,2.32
1985-09-10,0.00,1.72,14.20,1.15,4.58,1.72,8.83,159.73,329.53,3.48
1985-09-11,0.00,1.19,12.70,0.82,3.27,1.19,7.89,106.59,341.19,1.91
1985-09-12,0.83,2.02,14.69,0.68,2.71,2.16,7.74,146.14,332.15,3.28
1985-09-13,1.34,1.92,11.28,0.61,2.44,2.14,6.41,152.87,310.62,5.00
1985-09-14,0.84,1.96,12.09,0.58,2.33,2.26,7.07,133.44,323.65,8.45
1985-09-15,0.15,2.13,11.04,0.52,2.07,2.36,6.06,145.22,309.89,6.81
1985-09-16,1.53,1.35,11.11,0.46,1.83,1.57,6.64,64.17,348.10,5.41
1985-09-17,2.18,1.70,12.11,0.47,1.89,1.92,7.45,161.24,310.31,5.42
1985-09-18,14.33,0.81,10.86,0.65,2.61,0.93,7.25,64.05,346.60,2.91
1985-09-19,0.51,1.01,11.70,3.13,12.50,1.17,7.93,105.80,332.38,3.91
1985-09-20,23.30,1.07,8.68,1.59,6.35,1.25,5.80,80.17,326.35,3.96
1985-09-21,21.04,0.00,10.12,21.12,84.40,0.14,8.14,34.41,344.03,5.07
1985-09-22,6.24,0.83,10.66,9.99,39.90,0.99,7.22,63.48,344.13,4.12
1985-09-23,0.21,0.71,11.86,3.98,15.90,0.83,8.20,68.30,347.36,3.90
1985-09-24,0.00,1.03,12.35,2.05,8.19,1.03,7.77,95.51,335.92,2.70
1985-09-25,0.68,0.83,12.16,1.29,5.16,0.90,7.70,77.03,343.27,1.82
1985-09-26,0.10,0.73,14.24,1.05,4.18,0.78,9.67,81.22,351.23,2.41
1985-09-27,0.00,0.95,15.09,0.86,3.43,0.95,9.32,96.63,347.20,1.56
1985-09-28,0.00,0.94,13.47,0.70,2.80,0.94,8.50,104.85,334.27,1.58
1985-09-29,0.00,1.21,13.77,0.62,2.48,1.21,8.02,110.72,330.50,2.55
1985-09-30,0.63,1.35,15.63,0.57,2.27,1.49,9.24,70.97,360.17,5.24
1985-10-01,0.00,1.41,17.74,0.51,2.05,1.42,10.13,72.01,368.96,3.97
1985-10-02,9.05,1.25,14.71,0.57,2.27,1.43,8.66,68.10,355.58,4.70
1985-10-03,10.43,0.95,13.62,3.18,12.70,1.16,8.91,84.56,341.24,5.94
1985-10-04,7.08,1.64,12.34,3.53,14.10,1.93,7.20,95.39,325.32,8.24
1985-10-05,2.15,1.61,11.68,2.38,9.52,1.85,6.56,103.36,314.60,6.20
1985-10-06,1.23,0.77,11.11,1.43,5.71,0.96,7.41,47.40,347.82,5.26
1985-10-07,2.16,1.01,9.44,1.28,5.12,1.19,6.11,99.64,304.72,4.17
1985-10-08,1.61,0.85,7.42,1.26,5.04,1.03,5.37,79.84,305.96,4.09
1985-10-09,0.19,0.70,8.92,1.04,4.14,0.85,6.36,69.61,320.80,4.26
1985-10-10,0.73,1.01,10.69,0.84,3.37,1.20,6.63,52.92,339.16,4.98
1985-10-11,0.00,1.99,10.88,0.82,3.26,1.99,5.36,99.15,301.58,6.57
1985-10-12,0.00,0.69,6.87,0.57,2.28,0.69,4.50,101.47,280.13,1.71
1985-10-13,0.02,0.66,8.94,0.52,2.07,0.67,5.72,79.21,308.25,2.04
1985-10-14,0.00,0.58,11.10,0.50,1.99,0.58,7.26,91.65,312.05,1.91
1985-10-15,0.00,0.25,10.90,0.47,1.88,0.25,7.86,37.62,347.36,1.43
1985-10-16,0.00,0.53,10.19,0.44,1.76,0.53,6.46,75.03,315.46,1.66
1985-10-17,0.00,0.33,8.35,0.42,1.67,0.33,6.29,51.13,324.62,1.56
1985-10-18,0.00,0.39,8.57,0.41,1.62,0.39,6.24,58.16,319.27,1.88
1985-10-19,0.00,0.46,6.41,0.39,1.57,0.46,4.98,67.00,298.55,2.07
1985-10-20,0.00,0.32,7.64,0.37,1.49,0.32,5.98,39.38,327.97,1.99
1985-10-21,0.00,0.38,8.64,0.36,1.44,0.38,5.62,50.65,321.11,1.30
1985-10-22,0.00,0.34,6.57,0.35,1.39,0.34,5.28,49.49,311.82,1.91
1985-10-23,0.00,0.39,6.73,0.34,1.37,0.39,5.39,48.12,313.19,2.66
1985-10-24,0.00,0.40,6.68,0.33,1.33,0.40,5.10,63.15,297.68,2.17
1985-10-25,0.00,0.05,6.17,0.32,1.29,0.07,6.12,49.37,310.23,3.54
1985-10-26,0.00,0.28,5.93,0.32,1.28,0.28,4.90,39.99,313.16,1.52
1985-10-27,0.00,0.38,6.46,0.31,1.25,0.38,4.70,54.12,300.01,1.85
1985-10-28,0.19,0.35,6.20,0.31,1.22,0.40,5.23,39.96,313.74,2.89
1985-10-29,0.00,0.17,6.70,0.31,1.22,0.17,5.64,52.27,304.39,1.71
1985-10-30,3.13,0.27,5.40,0.30,1.21,0.32,4.69,51.34,295.49,1.95
1985-10-31,1.08,0.30,4.90,0.34,1.34,0.40,4.87,41.17,303.67,3.48
1985-11-01,1.16,0.67,3.15,0.34,1.37,0.86,3.51,50.73,278.89,4.17
1985-11-02,0.00,0.64,0.93,0.34,1.37,0.65,2.90,68.13,247.66,4.47
1985-11-03,0.50,0.46,0.90,0.32,1.26,0.55,2.92,35.97,281.36,2.82
1985-11-04,11.72,0.49,3.52,0.35,1.40,0.70,4.21,38.20,294.83,5.59
1985-11-05,1.28,0.20,4.26,1.52,6.09,0.33,5.00,32.44,306.40,6.47
1985-11-06,4.83,1.07,3.06,1.03,4.12,1.37,3.33,31.93,294.04,6.94
1985-11-07,2.28,0.54,4.32,1.11,4.42,0.71,4.12,50.46,279.61,4.51
1985-11-08,19.72,0.00,5.75,5.18,20.70,0.00,6.15,25.47,320.94,3.66
1985-11-09,11.07,0.54,6.91,8.53,34.10,0.74,5.37,32.64,314.43,5.58
1985-11-10,0.15,0.79,0.06,3.13,12.50,0.94,2.66,54.68,246.65,6.42
1985-11-11,0.05,0.50,0.16,1.35,5.39,0.55,2.99,44.09,261.54,5.14
1985-11-12,0.00,0.42,0.31,0.91,3.64,0.42,3.02,38.67,268.00,4.08
1985-11-13,0.00,0.14,0.04,0.70,2.80,0.14,2.62,49.13,249.27,1.64
1985-11-14,4.36,0.10,-0.14,0.69,2.77,0.14,3.43,20.72,291.33,2.25
1985-11-15,5.54,0.02,2.67,1.06,4.25,0.02,4.44,20.88,305.67,1.22
1985-11-16,2.66,0.11,2.94,2.75,11.00,0.16,4.28,11.28,307.71,3.00
1985-11-17,0.03,0.14,1.53,1.59,6.34,0.15,3.19,32.30,277.02,1.63
1985-11-18,0.37,0.03,1.95,1.02,4.07,0.05,4.11,26.93,290.82,2.31
1985-11-19,2.06,0.20,1.30,0.91,3.62,0.27,3.60,21.16,293.85,2.82
1985-11-20,2.78,0.35,1.85,1.02,4.07,0.48,3.66,19.27,298.56,3.94
1985-11-21,0.09,0.37,2.13,1.23,4.90,0.46,3.65,21.82,294.89,3.88
1985-11-22,4.06,0.28,1.65,0.90,3.59,0.39,3.68,14.04,300.07,3.82
1985-11-23,1.59,0.22,2.93,1.49,5.96,0.31,4.24,19.06,303.87,3.94
1985-11-24,3.04,0.22,3.22,1.23,4.93,0.30,4.10,27.80,289.13,3.54
1985-11-25,2.45,0.17,2.34,1.61,6.44,0.24,3.96,22.05,294.11,3.24
1985-11-26,0.47,0.21,0.58,1.35,5.40,0.28,3.25,25.97,276.51,3.24
1985-11-27,0.01,0.30,-1.15,0.90,3.61,0.31,2.70,31.11,257.47,3.97
1985-11-28,0.26,0.04,-2.43,0.59,2.36,0.06,2.66,27.48,258.30,1.95
1985-11-29,0.00,0.12,-2.41,0.54,2.16,0.12,2.18,32.32,245.40,1.91
1985-11-30,22.43,0.29,0.60,5.11,20.40,0.39,3.08,8.69,292.89,3.05
1985-12-01,1.42,0.00,5.14,9.11,36.40,0.00,6.95,8.56,321.73,6.20
1985-12-02,8.00,0.54,9.82,5.26,21.00,0.71,6.44,8.43,342.13,5.06
1985-12-03,1.51,1.47,9.51,3.10,12.40,1.81,5.54,24.88,316.90,10.54
1985-12-04,0.60,0.08,6.75,1.58,6.33,0.11,5.62,8.20,327.24,2.63
1985-12-05,8.95,0.00,4.93,3.93,15.70,0.00,5.45,14.96,317.09,2.61
1985-12-06,9.25,0.22,3.53,4.63,18.50,0.30,4.28,14.95,307.59,3.29
1985-12-07,11.66,0.18,2.90,5.21,20.80,0.26,4.24,16.07,302.18,4.02
1985-12-08,0.04,0.04,1.63,3.53,14.10,0.04,3.87,18.71,290.01,2.33
1985-12-09,0.07,0.00,0.72,1.92,7.66,0.01,3.77,16.77,289.76,1.84
1985-12-10,3.87,0.07,-0.47,2.02,8.06,0.10,3.01,17.15,280.09,1.76
1985-12-11,1.80,0.00,1.98,3.90,15.60,0.00,4.20,25.47,278.36,2.59
1985-12-12,5.50,0.11,5.18,4.56,18.20,0.18,5.38,12.81,319.87,6.19
1985-12-13,0.20,0.25,6.66,3.25,13.00,0.33,5.29,17.28,316.44,3.64
1985-12-14,0.21,0.34,7.43,1.70,6.80,0.47,5.90,12.83,330.66,5.77
1985-12-15,0.06,0.84,9.08,1.32,5.29,0.92,5.79,15.85,330.63,6.38
1985-12-16,0.70,0.67,8.95,1.08,4.32,0.89,5.98,7.80,337.55,6.16
1985-12-17,4.66,0.08,7.56,1.36,5.43,0.11,6.12,11.34,331.59,3.00
1985-12-18,2.34,0.42,5.49,1.55,6.19,0.58,4.38,31.44,276.86,4.92
1985-12-19,4.76,0.99,4.71,2.25,9.00,1.25,3.76,15.99,304.62,6.27
1985-12-20,25.90,0.97,6.38,9.04,36.10,1.26,4.62,7.33,323.06,7.61
1985-12-21,7.76,0.00,7.69,17.70,70.70,0.00,6.69,13.97,329.88,7.33
1985-12-22,4.31,0.17,3.95,3.45,13.80,0.24,4.26,19.11,297.13,3.08
1985-12-23,3.86,0.22,3.80,4.83,19.30,0.32,4.48,17.94,300.05,4.80
1985-12-24,0.56,0.05,2.79,2.53,10.10,0.07,4.10,18.74,293.03,2.28
1985-12-25,4.80,0.01,2.16,2.53,10.10,0.01,4.38,14.15,301.88,4.36
1985-12-26,0.00,0.84,1.06,1.84,7.37,0.85,2.94,13.80,291.48,6.77
1985-12-27,0.30,0.15,-3.11,1.09,4.35,0.19,2.31,28.11,243.01,3.23
1985-12-28,0.00,0.09,-4.76,0.68,2.71,0.09,2.07,34.13,225.49,3.16
1985-12-29,0.05,0.12,-5.28,0.57,2.27,0.15,1.99,31.83,227.68,3.49
1985-12-30,10.05,0.26,-3.81,0.95,3.78,0.36,2.14,13.43,269.40,2.95
1985-12-31,2.39,0.00,-1.50,2.73,10.90,0.00,4.15,13.46,289.58,3.11
1986-01-01,5.95,0.00,1.17,2.16,8.64,0.00,4.03,14.85,296.47,2.59
1986-01-02,7.01,0.10,1.17,5.91,23.60,0.18,3.94,8.99,299.38,5.45
1986-01-03,0.27,0.09,-0.61,1.64,6.57,0.12,3.12,33.05,248.85,4.24
1986-01-04,3.01,0.26,-2.83,1.04,4.15,0.36,2.33,15.30,271.83,2.93
1986-01-05,3.67,0.05,-2.37,0.92,3.69,0.08,2.92,18.80,271.00,3.31
1986-01-06,0.27,0.01,-1.93,0.79,3.17,0.02,2.99,22.06,266.99,2.27
1986-01-07,0.09,0.21,-2.22,0.71,2.85,0.27,2.85,14.44,280.84,4.50
1986-01-08,0.44,0.09,-0.49,0.68,2.72,0.14,3.40,8.46,290.57,4.14
1986-01-09,7.27,0.57,3.24,5.16,20.60,0.73,3.50,8.59,305.51,3.90
1986-01-10,3.30,0.00,3.34,9.99,39.90,0.00,5.14,23.73,295.50,8.39
1986-01-11,3.45,0.70,3.04,3.75,15.00,1.01,3.82,24.66,287.26,8.50
1986-01-12,1.66,1.13,4.73,2.73,10.90,1.45,3.78,30.74,282.00,8.57
1986-01-13,9.43,0.35,5.99,4.98,19.90,0.56,5.44,15.81,323.51,7.93
1986-01-14,2.29,1.16,3.43,4.78,19.10,1.55,3.61,28.14,283.28,11.86
1986-01-15,0.01,0.37,2.83,2.29,9.14,0.38,4.01,25.09,290.01,5.59
1986-01-16,0.00,0.50,-0.12,1.31,5.22,0.50,2.66,20.80,279.71,3.69
1986-01-17,3.60,0.42,1.92,1.23,4.90,0.53,3.16,16.78,298.10,2.73
1986-01-18,14.49,0.00,2.25,3.08,12.30,0.00,4.90,22.32,298.60,5.74
1986-01-19,2.20,0.10,4.05,7.06,28.20,0.17,4.98,19.62,311.02,5.70
1986-01-20,16.12,0.77,3.93,11.26,45.00,1.08,4.13,19.23,308.91,8.31
1986-01-21,5.21,0.39,3.26,4.48,17.90,0.56,4.10,29.87,289.03,5.33
1986-01-22,6.31,0.42,2.87,5.81,23.20,0.64,4.16,20.44,304.14,6.87
1986-01-23,1.16,0.66,1.42,3.20,12.80,0.98,3.41,38.05,267.93,8.93
1986-01-24,0.00,0.63,-0.03,1.53,6.12,0.63,2.94,45.65,249.90,7.80
1986-01-25,0.00,0.23,-1.40,0.96,3.83,0.23,2.45,55.68,229.06,2.96
1986-01-26,0.52,0.15,-2.93,0.97,3.86,0.21,2.45,35.64,253.65,2.55
1986-01-27,2.53,0.00,-0.96,0.94,3.76,0.00,3.90,22.91,288.25,3.94
1986-01-28,3.07,0.27,-0.60,0.87,3.48,0.40,3.12,34.40,270.03,4.35
1986-01-29,12.72,0.11,-0.10,0.87,3.48,0.15,3.35,12.64,291.76,2.69
1986-01-30,3.53,0.00,0.24,1.68,6.73,0.00,3.95,12.92,295.87,7.96
1986-01-31,2.46,0.21,1.48,4.13,16.50,0.37,4.00,13.21,300.85,7.46
1986-02-01,2.41,0.59,1.06,2.42,9.67,0.89,3.41,13.50,296.53,8.17
1986-02-02,5.65,0.46,0.91,2.42,9.66,0.71,3.50,13.80,296.41,7.48
1986-02-03,3.64,0.28,0.84,2.73,10.90,0.44,3.74,24.18,297.30,5.96
1986-02-04,0.97,0.47,0.87,1.69,6.76,0.66,3.38,30.46,289.50,5.05
1986-02-05,7.01,0.23,-0.51,1.26,5.05,0.36,3.39,32.97,282.62,5.07
1986-02-06,6.38,0.08,-2.39,1.07,4.28,0.14,3.16,30.75,277.53,5.51
1986-02-07,1.54,0.15,-2.30,1.00,4.00,0.22,3.00,41.61,267.21,3.71
1986-02-08,0.38,0.19,-1.80,0.93,3.72,0.24,2.97,29.16,281.27,2.64
1986-02-09,0.00,0.24,-1.48,0.86,3.44,0.24,2.79,29.79,281.30,2.13
1986-02-10,0.00,0.23,-2.54,0.56,2.25,0.23,2.71,58.03,252.22,2.87
1986-02-11,0.00,0.29,-4.95,0.64,2.57,0.29,1.91,63.26,234.56,2.30
1986-02-12,0.00,0.10,-3.97,0.74,2.95,0.10,2.75,51.47,255.83,3.50
1986-02-13,0.08,0.36,-1.77,0.79,3.16,0.46,2.86,72.32,247.09,4.47
1986-02-14,1.48,0.43,-1.32,0.71,2.83,0.66,2.98,34.87,281.74,6.11
1986-02-15,0.16,0.40,-0.93,0.69,2.75,0.55,3.14,33.50,285.86,6.11
1986-02-16,0.13,0.44,-0.31,0.69,2.75,0.55,3.23,31.94,290.26,5.80
1986-02-17,0.22,0.56,0.03,0.68,2.72,0.69,3.19,38.19,287.14,6.19
1986-02-18,1.96,0.44,-0.10,0.65,2.58,0.57,3.04,35.39,288.67,3.24
1986-02-19,0.11,0.20,-1.45,0.61,2.43,0.23,3.11,49.70,273.79,2.03
1986-02-20,0.21,0.22,-3.67,0.58,2.31,0.26,2.40,56.50,257.08,1.54
1986-02-21,8.86,0.14,-4.16,0.56,2.25,0.19,2.68,42.29,268.48,2.50
1986-02-22,1.86,0.47,-4.36,0.59,2.34,0.63,2.12,86.82,233.34,3.52
1986-02-23,0.85,0.30,-4.33,0.51,2.03,0.39,2.41,85.12,238.44,2.60
1986-02-24,2.99,0.30,-2.84,0.67,2.66,0.38,2.68,72.06,254.78,2.23
1986-02-25,0.12,0.25,-1.94,0.57,2.28,0.32,3.11,69.07,263.68,2.77
1986-02-26,0.31,0.61,-3.42,0.55,2.21,0.76,2.11,95.92,234.54,3.37
1986-02-27,0.35,0.55,-3.33,0.60,2.38,0.68,2.22,86.05,243.26,3.17
1986-02-28,0.14,0.64,-2.04,0.55,2.20,0.76,2.59,90.87,248.46,4.78
1986-03-01,0.00,0.76,-1.85,0.49,1.96,0.76,2.50,109.17,239.76,4.59
1986-03-02,0.00,0.53,-2.72,0.45,1.81,0.53,2.29,108.95,236.68,1.83
1986-03-03,2.60,0.61,-2.02,0.62,2.46,0.80,2.49,52.39,274.17,4.02
1986-03-04,3.94,0.00,2.29,18.82,75.20,0.27,4.91,53.50,302.26,6.86
1986-03-05,0.75,1.43,4.91,11.96,47.80,1.72,3.99,119.82,269.93,7.81
1986-03-06,0.16,1.15,3.52,3.80,15.20,1.30,3.68,106.14,272.61,5.93
1986-03-07,0.01,0.94,4.36,2.46,9.84,0.95,4.07,87.94,289.22,4.12
1986-03-08,6.47,1.15,4.12,1.98,7.91,1.39,3.83,106.27,277.62,5.09
1986-03-09,1.36,0.67,3.38,3.13,12.50,0.86,4.16,64.64,300.54,4.33
1986-03-10,0.09,0.52,3.98,2.38,9.51,0.56,4.54,73.63,300.29,1.75
1986-03-11,0.00,0.62,2.70,1.75,7.00,0.62,4.00,72.90,294.14,3.30
1986-03-12,0.00,0.73,3.43,1.48,5.92,0.73,4.25,89.19,290.42,4.15
1986-03-13,0.00,0.81,1.80,1.23,4.93,0.81,3.38,71.90,289.33,3.96
1986-03-14,0.00,0.74,4.30,4.18,16.70,0.74,4.50,55.02,313.19,5.77
1986-03-15,0.00,0.89,6.90,2.78,11.10,0.89,5.37,59.13,324.98,6.23
1986-03-16,2.70,0.97,5.99,2.30,9.18,1.19,4.69,54.87,321.31,4.91
1986-03-17,0.01,1.21,3.88,3.43,13.70,1.22,3.90,160.98,259.67,3.23
1986-03-18,3.68,0.77,3.70,2.73,10.90,0.94,4.03,60.05,308.40,3.48
1986-03-19,4.14,1.33,3.42,2.04,8.16,1.49,3.38,166.81,254.03,2.73
1986-03-20,5.85,0.98,3.68,1.70,6.81,1.34,4.32,112.38,286.81,10.03
1986-03-21,4.09,1.15,4.60,1.41,5.62,1.42,4.23,91.23,299.94,6.25
1986-03-22,15.72,1.14,7.20,1.20,4.79,1.47,5.43,77.74,321.28,9.35
1986-03-23,3.20,1.55,2.89,1.59,6.35,1.87,3.37,149.87,264.36,7.41
1986-03-24,2.29,0.89,1.14,1.58,6.31,1.15,3.41,97.56,282.12,5.52
1986-03-25,0.01,1.40,3.35,1.35,5.40,1.41,3.75,154.08,268.60,6.51
1986-03-26,4.12,1.56,3.90,1.13,4.50,1.82,3.57,148.73,272.31,5.36
1986-03-27,3.78,1.74,5.13,1.20,4.81,2.05,3.99,150.35,279.28,7.47
1986-03-28,4.85,1.33,3.95,2.07,8.28,1.56,3.85,131.93,282.94,4.63
1986-03-29,1.10,1.54,4.71,2.08,8.32,1.76,3.94,144.46,281.70,5.21
1986-03-30,0.24,1.23,2.11,7.28,29.10,1.36,3.29,139.33,271.72,3.49
1986-03-31,2.38,0.95,1.56,5.56,22.20,1.12,3.57,122.70,278.82,3.12
1986-04-01,1.79,1.54,3.34,1.32,5.29,1.74,3.53,179.53,264.45,3.56
1986-04-02,2.38,1.07,2.41,1.40,5.60,1.18,3.85,145.17,277.07,1.93
1986-04-03,0.82,1.04,1.68,1.48,5.90,1.19,3.62,141.28,275.26,2.62
1986-04-04,1.29,1.21,2.55,1.30,5.20,1.40,3.80,158.22,273.94,3.41
1986-04-05,1.07,1.12,2.39,1.12,4.49,1.36,3.85,146.61,278.42,4.62
1986-04-06,2.53,1.42,2.10,1.09,4.36,1.66,3.49,182.22,263.53,4.62
1986-04-07,3.63,0.69,0.52,1.70,6.78,0.98,3.64,103.59,286.38,6.88
1986-04-08,0.05,1.19,2.28,1.64,6.56,1.31,3.58,112.64,289.83,7.01
1986-04-09,0.33,1.31,3.66,1.22,4.89,1.62,4.00,122.94,294.06,7.69
1986-04-10,0.09,1.66,2.08,1.14,4.55,1.87,2.82,94.64,291.33,7.44
1986-04-11,2.68,1.42,2.49,1.03,4.11,1.65,2.98,103.91,291.19,4.31
1986-04-12,0.42,1.17,3.93,0.91,3.65,1.30,4.17,128.12,295.61,2.81
1986-04-13,4.41,0.75,2.29,0.93,3.70,0.91,3.97,82.94,303.34,2.99
1986-04-14,7.73,0.43,2.61,1.16,4.63,0.64,4.31,47.74,306.50,6.13
1986-04-15,39.70,0.87,2.77,1.73,6.91,1.19,4.14,92.66,303.50,8.30
1986-04-16,8.45,0.40,2.28,20.20,80.70,0.62,4.25,48.77,305.00,6.78
1986-04-17,1.64,0.62,2.40,11.39,45.50,0.87,4.08,61.31,304.77,6.24
1986-04-18,0.01,1.19,2.60,7.78,31.10,1.20,3.64,130.46,289.89,2.62
1986-04-19,6.96,1.22,3.41,5.11,20.40,1.39,3.99,132.60,294.39,3.08
1986-04-20,3.98,1.38,6.16,3.23,12.90,1.62,5.29,164.66,301.14,5.03
1986-04-21,3.05,1.54,3.79,8.31,33.20,1.72,4.31,196.58,279.32,3.07
1986-04-22,3.34,1.35,3.52,5.16,20.60,1.56,4.00,147.13,291.72,3.93
1986-04-23,1.73,1.46,4.56,2.73,10.90,1.60,4.57,171.25,291.66,2.25
1986-04-24,0.68,0.85,4.70,2.31,9.22,0.95,5.04,95.69,315.84,1.95
1986-04-25,0.02,1.46,6.02,1.50,5.99,1.48,5.01,155.24,304.37,2.29
1986-04-26,0.00,1.74,6.45,1.18,4.71,1.74,4.77,172.84,300.26,2.77
1986-04-27,0.37,1.74,5.98,0.97,3.86,1.81,4.91,190.15,294.68,2.14
1986-04-28,0.66,1.26,5.51,0.84,3.34,1.48,4.80,118.45,313.08,4.58
1986-04-29,0.64,2.50,5.73,0.77,3.09,2.73,4.13,269.78,267.64,4.87
1986-04-30,0.39,1.86,7.76,0.71,2.85,2.06,4.92,116.68,323.72,6.68
1986-05-01,0.00,3.52,11.08,0.55,2.18,3.52,5.34,284.64,290.89,4.94
1986-05-02,0.01,2.56,8.92,0.47,1.89,2.56,5.17,233.97,297.54,2.73
1986-05-03,0.24,1.21,9.27,0.45,1.79,1.31,6.71,111.92,336.30,2.94
1986-05-04,1.86,1.97,7.56,0.43,1.71,2.21,5.44,204.47,302.74,5.03
1986-05-05,11.12,1.22,7.76,1.31,5.22,1.39,5.78,106.79,329.95,3.53
1986-05-06,23.17,2.33,8.13,2.20,8.77,2.52,5.46,233.56,298.10,3.85
1986-05-07,2.71,1.40,7.24,10.56,42.20,1.60,5.37,121.72,323.42,3.99
1986-05-08,0.47,2.13,8.16,2.31,9.21,2.32,5.63,213.10,304.98,3.96
1986-05-09,2.17,1.40,8.19,1.22,4.87,1.59,5.86,122.14,328.90,3.72
1986-05-10,0.26,1.97,11.10,1.13,4.50,2.11,7.36,197.63,326.19,8.43
1986-05-11,2.58,2.73,10.34,0.90,3.61,3.01,5.66,191.75,319.94,7.34
1986-05-12,2.33,1.95,10.10,0.71,2.83,2.21,6.79,194.42,322.11,7.77
1986-05-13,0.50,2.84,8.86,1.01,4.05,3.13,5.00,225.40,303.33,7.98
1986-05-14,1.42,2.11,6.94,0.69,2.76,2.33,4.84,199.58,302.40,4.37
1986-05-15,2.25,2.30,6.41,0.63,2.50,2.54,4.57,227.61,292.51,4.98
1986-05-16,0.02,2.95,7.78,0.58,2.31,2.97,4.47,275.20,284.90,3.29
1986-05-17,9.14,1.93,7.81,0.79,3.17,2.17,4.93,137.11,322.52,5.17
1986-05-18,0.04,2.21,10.35,1.33,5.32,2.31,6.56,194.28,324.06,7.83
1986-05-19,1.35,2.94,11.99,0.79,3.16,3.12,6.58,235.96,320.78,3.68
1986-05-20,12.52,1.35,9.09,2.50,10.00,1.50,6.80,133.11,333.63,3.11
1986-05-21,5.05,2.27,9.49,2.70,10.80,2.57,6.28,229.08,312.36,7.67
1986-05-22,0.66,3.41,8.14,1.50,6.00,3.72,4.49,308.28,279.83,8.43
1986-05-23,1.41,3.36,9.57,0.87,3.47,3.63,5.15,289.04,293.65,6.77
1986-05-24,14.03,2.97,9.82,0.91,3.62,3.24,5.22,216.66,313.25,6.70
1986-05-25,4.44,2.87,11.05,4.15,16.60,3.16,6.59,259.33,313.25,8.13
1986-05-26,0.64,3.90,10.95,2.31,9.24,4.10,5.25,301.60,296.60,7.26
1986-05-27,2.76,2.35,8.46,1.52,6.06,2.66,5.44,208.40,311.52,7.96
1986-05-28,4.72,2.80,7.79,1.42,5.69,3.02,4.82,263.49,293.34,4.50
1986-05-29,0.05,2.61,8.17,1.09,4.34,2.69,5.24,248.33,300.59,3.82
1986-05-30,3.45,2.35,9.31,0.69,2.77,2.56,4.95,152.09,327.15,4.35
1986-05-31,0.32,1.45,10.85,0.72,2.89,1.54,7.39,123.37,345.37,2.97
1986-06-01,0.03,1.74,12.75,0.60,2.39,1.77,8.28,142.80,350.24,2.77
1986-06-02,1.48,2.77,13.50,0.50,1.99,2.93,7.68,212.36,337.27,3.56
1986-06-03,0.49,2.23,11.34,0.46,1.82,2.38,6.80,172.49,335.73,4.50
1986-06-04,1.64,3.07,8.00,0.41,1.63,3.32,4.42,259.46,292.44,5.84
1986-06-05,0.03,2.61,6.80,0.40,1.58,2.67,4.33,234.56,294.15,5.45
1986-06-06,0.04,1.92,7.63,0.35,1.41,1.97,5.33,173.85,316.48,4.23
1986-06-07,0.01,1.82,7.96,0.34,1.37,1.84,5.71,171.96,319.51,3.33
1986-06-08,1.07,3.14,9.84,0.32,1.27,3.37,4.96,237.27,308.15,4.96
1986-06-09,8.67,2.24,12.45,0.31,1.25,2.51,8.10,216.46,333.55,7.39
1986-06-10,10.53,1.41,8.26,2.10,8.41,1.62,6.36,148.80,327.68,4.52
1986-06-11,0.03,3.42,9.13,1.15,4.58,3.47,4.84,307.78,287.52,3.40
1986-06-12,0.57,2.07,9.16,0.54,2.16,2.27,5.45,144.80,330.54,4.60
1986-06-13,0.44,2.10,13.70,0.44,1.76,2.23,8.23,153.25,353.16,3.32
1986-06-14,0.00,3.99,16.04,0.40,1.59,3.99,9.35,317.01,329.75,2.51
1986-06-15,0.00,4.25,14.46,0.34,1.34,4.25,7.94,353.38,310.53,3.32
1986-06-16,3.98,3.50,14.17,0.30,1.18,3.64,8.04,283.91,325.80,3.07
1986-06-17,16.29,1.36,13.58,3.55,14.20,1.51,9.88,142.21,354.55,3.52
1986-06-18,0.50,2.14,10.32,1.10,4.39,2.29,6.12,165.09,332.52,3.21
1986-06-19,0.00,2.37,10.28,0.66,2.65,2.38,6.62,215.97,321.85,3.37
1986-06-20,0.00,2.19,9.22,0.48,1.90,2.19,5.56,167.51,325.84,4.59
1986-06-21,0.08,3.15,9.97,0.39,1.54,3.25,5.65,279.14,302.20,4.98
1986-06-22,0.00,2.04,10.04,0.34,1.35,2.05,6.65,184.91,327.94,4.14
1986-06-23,0.25,1.97,9.33,0.32,1.28,2.08,5.92,160.61,328.88,3.46
1986-06-24,0.57,1.88,11.65,0.31,1.24,2.01,7.39,151.43,343.59,3.31
1986-06-25,0.00,3.19,14.63,0.29,1.17,3.20,8.16,240.72,337.74,3.78
1986-06-26,0.00,3.82,15.32,0.27,1.06,3.82,8.82,308.56,327.14,3.31
1986-06-27,0.00,3.66,15.65,0.25,0.99,3.66,8.69,278.80,334.55,3.31
1986-06-28,0.00,4.22,17.33,0.24,0.97,4.22,9.46,313.12,335.68,2.59
1986-06-29,0.00,4.35,16.15,0.22,0.88,4.35,8.27,325.61,324.03,3.13
1986-06-30,0.00,3.13,14.42,0.21,0.84,3.13,7.60,225.37,338.77,3.14
1986-07-01,0.00,3.49,15.56,0.21,0.82,3.49,8.48,265.60,335.19,2.28
1986-07-02,0.00,3.01,14.88,0.21,0.84,3.01,8.94,241.76,338.91,2.18
1986-07-03,0.98,3.34,14.70,0.20,0.80,3.50,7.89,247.99,334.06,3.72
1986-07-04,1.47,2.73,15.02,0.20,0.81,2.92,8.31,179.24,352.65,4.65
1986-07-05,0.41,2.73,13.57,0.21,0.83,2.85,7.42,196.79,340.52,3.52
1986-07-06,0.00,2.35,11.86,0.20,0.81,2.36,7.11,187.31,334.76,4.26
1986-07-07,0.88,3.82,11.60,0.19,0.74,4.04,5.31,283.38,302.37,5.20
1986-07-08,0.01,3.06,12.16,0.19,0.74,3.08,6.54,239.49,321.23,4.07
1986-07-09,0.07,2.31,10.38,0.18,0.74,2.36,5.77,162.55,331.07,4.05
1986-07-10,0.17,2.90,12.60,0.19,0.75,2.98,6.41,203.51,331.51,3.66
1986-07-11,0.00,2.61,11.01,0.18,0.73,2.61,6.73,230.59,319.12,2.52
1986-07-12,0.00,1.71,12.69,0.18,0.73,1.71,7.36,116.04,355.48,2.31
1986-07-13,0.14,1.80,14.38,0.19,0.74,1.87,8.77,129.83,360.44,2.47
1986-07-14,1.26,3.07,18.10,0.18,0.74,3.21,10.71,217.92,359.04,3.44
1986-07-15,1.14,2.01,17.93,0.19,0.75,2.12,11.02,138.76,374.51,2.46
1986-07-16,0.30,3.25,18.19,0.18,0.73,3.44,10.13,197.42,363.12,5.50
1986-07-17,0.00,3.47,13.44,0.17,0.70,3.47,6.43,204.95,333.34,6.99
1986-07-18,0.02,2.11,11.89,0.17,0.68,2.13,6.55,137.58,344.69,3.48
1986-07-19,2.14,1.82,11.90,0.17,0.68,1.99,7.02,119.57,349.82,3.92
1986-07-20,0.00,3.59,14.48,0.18,0.72,3.59,7.47,269.14,323.01,4.36
1986-07-21,0.26,2.71,12.80,0.17,0.69,2.86,6.87,196.60,333.28,3.86
1986-07-22,3.13,2.18,10.93,0.17,0.68,2.37,5.81,130.60,340.11,4.16
1986-07-23,0.18,2.76,10.91,0.17,0.69,2.88,5.85,214.34,317.10,4.03
1986-07-24,1.01,2.70,11.61,0.17,0.68,2.88,6.35,211.80,322.04,3.72
1986-07-25,0.05,2.61,13.04,0.17,0.68,2.70,7.00,176.86,338.87,4.51
1986-07-26,0.01,2.33,13.61,0.17,0.67,2.35,8.39,193.80,339.38,4.42
1986-07-27,5.45,2.62,14.00,0.16,0.65,2.84,7.43,155.24,349.25,5.39
1986-07-28,27.99,1.81,14.98,0.61,2.44,1.95,8.82,116.18,364.61,3.30
1986-07-29,1.13,1.84,13.97,1.01,4.03,2.01,8.73,141.67,353.33,3.89
1986-07-30,13.45,1.26,10.30,0.53,2.10,1.44,7.13,108.03,343.76,4.02
1986-07-31,3.89,1.38,12.05,1.08,4.33,1.57,8.19,124.40,348.03,4.57
1986-08-01,7.70,2.48,10.99,0.67,2.69,2.68,6.11,191.51,321.21,4.27
1986-08-02,1.96,2.16,13.04,0.85,3.41,2.44,7.85,150.59,344.93,8.78
1986-08-03,0.40,2.14,12.31,0.56,2.22,2.21,6.86,156.40,338.21,2.99
1986-08-04,5.77,1.66,11.63,0.51,2.04,1.76,7.57,144.03,339.56,1.90
1986-08-05,12.34,1.97,12.01,0.52,2.07,2.11,7.64,173.57,333.07,2.87
1986-08-06,8.62,1.43,11.78,1.99,7.96,1.61,7.61,108.46,349.39,4.20
1986-08-07,1.87,1.24,12.45,1.75,6.98,1.41,8.53,112.81,351.25,4.11
1986-08-08,3.46,1.87,12.59,0.96,3.84,2.04,7.42,131.46,346.06,3.83
1986-08-09,0.00,2.26,10.73,0.76,3.02,2.26,6.94,217.95,312.26,2.02
1986-08-10,0.00,2.12,12.21,0.45,1.78,2.12,7.77,193.89,326.73,2.91
1986-08-11,0.00,1.84,10.91,0.34,1.34,1.84,7.17,172.15,325.78,2.30
1986-08-12,0.00,1.83,11.40,0.30,1.18,1.83,7.66,174.12,327.95,1.94
1986-08-13,3.66,0.73,12.14,0.28,1.11,0.87,8.02,54.52,353.72,3.53
1986-08-14,5.87,2.05,13.31,0.29,1.15,2.20,7.73,153.90,341.16,3.37
1986-08-15,3.26,1.98,11.35,0.55,2.18,2.20,6.72,144.27,333.33,5.20
1986-08-16,0.06,2.21,11.50,0.53,2.11,2.34,6.72,168.04,326.13,5.95
1986-08-17,1.14,2.00,12.44,0.35,1.38,2.15,6.99,148.90,336.29,3.03
1986-08-18,0.84,1.19,10.54,0.32,1.26,1.27,7.00,99.30,343.04,2.05
1986-08-19,6.10,1.25,10.58,0.34,1.35,1.35,7.22,113.58,338.78,1.97
1986-08-20,2.09,1.69,10.60,0.57,2.27,1.80,6.85,157.24,324.39,2.19
1986-08-21,3.21,1.01,8.95,0.52,2.06,1.12,6.60,94.86,335.96,2.34
1986-08-22,0.03,1.25,9.25,0.53,2.13,1.28,6.58,120.12,329.02,3.37
1986-08-23,0.00,1.81,9.41,0.41,1.63,1.81,5.99,170.97,311.09,2.78
1986-08-24,0.00,2.04,9.90,0.30,1.21,2.04,5.97,191.86,305.16,2.82
1986-08-25,41.51,1.21,8.40,1.70,6.79,1.42,6.35,132.48,319.87,4.64
1986-08-26,31.45,1.11,9.81,25.78,103.00,1.42,6.88,88.42,340.66,8.89
1986-08-27,3.00,1.57,10.36,10.09,40.30,1.82,6.36,94.88,340.04,6.00
1986-08-28,0.11,2.00,9.92,2.70,10.80,2.16,5.83,160.67,312.96,4.84
1986-08-29,0.14,0.95,9.73,1.32,5.27,1.04,6.31,51.05,341.56,4.67
1986-08-30,0.01,1.68,9.94,0.89,3.55,1.69,5.87,123.73,325.49,3.89
1986-08-31,5.08,1.57,8.00,0.69,2.76,1.77,5.48,150.75,306.09,4.13
1986-09-01,0.16,2.18,11.81,0.78,3.12,2.33,6.86,182.40,312.66,5.44
1986-09-02,19.96,2.33,12.05,2.16,8.63,2.56,5.90,114.90,335.99,5.46
1986-09-03,0.03,1.87,9.74,3.83,15.30,1.92,5.89,161.04,307.76,4.68
1986-09-04,0.00,1.53,9.67,1.24,4.94,1.53,6.00,118.34,323.79,4.24
1986-09-05,0.45,2.06,11.86,0.78,3.12,2.27,6.29,128.71,328.90,4.81
1986-09-06,0.00,1.90,10.50,0.64,2.55,1.90,6.16,159.21,310.09,4.50
1986-09-07,0.05,1.79,9.43,0.53,2.10,1.86,5.58,128.15,315.67,5.34
1986-09-08,0.00,1.88,8.97,0.42,1.68,1.88,5.11,173.63,292.05,3.13
1986-09-09,0.00,1.57,8.64,0.38,1.53,1.58,5.61,157.06,299.47,3.38
1986-09-10,0.00,1.58,7.21,0.35,1.41,1.58,4.73,168.11,284.56,2.51
1986-09-11,0.01,1.28,7.09,0.31,1.25,1.28,5.31,148.83,294.41,2.39
1986-09-12,0.04,1.23,7.29,0.32,1.26,1.26,5.39,142.69,297.22,2.08
1986-09-13,0.00,1.24,6.48,0.30,1.21,1.24,4.98,149.31,288.78,2.12
1986-09-14,0.00,1.52,6.97,0.29,1.15,1.52,4.81,171.17,278.99,3.03
1986-09-15,0.00,1.35,6.24,0.27,1.09,1.35,4.65,151.93,283.22,2.98
1986-09-16,0.00,1.46,6.38,0.26,1.05,1.46,4.59,177.27,270.86,2.55
1986-09-17,0.59,0.86,6.20,0.26,1.04,1.00,5.36,106.13,305.10,2.84
1986-09-18,0.05,1.41,6.88,0.26,1.02,1.45,4.67,167.71,275.01,2.31
1986-09-19,0.00,1.32,7.72,0.24,0.97,1.33,5.38,138.20,294.45,4.18
1986-09-20,0.00,1.36,11.61,0.24,0.95,1.36,7.05,90.97,336.38,5.11
1986-09-21,0.90,1.63,12.33,0.24,0.95,1.87,7.05,81.27,343.56,6.36
1986-09-22,0.14,0.93,13.16,0.24,0.97,1.06,8.53,63.98,355.91,4.83
1986-09-23,0.00,1.13,12.34,0.24,0.96,1.13,7.55,94.40,336.77,2.97
1986-09-24,0.01,1.00,10.19,0.23,0.92,1.01,6.75,111.12,317.26,2.21
1986-09-25,0.06,0.90,8.78,0.23,0.90,0.92,6.21,113.13,308.20,1.63
1986-09-26,0.48,0.57,8.31,0.22,0.89,0.63,6.22,57.89,333.35,1.72
1986-09-27,0.26,0.97,10.06,0.22,0.88,1.09,6.17,70.36,333.80,2.77
1986-09-28,0.16,0.60,13.06,0.22,0.87,0.75,9.37,93.99,338.95,6.11
1986-09-29,0.00,1.26,15.12,0.22,0.88,1.27,9.18,98.71,344.57,4.10
1986-09-30,0.00,1.42,13.87,0.22,0.89,1.42,8.06,122.66,323.69,3.79
1986-10-01,0.24,1.18,11.23,0.21,0.84,1.37,6.77,67.39,338.84,4.86
1986-10-02,0.00,1.16,10.53,0.21,0.83,1.16,6.26,86.22,322.77,3.69
1986-10-03,0.00,0.77,9.54,0.20,0.81,0.77,6.32,89.85,315.94,2.02
1986-10-04,1.35,1.06,10.99,0.20,0.80,1.18,6.72,117.17,305.54,2.83
1986-10-05,0.54,0.76,12.24,0.21,0.83,0.91,7.95,56.49,348.45,3.94
1986-10-06,1.05,1.19,12.87,0.20,0.81,1.36,7.39,73.43,339.64,4.08
1986-10-07,0.00,1.23,13.82,0.21,0.83,1.23,8.21,82.00,339.04,5.04
1986-10-08,0.53,0.72,10.82,0.20,0.81,0.83,7.06,71.97,329.53,2.82
1986-10-09,3.87,0.63,12.03,0.21,0.83,0.79,8.19,60.01,342.97,4.76
1986-10-10,0.09,0.92,10.50,0.24,0.95,1.02,6.45,78.35,320.68,3.41
1986-10-11,0.00,0.78,8.25,0.22,0.88,0.78,5.62,113.26,284.19,2.61
1986-10-12,0.00,0.90,8.02,0.21,0.82,0.90,5.33,99.68,289.88,3.48
1986-10-13,0.00,0.35,8.35,0.20,0.81,0.35,6.63,58.01,323.51,2.19
1986-10-14,0.00,0.40,10.97,0.20,0.80,0.40,7.83,53.51,338.63,2.88
1986-10-15,0.00,0.73,7.25,0.20,0.81,0.73,4.89,109.16,273.67,2.45
1986-10-16,0.00,0.66,8.41,0.19,0.74,0.66,5.73,92.64,292.84,2.75
1986-10-17,0.71,0.65,7.27,0.20,0.79,0.78,5.32,95.52,283.51,3.16
1986-10-18,9.00,0.41,7.44,0.21,0.83,0.56,6.06,38.60,329.15,4.90
1986-10-19,1.49,0.78,3.60,0.34,1.34,1.01,3.95,75.49,276.63,5.52
1986-10-20,4.87,0.51,4.08,0.29,1.15,0.68,4.45,56.40,295.24,4.46
1986-10-21,2.07,0.43,5.46,0.35,1.39,0.59,5.15,52.47,305.53,4.76
1986-10-22,3.60,0.86,5.04,0.33,1.33,1.09,4.25,76.61,278.38,5.34
1986-10-23,0.33,0.96,4.38,0.38,1.51,1.20,3.93,86.44,264.44,6.18
1986-10-24,17.20,0.51,5.44,0.32,1.28,0.71,5.04,33.97,318.52,5.73
1986-10-25,1.17,0.45,7.33,2.46,9.81,0.70,6.04,36.73,325.63,8.76
1986-10-26,1.11,1.40,7.70,0.66,2.65,1.66,4.34,71.27,287.03,5.93
1986-10-27,4.24,0.11,9.80,0.49,1.95,0.17,7.66,31.97,340.96,5.56
1986-10-28,5.50,0.28,9.96,1.19,4.76,0.36,7.30,35.75,337.50,3.69
1986-10-29,11.68,1.05,6.36,0.97,3.87,1.32,4.45,70.04,280.11,6.44
1986-10-30,2.39,1.05,7.19,3.53,14.10,1.38,5.14,63.32,291.93,9.47
1986-10-31,2.61,0.71,5.75,1.23,4.92,0.89,4.35,52.52,292.75,4.12
1986-11-01,3.20,0.43,3.89,1.18,4.71,0.62,4.43,46.57,291.15,5.39
1986-11-02,1.73,0.52,2.67,0.93,3.71,0.65,3.27,54.14,270.75,3.04
1986-11-03,0.14,0.22,4.64,0.76,3.04,0.24,4.88,57.99,281.60,4.00
1986-11-04,1.20,0.51,5.91,0.61,2.45,0.66,4.80,38.45,306.08,4.00
1986-11-05,0.57,0.43,8.54,0.58,2.33,0.62,6.44,37.12,322.18,7.08
1986-11-06,1.83,0.98,6.85,0.53,2.11,1.18,4.24,43.06,299.33,4.56
1986-11-07,12.03,0.00,8.29,1.71,6.85,0.00,7.25,26.52,332.44,6.38
1986-11-08,1.32,0.92,4.43,3.00,12.00,1.17,3.67,56.51,268.28,5.78
1986-11-09,6.12,0.75,6.67,2.20,8.79,1.02,5.23,23.52,324.73,7.81
1986-11-10,2.34,1.32,8.35,2.39,9.56,1.65,5.19,49.87,295.78,9.71
1986-11-11,0.95,0.16,6.29,1.27,5.08,0.21,5.55,29.10,315.32,3.00
1986-11-12,0.15,0.52,4.91,0.94,3.76,0.59,4.35,25.94,309.20,3.95
1986-11-13,5.27,0.00,6.74,1.17,4.68,0.00,6.64,21.00,328.08,4.93
1986-11-14,3.61,0.56,6.95,1.81,7.25,0.74,5.29,22.55,324.05,4.96
1986-11-15,0.49,0.41,6.73,1.57,6.29,0.54,5.03,50.02,282.57,4.39
1986-11-16,0.78,0.40,7.37,0.99,3.96,0.58,5.82,29.38,315.93,6.47
1986-11-17,4.64,0.32,2.81,0.83,3.31,0.45,4.06,25.52,296.58,4.43
1986-11-18,5.55,0.34,3.19,1.45,5.81,0.46,3.98,32.29,286.72,4.02
1986-11-19,0.04,0.14,2.72,1.75,7.00,0.16,3.71,44.11,265.00,2.61
1986-11-20,0.03,0.23,2.31,1.04,4.16,0.25,3.57,48.97,254.45,3.56
1986-11-21,8.30,0.30,1.55,0.77,3.06,0.40,3.12,39.20,262.10,3.08
1986-11-22,10.20,0.18,2.33,4.73,18.90,0.34,4.26,31.99,281.94,8.42
1986-11-23,1.10,0.52,5.65,3.80,15.20,0.77,4.94,27.15,303.73,7.32
1986-11-24,9.03,0.39,7.58,2.47,9.86,0.58,5.91,22.08,322.03,6.48
1986-11-25,5.55,0.12,9.49,6.71,26.80,0.19,7.29,17.29,339.52,6.30
1986-11-26,1.07,0.60,4.85,2.75,11.00,0.79,4.04,32.70,284.37,4.87
1986-11-27,0.03,0.01,6.02,1.53,6.12,0.02,5.82,9.13,324.44,6.32
1986-11-28,1.07,0.74,8.14,1.05,4.21,0.99,5.62,20.24,324.30,6.78
1986-11-29,0.05,0.31,6.58,0.90,3.58,0.35,5.02,24.18,308.11,3.42
1986-11-30,0.35,0.44,6.49,0.78,3.10,0.59,5.11,21.92,311.67,4.95
1986-12-01,0.09,0.21,7.49,0.74,2.97,0.30,6.09,24.63,312.73,7.25
1986-12-02,5.02,0.77,6.63,0.93,3.70,1.00,4.80,10.40,324.70,5.82
1986-12-03,5.25,0.06,8.00,1.53,6.12,0.11,6.73,14.66,333.46,9.34
1986-12-04,15.24,0.97,8.86,3.35,13.40,1.20,5.34,16.24,331.19,5.59
1986-12-05,1.05,0.20,6.39,6.83,27.30,0.34,5.73,18.06,317.63,7.64
1986-12-06,0.41,0.30,2.81,1.87,7.48,0.39,3.54,32.55,265.58,3.87
1986-12-07,17.73,0.31,3.76,5.51,22.00,0.50,4.55,7.91,311.97,7.10
1986-12-08,13.15,0.00,5.01,13.04,52.10,0.00,5.53,13.64,319.24,3.02
1986-12-09,0.27,0.24,3.64,5.58,22.30,0.34,4.06,29.69,275.53,4.20
1986-12-10,12.47,0.34,1.96,2.63,10.50,0.46,3.50,16.36,293.50,3.62
1986-12-11,3.56,0.00,3.17,10.36,41.40,0.00,5.30,16.84,304.03,5.53
1986-12-12,10.51,0.52,2.14,5.18,20.70,0.73,3.47,19.70,286.12,5.35
1986-12-13,0.03,0.00,2.40,8.46,33.80,0.00,4.71,20.50,291.37,4.07
1986-12-14,14.17,0.05,0.24,2.70,10.80,0.06,2.98,32.60,249.66,2.16
1986-12-15,9.67,0.00,0.98,7.21,28.80,0.00,4.63,21.23,284.15,5.24
1986-12-16,1.76,0.37,1.62,4.78,19.10,0.54,3.48,24.14,274.02,5.29
1986-12-17,1.96,0.42,3.37,8.16,32.60,0.62,4.18,13.61,306.88,5.77
1986-12-18,3.62,0.58,2.17,4.51,18.00,0.81,3.54,14.89,296.30,5.89
1986-12-19,1.66,0.51,0.84,2.78,11.10,0.74,3.21,21.23,275.51,6.32
1986-12-20,4.37,0.55,1.66,2.01,8.05,0.80,3.36,27.25,266.49,6.84
1986-12-21,0.64,0.17,1.60,3.10,12.40,0.29,3.96,18.21,288.96,6.40
1986-12-22,0.04,0.28,0.75,1.92,7.68,0.33,3.32,26.57,264.93,5.10
1986-12-23,0.02,0.08,1.30,1.53,6.13,0.09,3.84,16.20,291.71,3.51
1986-12-24,2.62,0.31,3.28,2.13,8.51,0.43,4.05,7.37,308.20,4.02
1986-12-25,0.41,0.13,3.23,3.78,15.10,0.18,4.33,18.65,296.08,3.86
1986-12-26,0.70,0.35,2.09,2.00,7.99,0.50,3.61,20.29,284.93,4.65
1986-12-27,0.94,0.58,2.89,1.61,6.42,0.82,3.83,14.31,302.38,6.37
1986-12-28,4.28,0.43,6.12,1.88,7.53,0.66,5.32,14.59,320.21,7.81
1986-12-29,19.79,0.45,5.41,8.28,33.10,0.63,4.81,13.35,318.77,5.19
1986-12-30,11.84,0.02,4.14,14.89,59.50,0.03,5.11,13.24,314.83,5.34
1986-12-31,2.90,0.10,3.48,5.21,20.80,0.15,4.55,14.07,308.97,3.34
1987-01-01,26.30,0.51,2.68,2.19,8.74,0.72,3.83,13.36,304.84,5.71
1987-01-02,0.41,0.13,2.17,2.93,11.70,0.19,4.04,19.46,290.71,4.28
1987-01-03,3.93,0.27,0.27,1.64,6.55,0.34,2.37,27.68,255.77,2.43
1987-01-04,3.58,0.00,1.81,1.23,4.93,0.00,5.43,18.04,298.17,6.46
1987-01-05,0.47,0.50,2.39,1.08,4.31,0.73,3.76,25.08,279.68,7.41
1987-01-06,0.03,0.91,1.32,0.99,3.94,0.97,2.81,25.06,270.42,6.78
1987-01-07,0.00,0.12,-0.08,0.90,3.60,0.12,3.01,29.67,258.93,2.95
1987-01-08,0.02,0.04,-3.59,2.00,7.98,0.04,2.13,31.71,237.72,1.57
1987-01-09,0.86,0.08,-3.62,1.74,6.94,0.12,2.37,10.02,272.60,1.99
1987-01-10,1.43,0.00,-2.91,1.45,5.80,0.00,3.10,15.27,279.53,3.81
1987-01-11,8.72,0.19,-5.77,1.24,4.95,0.28,1.92,27.05,240.09,3.55
1987-01-12,7.21,0.19,-7.35,1.28,5.11,0.31,1.84,20.82,246.02,4.75
1987-01-13,8.80,0.14,-6.36,1.31,5.23,0.25,2.19,16.00,261.25,6.11
1987-01-14,6.04,0.00,-3.92,2.55,10.20,0.01,2.85,9.33,274.98,7.35
1987-01-15,0.68,0.01,-1.24,3.10,12.40,0.01,3.43,9.50,287.92,5.06
1987-01-16,0.07,0.24,-0.07,2.33,9.32,0.26,3.12,18.27,287.63,2.94
1987-01-17,0.00,0.20,-1.82,1.94,7.76,0.20,2.85,16.96,282.48,3.17
1987-01-18,0.60,0.16,-2.96,2.88,11.50,0.23,2.69,19.07,274.28,3.51
1987-01-19,1.25,0.31,-0.08,5.98,23.90,0.44,3.11,10.25,290.48,4.03
1987-01-20,0.12,0.00,1.83,4.46,17.80,0.00,4.73,19.32,302.59,2.68
1987-01-21,0.16,0.05,4.23,3.65,14.60,0.07,4.91,19.84,312.50,2.23
1987-01-22,0.01,0.07,5.09,4.18,16.70,0.07,4.77,38.39,286.36,2.42
1987-01-23,0.00,0.15,3.61,5.16,20.60,0.15,4.42,22.25,305.84,2.56
1987-01-24,0.00,0.09,2.86,4.25,17.00,0.09,4.14,22.28,302.46,1.69
1987-01-25,0.11,0.18,2.58,5.11,20.40,0.22,3.85,28.69,290.92,2.45
1987-01-26,0.02,0.11,1.53,5.33,21.30,0.12,3.78,24.72,293.57,2.15
1987-01-27,0.06,0.25,0.65,4.58,18.30,0.28,3.17,20.85,293.56,2.14
1987-01-28,0.09,0.27,0.40,3.85,15.40,0.31,3.17,28.10,282.76,2.85
1987-01-29,0.00,0.10,0.10,3.33,13.30,0.10,3.29,24.75,287.89,1.50
1987-01-30,0.00,0.13,-1.30,0.92,3.68,0.13,2.61,46.93,249.45,1.93
1987-01-31,0.00,0.10,-3.31,0.63,2.50,0.10,1.97,56.97,226.53,1.39
1987-02-01,3.98,0.34,-2.78,0.72,2.87,0.43,1.82,51.80,238.95,2.18
1987-02-02,5.54,0.00,-0.87,2.42,9.65,0.01,4.17,23.77,292.46,2.75
1987-02-03,0.07,0.16,3.01,2.50,9.98,0.18,4.27,37.58,293.39,2.42
1987-02-04,3.31,0.59,2.93,2.49,9.94,0.76,3.58,30.70,298.07,3.91
1987-02-05,6.99,0.08,5.19,6.63,26.50,0.14,5.53,39.85,305.75,6.81
1987-02-06,0.38,1.18,7.01,5.71,22.80,1.51,4.81,56.82,293.05,8.94
1987-02-07,2.99,0.47,3.34,2.50,10.00,0.58,3.76,35.41,297.83,2.94
1987-02-08,0.82,0.02,5.13,2.32,9.26,0.03,5.65,48.91,300.01,3.81
1987-02-09,20.67,0.12,3.30,9.41,37.60,0.17,4.49,16.11,309.92,3.10
1987-02-10,0.06,0.66,3.02,5.78,23.10,0.75,3.93,48.94,286.85,6.71
1987-02-11,0.04,0.31,1.98,2.40,9.57,0.33,3.76,52.83,279.70,2.84
1987-02-12,0.26,0.25,1.39,1.39,5.54,0.29,3.50,38.08,290.45,1.84
1987-02-13,1.50,0.19,0.70,1.42,5.68,0.23,3.53,38.84,288.15,1.67
1987-02-14,0.00,0.33,0.63,1.14,4.55,0.33,3.17,66.45,262.86,2.19
1987-02-15,0.02,0.26,-1.23,1.03,4.11,0.27,2.79,60.48,260.11,1.86
1987-02-16,1.70,0.38,-1.46,0.85,3.38,0.51,2.79,61.12,260.02,3.22
1987-02-17,0.01,0.39,-1.10,0.73,2.92,0.41,2.93,66.75,258.81,3.54
1987-02-18,0.05,0.39,-0.18,0.69,2.77,0.42,3.00,78.84,253.94,2.43
1987-02-19,2.38,0.18,-0.28,0.64,2.57,0.23,3.46,39.16,287.98,1.86
1987-02-20,0.01,0.27,1.26,0.73,2.93,0.28,3.72,73.26,269.96,1.74
1987-02-21,0.00,0.31,1.41,0.91,3.63,0.31,3.74,45.97,291.86,2.48
1987-02-22,0.35,0.39,2.87,0.81,3.22,0.49,3.96,27.38,305.99,3.30
1987-02-23,0.00,0.30,0.26,0.78,3.10,0.30,3.28,38.21,292.13,1.88
1987-02-24,0.00,0.32,0.03,0.73,2.91,0.32,3.21,49.76,283.29,1.83
1987-02-25,0.00,0.57,-0.45,0.62,2.49,0.57,2.78,56.99,274.39,3.22
1987-02-26,11.41,0.72,1.94,0.55,2.20,0.91,3.30,41.00,298.42,3.99
1987-02-27,1.17,0.26,5.06,2.13,8.52,0.31,5.46,55.12,310.24,2.08
1987-02-28,0.07,0.49,7.11,2.29,9.13,0.55,5.89,84.78,301.30,2.76
1987-03-01,18.61,0.51,6.37,3.05,12.20,0.64,5.38,42.19,325.05,3.54
1987-03-02,0.86,1.50,4.39,6.78,27.10,1.80,3.51,99.81,273.57,7.05
1987-03-03,2.81,0.54,0.25,1.85,7.41,0.72,3.25,57.72,284.33,3.97
1987-03-04,0.14,0.71,0.07,1.44,5.77,0.84,2.85,77.95,269.91,3.37
1987-03-05,8.69,0.14,0.17,2.09,8.36,0.19,3.66,26.46,294.37,2.99
1987-03-06,5.66,0.34,1.12,3.15,12.60,0.52,3.94,46.36,299.23,5.75
1987-03-07,1.10,0.66,-0.01,1.67,6.67,0.98,3.11,27.46,290.78,8.24
1987-03-08,0.02,0.56,0.23,1.27,5.08,0.60,3.36,70.33,281.18,4.41
1987-03-09,0.07,0.56,-0.48,1.04,4.15,0.63,3.16,64.09,281.34,4.91
1987-03-10,0.00,0.76,0.48,0.91,3.65,0.76,3.14,89.93,271.78,3.95
1987-03-11,0.00,0.86,0.31,0.94,3.75,0.86,3.00,138.57,246.25,2.58
1987-03-12,0.13,0.79,-0.84,0.94,3.76,0.84,2.65,140.49,240.32,1.78
1987-03-13,0.61,0.41,0.20,0.89,3.55,0.49,3.52,63.43,288.44,2.03
1987-03-14,0.50,0.68,1.89,0.91,3.65,0.83,3.56,65.09,294.66,3.26
1987-03-15,0.48,1.05,3.33,0.99,3.95,1.24,3.91,111.30,279.69,5.69
1987-03-16,3.41,1.10,2.94,0.97,3.86,1.31,3.19,63.63,298.38,4.14
1987-03-17,0.68,0.57,4.97,1.91,7.62,0.82,5.29,102.15,298.10,7.23
1987-03-18,0.03,1.56,2.28,1.12,4.46,1.65,3.09,155.78,252.42,7.16
1987-03-19,0.11,1.21,0.06,0.69,2.75,1.43,2.69,134.37,253.43,5.40
1987-03-20,0.55,1.17,0.76,0.59,2.37,1.43,3.00,140.99,256.09,5.20
1987-03-21,0.24,1.00,0.06,0.53,2.13,1.14,2.89,140.62,254.24,3.02
1987-03-22,0.08,0.85,1.93,0.51,2.05,0.94,3.70,111.85,279.16,3.28
1987-03-23,0.00,0.60,3.07,0.51,2.02,0.60,4.31,77.63,301.58,1.81
1987-03-24,11.16,0.78,2.41,0.56,2.22,0.96,3.80,81.62,295.60,3.53
1987-03-25,5.96,0.76,4.11,2.47,9.86,0.96,4.90,122.86,290.46,4.46
1987-03-26,13.51,0.96,4.38,6.11,24.40,1.23,4.49,96.08,301.24,6.11
1987-03-27,16.88,0.43,6.28,10.64,42.50,0.66,5.99,78.18,320.95,7.68
1987-03-28,0.27,1.49,4.21,7.21,28.80,1.82,3.96,126.12,286.87,8.76
1987-03-29,0.00,1.84,2.44,1.95,7.79,1.85,2.90,179.48,252.70,6.26
1987-03-30,0.19,1.04,5.20,1.19,4.77,1.20,4.74,109.52,302.29,4.24
1987-03-31,11.38,1.21,7.18,1.30,5.20,1.45,5.15,80.12,323.70,5.46
1987-04-01,10.07,0.29,2.61,6.51,26.00,0.38,4.38,40.81,306.75,3.26
1987-04-02,0.76,0.36,1.60,3.68,14.70,0.45,3.77,42.16,300.37,2.44
1987-04-03,0.18,0.45,2.81,2.68,10.70,0.65,4.61,75.00,307.30,5.75
1987-04-04,4.25,0.33,4.01,2.26,9.01,0.53,4.92,42.44,314.10,7.56
1987-04-05,7.59,0.70,4.04,5.53,22.10,0.91,4.70,76.73,312.57,4.93
1987-04-06,0.18,0.70,4.02,3.30,13.20,0.85,4.71,80.26,311.68,3.45
1987-04-07,6.85,0.15,3.53,2.90,11.60,0.27,5.14,46.29,312.68,3.42
1987-04-08,6.07,0.75,4.48,5.43,21.70,0.90,4.83,83.19,313.59,3.14
1987-04-09,3.00,1.08,5.81,3.23,12.90,1.26,5.01,111.17,310.52,3.56
1987-04-10,26.36,1.56,4.40,7.76,31.00,1.81,3.98,155.27,286.17,5.03
1987-04-11,3.27,1.22,3.50,11.61,46.40,1.54,3.93,96.64,302.82,7.58
1987-04-12,0.87,1.94,4.25,3.33,13.30,2.12,3.94,240.26,258.45,3.02
1987-04-13,0.20,1.24,8.20,2.05,8.21,1.39,6.02,120.96,321.65,3.71
1987-04-14,0.04,1.76,8.44,1.36,5.43,1.82,5.45,159.66,308.69,3.45
1987-04-15,0.06,1.59,9.88,1.10,4.38,1.67,6.29,131.25,326.81,3.89
1987-04-16,0.00,2.04,8.15,0.87,3.49,2.04,5.03,202.56,292.95,2.09
1987-04-17,0.00,2.15,8.75,0.74,2.95,2.15,5.81,225.83,292.26,2.12
1987-04-18,0.83,1.62,10.17,0.67,2.67,1.78,6.99,163.68,321.27,3.83
1987-04-19,0.60,2.70,10.27,0.63,2.50,2.94,5.26,176.26,312.23,6.65
1987-04-20,0.05,2.50,7.76,0.59,2.35,2.59,4.30,193.66,293.03,5.50
1987-04-21,0.00,1.83,9.88,0.51,2.05,1.83,6.31,165.48,319.07,3.48
1987-04-22,0.00,1.50,8.95,0.49,1.95,1.50,5.78,121.74,327.33,2.91
1987-04-23,0.00,2.45,10.57,0.45,1.79,2.45,5.81,217.69,304.92,2.27
1987-04-24,0.00,2.15,9.84,0.42,1.67,2.15,6.27,208.01,307.75,1.79
1987-04-25,0.00,2.28,9.34,0.40,1.60,2.28,5.80,219.51,301.19,2.54
1987-04-26,0.00,2.49,10.49,0.38,1.50,2.49,6.08,231.43,303.54,1.81
1987-04-27,0.00,2.79,13.15,0.36,1.43,2.79,7.65,244.87,316.28,2.54
1987-04-28,0.00,3.07,12.71,0.34,1.36,3.07,6.99,266.96,306.30,2.85
1987-04-29,0.05,2.40,12.44,0.33,1.33,2.44,6.71,188.78,327.26,2.48
1987-04-30,4.52,1.92,12.05,0.35,1.39,2.09,7.35,153.36,337.49,3.54
1987-05-01,3.76,2.02,6.91,0.36,1.44,2.26,4.86,192.94,299.72,5.17
1987-05-02,2.87,2.01,3.89,0.37,1.49,2.31,3.51,185.52,284.01,6.42
1987-05-03,0.21,2.45,4.84,0.35,1.40,2.64,3.60,236.72,274.25,6.36
1987-05-04,0.00,1.89,5.84,0.32,1.29,1.89,4.29,175.62,298.82,3.47
1987-05-05,0.00,2.97,9.54,0.31,1.22,2.97,5.14,259.89,293.87,3.83
1987-05-06,0.00,2.59,9.28,0.29,1.15,2.59,5.53,240.20,300.77,2.33
1987-05-07,0.00,3.09,9.92,0.28,1.11,3.09,6.13,305.57,289.33,2.84
1987-05-08,0.00,3.26,11.10,0.27,1.08,3.26,6.18,295.30,296.56,2.89
1987-05-09,0.05,2.13,9.13,0.27,1.06,2.22,5.73,181.45,317.43,4.54
1987-05-10,1.75,2.71,7.14,0.26,1.05,2.94,4.14,238.03,288.16,4.43
1987-05-11,3.02,1.16,8.50,0.28,1.10,1.40,6.53,124.01,331.35,5.61
1987-05-12,2.25,1.86,5.98,0.30,1.19,2.09,4.72,188.41,300.59,4.50
1987-05-13,2.94,2.23,5.74,0.28,1.11,2.45,4.23,218.68,289.93,4.39
1987-05-14,4.12,1.24,5.66,0.30,1.18,1.45,5.21,138.30,313.79,4.07
1987-05-15,0.33,2.13,5.28,0.34,1.37,2.35,4.38,232.36,286.37,4.24
1987-05-16,3.39,2.10,5.08,0.31,1.22,2.26,4.27,224.07,287.42,2.65
1987-05-17,3.65,0.49,6.11,0.35,1.40,0.58,5.75,62.10,324.72,2.41
1987-05-18,0.03,2.39,8.03,0.42,1.66,2.44,5.21,226.36,302.60,2.88
1987-05-19,0.00,1.74,7.77,0.32,1.26,1.75,5.80,174.70,316.39,3.33
1987-05-20,0.02,3.12,8.05,0.27,1.09,3.16,4.14,258.16,289.55,4.52
1987-05-21,2.81,1.67,8.08,0.26,1.04,1.94,5.63,139.89,325.75,6.14
1987-05-22,0.07,1.92,6.80,0.29,1.15,2.02,4.86,171.32,310.71,4.88
1987-05-23,0.00,1.76,7.48,0.27,1.08,1.77,5.48,168.43,316.44,4.46
1987-05-24,0.00,2.04,7.24,0.25,1.01,2.04,5.35,208.31,306.02,3.95
1987-05-25,0.00,2.11,8.46,0.25,0.98,2.12,5.62,192.79,315.44,2.82
1987-05-26,0.01,2.07,8.71,0.23,0.91,2.09,5.75,186.24,318.58,2.93
1987-05-27,0.00,1.98,7.53,0.22,0.88,1.99,5.15,179.70,313.57,3.05
1987-05-28,2.62,1.47,7.51,0.23,0.91,1.61,5.24,120.89,327.65,2.46
1987-05-29,7.68,1.88,8.35,0.26,1.02,2.03,5.47,159.18,323.02,2.86
1987-05-30,3.15,2.00,11.72,0.40,1.60,2.20,7.81,185.15,336.47,4.52
1987-05-31,1.22,2.94,11.74,0.38,1.53,3.14,6.85,250.12,320.12,4.38
1987-06-01,0.42,2.83,11.58,0.28,1.13,3.02,6.23,212.46,325.32,4.20
1987-06-02,11.07,1.56,9.82,0.34,1.36,1.71,7.08,149.46,334.76,2.81
1987-06-03,0.47,0.66,9.44,0.68,2.71,0.79,7.03,66.38,340.89,3.16
1987-06-04,0.03,2.06,9.37,0.45,1.80,2.10,6.05,179.67,324.10,2.88
1987-06-05,17.17,1.67,8.72,0.74,2.96,1.88,6.04,147.25,329.05,4.28
1987-06-06,10.58,1.57,10.06,2.90,11.60,1.81,6.92,140.87,337.86,5.76
1987-06-07,9.95,1.46,9.63,4.41,17.60,1.65,6.68,126.14,339.02,3.95
1987-06-08,2.54,0.87,8.05,2.40,9.60,1.03,5.86,67.13,333.35,3.61
1987-06-09,0.37,1.63,7.91,1.29,5.15,1.73,5.21,132.10,327.40,2.26
1987-06-10,1.06,1.57,8.26,0.83,3.33,1.68,6.05,144.07,328.16,2.07
1987-06-11,4.19,1.56,8.00,0.62,2.46,1.68,5.83,141.10,327.31,2.32
1987-06-12,2.23,2.11,7.91,0.93,3.73,2.19,5.77,207.32,311.72,2.22
1987-06-13,5.86,2.10,6.96,0.71,2.85,2.23,5.30,211.15,305.56,2.17
1987-06-14,1.46,1.78,7.08,1.39,5.57,1.92,5.56,179.52,314.22,2.49
1987-06-15,0.04,2.18,8.27,0.88,3.51,2.21,5.83,211.68,312.42,2.56
1987-06-16,9.26,2.49,8.59,2.01,8.04,2.62,6.00,244.87,306.69,2.35
1987-06-17,0.11,2.55,8.85,1.40,5.58,2.62,5.80,242.05,307.56,2.81
1987-06-18,0.00,2.91,9.38,0.67,2.66,2.91,5.76,269.40,302.90,2.42
1987-06-19,1.70,2.21,10.27,0.49,1.95,2.36,6.28,182.26,328.67,3.05
1987-06-20,0.00,2.46,10.24,0.43,1.72,2.46,6.09,207.22,322.17,2.61
1987-06-21,8.52,2.16,9.74,0.62,2.49,2.28,6.32,190.87,324.58,2.33
1987-06-22,4.16,1.78,11.17,2.22,8.88,1.91,7.55,156.27,340.55,2.51
1987-06-23,2.19,1.33,10.84,1.12,4.47,1.45,7.74,119.96,346.87,2.33
1987-06-24,0.97,2.19,11.43,0.79,3.17,2.34,6.94,175.27,336.62,3.09
1987-06-25,2.91,1.57,9.61,0.75,2.99,1.70,6.98,148.50,334.68,2.62
1987-06-26,0.24,2.29,9.55,0.69,2.76,2.42,6.23,208.10,319.54,2.28
1987-06-27,6.66,1.64,12.25,0.61,2.44,1.78,7.95,130.98,351.09,2.91
1987-06-28,3.83,1.53,14.80,1.61,6.44,1.68,10.31,141.20,360.22,3.38
1987-06-29,0.95,1.73,15.14,1.39,5.56,1.86,9.76,133.26,363.92,2.90
1987-06-30,0.06,3.53,13.55,0.84,3.34,3.64,7.51,287.10,320.52,5.84
1987-07-01,0.04,3.15,12.35,0.52,2.09,3.19,6.56,234.92,324.08,5.41
1987-07-02,0.00,2.55,12.45,0.41,1.63,2.55,6.62,188.08,336.37,2.42
1987-07-03,0.02,2.96,14.03,0.33,1.33,2.97,7.56,223.65,336.40,2.31
1987-07-04,0.00,3.70,16.07,0.29,1.16,3.71,8.03,256.08,337.92,3.34
1987-07-05,0.00,4.22,17.47,0.26,1.05,4.22,8.88,299.19,335.34,2.96
1987-07-06,0.00,3.53,16.72,0.24,0.96,3.54,9.25,260.91,342.37,2.55
1987-07-07,0.00,3.42,14.05,0.23,0.94,3.42,7.30,257.83,326.68,3.42
1987-07-08,0.05,3.02,11.76,0.22,0.88,3.10,6.11,227.14,321.30,4.09
1987-07-09,10.68,2.90,10.88,0.22,0.86,3.06,5.73,230.57,315.37,3.27
1987-07-10,29.83,1.50,14.52,3.15,12.60,1.63,9.62,121.09,362.71,3.13
1987-07-11,0.86,2.54,15.16,4.20,16.80,2.69,9.88,227.69,343.64,4.79
1987-07-12,0.00,2.03,13.23,0.96,3.83,2.03,8.08,155.66,348.97,3.02
1987-07-13,0.08,2.07,13.90,0.57,2.27,2.12,8.32,156.36,351.95,2.23
1987-07-14,3.22,0.95,14.58,0.48,1.91,1.07,9.24,65.08,365.03,3.30
1987-07-15,6.24,1.85,15.02,0.81,3.25,2.00,9.17,127.47,363.77,3.49
1987-07-16,1.43,2.05,12.56,0.95,3.81,2.16,7.81,167.07,342.46,2.36
1987-07-17,16.12,1.57,11.98,0.76,3.03,1.67,7.76,127.28,349.05,1.91
1987-07-18,12.09,0.68,11.21,9.66,38.60,0.90,7.97,64.08,349.28,6.59
1987-07-19,0.61,1.60,12.18,3.45,13.80,1.79,8.15,141.91,346.47,4.57
1987-07-20,0.03,1.68,12.55,1.25,5.00,1.72,7.98,130.21,350.70,3.68
1987-07-21,0.21,2.09,12.72,0.82,3.26,2.26,7.81,163.02,343.27,5.03
1987-07-22,0.01,2.17,12.28,0.62,2.47,2.20,7.65,183.10,336.01,4.15
1987-07-23,2.55,2.63,13.36,0.50,2.00,2.74,7.58,209.63,333.52,2.31
1987-07-24,0.62,1.84,12.44,0.47,1.86,2.00,7.87,148.64,345.05,3.51
1987-07-25,0.43,3.12,10.98,0.41,1.62,3.29,5.57,246.05,306.73,4.26
1987-07-26,6.18,2.28,10.54,0.40,1.59,2.47,5.68,153.18,331.09,4.09
1987-07-27,0.28,2.61,13.08,0.55,2.19,2.82,7.08,176.00,338.98,4.97
1987-07-28,0.95,1.74,13.08,0.40,1.59,1.88,7.90,124.53,353.27,3.05
1987-07-29,0.88,2.14,14.90,0.37,1.46,2.26,9.21,169.48,351.17,2.72
1987-07-30,0.90,1.96,13.84,0.33,1.31,2.12,8.08,131.79,354.72,3.73
1987-07-31,0.07,2.67,15.35,0.31,1.25,2.80,8.57,163.09,353.75,6.67
1987-08-01,0.13,2.81,12.98,0.26,1.04,2.87,6.71,173.11,336.47,6.08
1987-08-02,0.05,2.61,12.57,0.28,1.13,2.68,6.48,178.45,332.23,3.92
1987-08-03,3.17,2.46,11.83,0.27,1.07,2.63,6.53,191.05,325.33,3.50
1987-08-04,0.31,2.14,10.34,0.28,1.12,2.28,6.02,172.28,322.83,3.30
1987-08-05,1.57,2.86,9.92,0.26,1.04,3.02,5.33,254.67,293.30,3.16
1987-08-06,0.64,2.29,9.63,0.25,1.00,2.45,5.83,206.94,308.45,3.13
1987-08-07,0.03,1.34,9.78,0.24,0.97,1.40,6.62,105.14,340.19,5.00
1987-08-08,0.17,2.35,12.13,0.24,0.94,2.44,6.75,183.44,327.50,3.28
1987-08-09,0.00,1.98,11.79,0.22,0.88,1.98,7.12,168.12,331.21,2.22
1987-08-10,0.00,2.20,11.35,0.27,1.06,2.20,7.42,211.30,317.58,2.18
1987-08-11,13.27,1.50,11.36,1.00,4.01,1.63,7.56,134.08,339.12,2.63
1987-08-12,12.69,0.56,13.97,1.45,5.79,0.65,9.53,54.97,361.66,2.81
1987-08-13,0.31,2.60,15.72,0.50,2.00,2.76,9.28,203.23,340.53,4.33
1987-08-14,0.17,2.12,13.94,0.37,1.47,2.30,8.00,141.33,348.06,4.92
1987-08-15,5.66,1.72,14.37,1.56,6.24,1.87,8.45,113.73,358.19,3.40
1987-08-16,21.60,2.15,17.22,5.61,22.40,2.30,10.80,166.11,357.69,4.04
1987-08-17,0.49,1.64,16.99,1.27,5.07,1.73,11.10,134.83,364.07,2.25
1987-08-18,0.39,1.68,15.20,0.75,2.99,1.77,9.20,128.46,357.15,2.10
1987-08-19,0.42,1.92,14.00,0.56,2.23,2.02,7.86,147.94,344.16,1.97
1987-08-20,6.39,1.59,17.69,0.92,3.66,1.76,11.11,101.62,375.12,4.61
1987-08-21,2.13,2.64,15.75,0.78,3.13,2.77,8.88,210.74,333.14,2.85
1987-08-22,3.98,1.26,13.43,0.90,3.58,1.37,9.19,119.44,350.07,2.40
1987-08-23,2.61,0.57,12.18,0.82,3.26,0.71,8.38,49.75,353.79,4.25
1987-08-24,0.33,1.95,10.75,0.56,2.25,2.06,6.23,152.19,322.91,3.89
1987-08-25,9.40,1.21,11.75,6.36,25.40,1.36,7.74,99.79,346.82,3.40
1987-08-26,7.96,0.50,10.94,1.99,7.94,0.70,7.88,48.24,347.98,6.69
1987-08-27,0.01,2.82,11.73,0.84,3.35,2.84,5.56,202.83,303.61,4.56
1987-08-28,1.31,1.07,14.02,0.61,2.44,1.25,9.37,90.29,359.34,4.56
1987-08-29,0.29,1.78,14.56,0.51,2.04,1.90,8.68,137.86,346.43,3.16
1987-08-30,0.00,2.14,14.01,0.39,1.56,2.14,8.14,173.22,330.61,3.86
1987-08-31,1.08,1.86,12.26,0.44,1.75,2.01,7.03,149.17,328.40,3.18
1987-09-01,2.42,1.29,13.20,0.44,1.75,1.41,8.28,103.92,349.71,2.65
1987-09-02,0.00,2.04,11.15,0.43,1.73,2.04,6.51,195.97,302.96,2.62
1987-09-03,3.46,1.55,14.97,0.35,1.39,1.74,9.54,128.44,349.39,5.04
1987-09-04,3.05,2.57,13.39,0.58,2.33,2.80,6.93,175.38,319.02,5.59
1987-09-05,5.20,1.47,13.07,0.77,3.08,1.66,7.96,102.28,347.68,4.60
1987-09-06,0.27,1.41,11.43,0.65,2.59,1.56,7.22,117.75,333.15,3.87
1987-09-07,2.78,1.92,11.77,0.46,1.82,2.12,7.03,170.92,312.66,4.59
1987-09-08,1.12,1.75,10.99,0.39,1.55,1.92,6.44,144.36,317.42,3.90
1987-09-09,4.98,1.28,11.30,0.43,1.72,1.48,7.02,82.88,344.41,4.62
1987-09-10,1.26,2.02,10.86,0.64,2.55,2.28,6.31,162.58,307.27,6.30
1987-09-11,8.28,1.97,12.33,0.52,2.09,2.19,6.62,115.22,333.50,5.22
1987-09-12,0.93,1.09,13.31,1.52,6.07,1.29,9.02,110.76,342.98,5.43
1987-09-13,1.95,2.24,11.82,0.82,3.26,2.47,6.57,182.92,300.08,6.08
1987-09-14,4.20,2.45,11.68,0.66,2.64,2.74,6.25,165.91,304.57,8.17
1987-09-15,0.24,1.64,11.30,0.60,2.38,1.81,6.51,131.85,318.69,3.87
1987-09-16,0.37,1.37,10.99,0.41,1.62,1.46,7.04,149.29,310.89,2.05
1987-09-17,0.66,0.92,11.64,0.35,1.39,1.01,7.97,96.85,337.19,2.29
1987-09-18,0.04,2.00,10.10,0.32,1.26,2.06,5.37,168.80,288.86,4.28
1987-09-19,11.14,1.08,8.54,0.62,2.49,1.23,5.61,85.29,323.42,3.18
1987-09-20,0.24,0.80,11.74,1.01,4.04,0.90,7.69,67.35,348.53,2.36
1987-09-21,10.49,0.82,14.04,1.25,4.99,0.97,9.40,73.40,356.27,4.24
1987-09-22,8.21,2.01,12.09,2.90,11.60,2.26,6.68,151.04,306.25,6.22
1987-09-23,3.71,1.51,12.45,3.58,14.30,1.72,7.62,133.94,318.57,5.30
1987-09-24,0.64,1.44,9.78,1.74,6.96,1.65,5.93,110.17,313.34,4.99
1987-09-25,3.19,1.05,7.37,0.98,3.92,1.22,5.32,111.32,300.47,3.49
1987-09-26,0.04,0.91,6.65,0.78,3.13,0.97,5.32,106.57,299.37,3.84
1987-09-27,0.00,0.74,5.85,0.55,2.18,0.74,4.88,82.89,306.09,2.26
1987-09-28,0.00,0.72,6.96,0.47,1.86,0.72,5.16,83.06,310.64,1.60
1987-09-29,0.00,0.95,7.85,0.41,1.62,0.95,5.26,121.26,292.57,1.69
1987-09-30,0.00,0.71,7.14,0.39,1.55,0.71,5.54,79.08,313.32,2.73
1987-10-01,0.02,0.98,9.28,0.35,1.39,1.00,5.98,100.85,309.31,2.80
1987-10-02,0.00,0.55,9.30,0.33,1.30,0.55,7.06,73.96,326.70,4.04
1987-10-03,0.00,0.62,9.81,0.32,1.27,0.62,7.20,84.69,322.39,3.04
1987-10-04,2.52,0.43,8.54,0.33,1.31,0.50,6.60,49.95,335.06,2.01
1987-10-05,12.12,0.43,10.70,1.40,5.61,0.52,7.82,51.47,344.15,3.19
1987-10-06,3.38,0.82,9.42,2.17,8.67,0.99,6.49,84.77,316.32,4.11
1987-10-07,3.85,0.74,7.21,1.50,5.99,0.91,5.43,49.50,325.92,4.30
1987-10-08,5.31,0.82,6.97,2.07,8.29,1.06,5.40,61.72,316.21,6.14
1987-10-09,2.17,0.64,5.58,1.59,6.34,0.79,4.81,64.93,305.76,3.31
1987-10-10,2.77,0.20,4.93,1.38,5.52,0.25,4.95,24.71,317.99,2.32
1987-10-11,0.40,0.77,5.59,1.23,4.90,0.85,4.39,105.38,274.05,2.67
1987-10-12,3.16,0.48,6.13,0.80,3.21,0.58,5.32,69.62,303.98,2.66
1987-10-13,6.56,0.36,5.12,0.95,3.81,0.43,5.08,61.76,303.90,2.02
1987-10-14,2.89,0.53,5.99,3.55,14.20,0.64,5.06,65.78,303.38,2.85
1987-10-15,18.93,0.11,5.32,2.68,10.70,0.20,5.86,41.19,319.64,2.38
1987-10-16,4.32,0.58,6.66,10.09,40.30,0.81,5.54,44.41,321.66,6.30
1987-10-17,3.83,1.00,8.08,3.25,13.00,1.21,5.29,92.90,287.98,4.93
1987-10-18,25.20,0.23,9.09,12.61,50.40,0.36,7.01,21.08,339.27,6.86
1987-10-19,5.98,0.15,9.29,8.48,33.90,0.20,6.99,20.65,340.16,3.15
1987-10-20,21.43,0.00,9.24,4.78,19.10,0.00,7.50,20.22,340.10,1.93
1987-10-21,2.89,0.45,10.49,13.42,53.60,0.60,7.44,46.79,335.81,5.00
1987-10-22,0.43,0.75,7.25,3.93,15.70,0.88,5.23,52.40,311.78,4.71
1987-10-23,0.00,0.33,3.82,1.89,7.54,0.33,3.86,89.98,259.20,1.51
1987-10-24,0.00,0.40,3.71,1.28,5.10,0.40,3.86,81.09,265.10,2.15
1987-10-25,0.00,0.57,5.21,1.02,4.07,0.57,4.76,59.71,292.74,5.26
1987-10-26,0.33,0.90,7.54,0.86,3.44,1.10,4.98,39.72,320.21,4.61
1987-10-27,13.64,0.00,6.44,4.05,16.20,0.09,6.70,30.03,327.18,2.59
1987-10-28,0.00,0.47,5.67,2.90,11.60,0.47,4.43,79.66,270.04,2.75
1987-10-29,0.08,0.19,3.22,1.33,5.32,0.20,3.90,48.55,287.46,1.34
1987-10-30,1.36,0.19,3.65,1.00,4.00,0.23,3.94,55.70,281.11,1.37
1987-10-31,0.08,0.01,5.06,1.00,3.99,0.04,5.89,35.73,312.59,1.45
1987-11-01,0.05,0.15,6.31,NaN,NaN,0.16,5.36,40.25,310.51,1.48
1987-11-02,0.00,0.11,7.56,NaN,NaN,0.11,5.92,50.63,305.30,1.49
1987-11-03,0.01,0.13,6.27,NaN,NaN,0.13,5.45,27.18,323.17,1.23
1987-11-04,0.00,0.15,6.47,NaN,NaN,0.15,5.22,40.66,307.36,1.56
1987-11-05,0.00,0.21,5.19,NaN,NaN,0.21,4.63,39.06,301.04,1.89
1987-11-06,0.00,0.14,3.28,NaN,NaN,0.14,4.37,26.43,306.59,1.85
1987-11-07,0.48,0.06,2.21,NaN,NaN,0.07,4.25,23.70,304.50,1.38
1987-11-08,4.44,0.18,3.90,NaN,NaN,0.22,4.39,23.29,311.65,1.74
1987-11-09,0.20,0.03,5.24,NaN,NaN,0.04,5.51,25.64,316.77,2.23
1987-11-10,6.40,0.33,5.13,NaN,NaN,0.45,4.85,25.95,313.42,3.78
1987-11-11,16.45,0.60,4.14,NaN,NaN,0.79,4.11,23.13,309.76,4.63
1987-11-12,12.08,0.78,3.67,NaN,NaN,1.05,3.91,26.98,300.98,6.79
1987-11-13,0.00,0.46,4.87,NaN,NaN,0.47,4.52,48.58,278.28,5.57
1987-11-14,6.00,0.61,4.91,NaN,NaN,0.82,4.24,41.02,285.79,5.17
1987-11-15,6.29,0.32,4.87,NaN,NaN,0.43,4.74,23.16,312.25,3.80
1987-11-16,2.07,0.25,6.28,NaN,NaN,0.38,5.59,23.80,318.80,5.67
1987-11-17,0.25,0.87,8.23,NaN,NaN,1.07,5.07,25.05,322.72,4.74
1987-11-18,5.52,0.09,9.22,NaN,NaN,0.14,7.12,10.82,339.92,5.80
1987-11-19,1.23,0.97,7.95,NaN,NaN,1.22,5.12,29.98,312.27,6.60
1987-11-20,0.00,0.97,6.64,NaN,NaN,0.98,4.52,44.03,281.36,7.21
1987-11-21,2.08,0.36,5.98,NaN,NaN,0.51,5.14,10.19,322.88,5.04
1987-11-22,3.19,0.53,4.52,NaN,NaN,0.71,4.20,29.83,292.72,4.96
1987-11-23,16.85,0.44,3.30,NaN,NaN,0.65,4.17,23.51,297.67,6.37
1987-11-24,17.73,0.45,3.71,NaN,NaN,0.66,4.22,28.16,290.92,6.11
1987-11-25,6.64,0.22,2.94,NaN,NaN,0.33,4.15,27.26,288.50,4.46
1987-11-26,0.00,0.08,1.07,NaN,NaN,0.08,3.53,28.25,276.13,2.56
1987-11-27,0.02,0.03,0.15,NaN,NaN,0.03,3.17,29.36,267.93,1.46
1987-11-28,0.48,0.02,0.66,NaN,NaN,0.02,3.61,22.21,283.94,1.68
1987-11-29,2.19,0.03,2.25,NaN,NaN,0.04,4.19,8.83,304.63,2.53
1987-11-30,0.35,0.08,2.76,NaN,NaN,0.11,3.99,32.56,274.01,2.97
1987-12-01,0.16,0.23,2.37,NaN,NaN,0.30,3.85,17.02,299.21,3.20
1987-12-02,0.79,0.15,2.48,NaN,NaN,0.20,3.72,28.52,276.40,3.01
1987-12-03,0.11,0.33,2.52,NaN,NaN,0.37,3.64,14.05,302.87,2.97
1987-12-04,0.00,0.22,2.89,NaN,NaN,0.22,3.85,8.20,305.78,2.78
1987-12-05,0.07,0.29,3.69,NaN,NaN,0.35,4.31,14.21,310.22,3.85
1987-12-06,0.93,0.36,3.76,NaN,NaN,0.48,4.08,16.98,303.40,3.79
1987-12-07,0.00,0.10,0.74,NaN,NaN,0.10,2.92,31.33,256.41,2.10
1987-12-08,0.00,0.06,-2.31,NaN,NaN,0.06,2.37,26.15,251.88,1.78
1987-12-09,0.00,0.08,-2.05,NaN,NaN,0.08,2.70,19.37,268.20,2.26
1987-12-10,0.52,0.08,-0.29,NaN,NaN,0.10,3.23,17.32,281.74,2.44
1987-12-11,0.65,0.00,2.07,0.59,2.37,0.00,4.45,7.61,304.86,1.45
1987-12-12,0.03,0.00,1.18,0.56,2.25,0.00,3.70,19.59,284.40,1.17
1987-12-13,0.34,0.00,-1.75,0.46,1.84,0.00,2.95,19.86,268.88,1.11
1987-12-14,0.43,0.01,-0.43,0.50,2.01,0.01,3.27,18.03,278.98,1.42
1987-12-15,5.73,0.16,0.33,0.52,2.08,0.21,2.85,18.77,277.15,2.08
1987-12-16,1.13,0.00,1.66,1.38,5.53,0.00,5.28,12.88,305.02,2.36
1987-12-17,11.00,0.03,6.33,3.68,14.70,0.05,5.74,12.94,324.98,2.76
1987-12-18,2.35,0.04,7.06,2.98,11.90,0.07,6.01,19.30,314.94,4.68
1987-12-19,2.29,0.74,7.38,1.92,7.69,0.95,4.99,7.33,328.47,5.25
1987-12-20,4.46,0.00,8.37,1.62,6.46,0.00,6.78,19.08,322.32,5.35
1987-12-21,0.61,0.22,8.10,2.40,9.58,0.31,6.21,15.30,328.05,4.68
1987-12-22,0.01,0.37,4.47,1.41,5.65,0.38,4.16,14.91,308.07,3.32
1987-12-23,0.02,0.23,2.84,0.97,3.87,0.24,3.96,7.35,306.08,3.37
1987-12-24,1.71,0.21,4.80,0.83,3.32,0.29,4.83,13.09,316.07,3.73
1987-12-25,5.31,0.30,6.09,0.86,3.45,0.43,5.05,26.53,292.99,5.36
1987-12-26,6.51,0.25,7.59,2.36,9.41,0.36,6.06,14.79,327.23,5.56
1987-12-27,27.06,0.31,7.67,12.76,51.00,0.44,5.94,8.31,331.77,5.34
1987-12-28,5.59,0.12,8.79,7.03,28.10,0.20,6.84,7.51,337.79,6.44
1987-12-29,5.84,0.58,9.49,5.23,20.90,0.78,6.40,15.68,334.71,6.12
1987-12-30,5.55,0.88,6.86,4.03,16.10,1.10,4.57,13.99,322.87,5.16
1987-12-31,6.93,0.60,5.64,3.80,15.20,0.88,4.90,19.94,306.30,8.72
1988-01-01,11.73,1.01,7.57,6.43,25.70,1.28,4.99,14.10,327.46,6.91
1988-01-02,6.34,0.22,5.37,8.38,33.50,0.34,5.15,16.31,314.04,5.23
1988-01-03,3.25,0.39,3.21,4.83,19.30,0.57,4.16,17.45,299.84,5.92
1988-01-04,0.20,0.09,1.24,2.60,10.40,0.12,3.64,17.45,290.46,2.46
1988-01-05,16.35,0.02,0.52,1.62,6.47,0.03,3.50,20.19,281.72,1.85
1988-01-06,17.01,0.00,1.33,17.27,69.00,0.00,4.50,8.23,302.13,6.23
1988-01-07,0.10,0.35,2.15,3.90,15.60,0.44,3.51,32.18,264.70,4.83
1988-01-08,1.57,0.53,3.50,1.95,7.79,0.67,3.54,8.46,306.71,3.53
1988-01-09,3.71,0.00,5.33,3.70,14.80,0.00,6.79,14.89,322.23,7.28
1988-01-10,4.50,0.66,3.93,2.43,9.71,0.89,3.77,31.47,275.96,5.89
1988-01-11,1.06,0.42,2.46,1.90,7.58,0.58,3.41,35.42,262.27,4.55
1988-01-12,1.63,0.24,3.15,2.24,8.93,0.41,4.48,10.76,309.25,7.47
1988-01-13,0.06,0.70,4.78,1.71,6.82,0.81,4.01,32.53,281.27,5.83
1988-01-14,0.12,0.25,3.12,1.15,4.61,0.31,3.87,32.37,276.11,3.75
1988-01-15,0.27,0.15,3.89,1.02,4.08,0.19,4.52,26.01,294.60,3.83
1988-01-16,0.34,0.04,2.71,0.93,3.72,0.06,4.16,23.41,294.06,1.93
1988-01-17,2.23,0.00,2.72,0.83,3.33,0.00,4.74,19.40,304.12,2.95
1988-01-18,12.48,0.11,1.62,1.49,5.95,0.14,3.44,23.20,288.25,1.63
1988-01-19,1.16,0.00,3.12,6.03,24.10,0.00,5.01,21.52,304.24,7.58
1988-01-20,1.45,0.28,2.48,2.41,9.61,0.40,3.86,28.73,285.95,4.05
1988-01-21,0.19,0.19,1.08,1.40,5.58,0.28,3.48,40.53,261.19,4.05
1988-01-22,0.49,0.12,0.69,1.01,4.05,0.16,3.43,43.07,257.04,3.45
1988-01-23,10.25,0.24,0.52,0.87,3.47,0.32,3.17,11.12,293.14,2.85
1988-01-24,0.23,0.00,1.77,4.61,18.40,0.00,4.84,23.45,299.05,3.40
1988-01-25,1.16,0.08,2.38,2.47,9.87,0.11,4.25,23.20,300.38,2.61
1988-01-26,0.90,0.00,2.88,1.71,6.83,0.00,4.76,24.60,302.84,2.67
1988-01-27,0.69,0.22,1.05,1.28,5.10,0.29,3.35,29.30,283.56,2.52
1988-01-28,5.05,0.39,1.23,1.11,4.43,0.54,3.44,26.44,289.79,4.21
1988-01-29,0.28,0.02,2.44,2.23,8.90,0.02,4.52,25.98,300.65,2.82
1988-01-30,3.02,0.10,2.63,1.65,6.58,0.15,4.36,12.92,306.79,4.05
1988-01-31,7.87,0.56,3.81,1.61,6.44,0.77,4.06,44.06,280.99,5.63
1988-02-01,8.11,0.55,2.75,7.28,29.10,0.82,4.03,26.19,302.49,7.80
1988-02-02,5.86,0.69,3.74,4.96,19.80,0.98,4.16,31.20,301.84,7.81
1988-02-03,2.28,0.88,3.44,2.48,9.92,1.15,3.59,47.60,280.21,6.27
1988-02-04,0.37,0.34,1.57,1.83,7.31,0.45,3.61,26.71,297.37,3.32
1988-02-05,2.60,0.31,1.64,1.58,6.30,0.43,3.74,43.57,281.33,3.98
1988-02-06,1.06,0.60,0.79,1.37,5.49,0.84,3.21,51.21,268.32,5.89
1988-02-07,4.53,0.46,0.00,1.26,5.03,0.67,3.20,31.73,286.05,5.40
1988-02-08,4.89,0.88,1.72,1.66,6.64,1.17,3.18,63.20,261.68,6.93
1988-02-09,19.38,1.13,1.96,10.46,41.80,1.51,3.27,32.30,294.58,10.93
1988-02-10,0.42,0.82,2.35,4.48,17.90,1.15,3.67,47.07,284.76,9.48
1988-02-11,0.06,0.45,1.99,1.89,7.54,0.55,3.71,62.89,270.25,4.50
1988-02-12,0.69,0.45,0.50,1.21,4.84,0.60,3.20,78.19,249.99,3.84
1988-02-13,1.70,0.48,2.44,1.46,5.82,0.72,4.04,30.64,304.44,6.86
1988-02-14,2.02,0.38,4.64,2.22,8.86,0.48,4.32,17.98,314.78,2.99
1988-02-15,4.33,0.69,4.95,1.85,7.40,0.86,4.20,51.75,297.53,3.86
1988-02-16,0.03,0.91,3.13,1.83,7.32,0.98,3.54,89.65,256.38,5.77
1988-02-17,0.87,0.98,4.43,1.06,4.22,1.21,3.77,77.68,273.33,5.11
1988-02-18,0.07,0.61,5.39,1.03,4.10,0.71,4.89,40.33,314.30,5.90
1988-02-19,0.02,0.63,6.31,0.86,3.43,0.65,4.97,51.35,310.00,3.87
1988-02-20,0.05,0.52,6.17,0.72,2.89,0.55,4.93,46.67,313.91,2.78
1988-02-21,0.00,0.68,5.20,0.66,2.64,0.68,4.23,72.74,287.67,3.00
1988-02-22,0.59,0.60,4.18,0.62,2.46,0.80,4.43,50.59,302.73,5.12
1988-02-23,1.70,1.18,2.18,0.56,2.23,1.48,3.03,87.49,261.15,6.49
1988-02-24,3.79,0.83,1.51,0.58,2.32,1.10,3.28,77.59,269.19,5.89
1988-02-25,0.26,0.47,0.73,0.67,2.66,0.58,3.27,69.20,273.33,2.63
1988-02-26,1.27,0.46,2.16,0.71,2.82,0.54,3.61,57.58,289.34,2.16
1988-02-27,0.09,0.49,4.96,0.86,3.43,0.60,4.97,62.26,303.62,4.43
1988-02-28,0.03,1.42,4.56,0.70,2.80,1.49,3.74,77.70,286.62,8.24
1988-02-29,0.04,1.01,0.19,0.52,2.09,1.09,2.89,76.30,268.04,8.67
1988-03-01,0.00,0.95,0.12,0.44,1.75,0.95,2.92,108.72,250.48,6.62
1988-03-02,3.28,0.89,0.19,0.43,1.70,1.14,2.75,49.48,285.79,5.25
1988-03-03,0.06,0.58,1.25,0.53,2.11,0.64,3.66,77.73,279.37,4.97
1988-03-04,0.02,0.91,-0.45,0.42,1.68,0.95,2.77,122.18,243.57,5.03
1988-03-05,1.08,1.06,1.54,0.39,1.57,1.29,2.71,56.89,287.89,4.32
1988-03-06,0.21,0.13,2.63,0.45,1.78,0.31,4.81,63.48,299.59,6.57
1988-03-07,0.10,0.83,3.48,0.41,1.63,0.94,3.60,57.79,301.37,3.25
1988-03-08,0.88,0.64,5.76,0.40,1.60,0.76,4.90,61.38,314.51,2.66
1988-03-09,5.53,0.80,5.59,0.54,2.15,0.93,4.53,68.67,309.07,2.88
1988-03-10,0.44,0.88,3.82,0.68,2.70,1.12,4.25,100.00,285.40,5.47
1988-03-11,9.88,0.99,5.77,0.75,2.98,1.23,4.71,66.32,313.02,5.76
1988-03-12,3.49,0.77,2.04,1.82,7.28,0.95,3.56,80.04,287.10,3.63
1988-03-13,0.15,0.39,0.33,1.11,4.43,0.46,3.65,63.21,290.23,2.33
1988-03-14,4.89,0.79,0.44,0.86,3.45,0.94,2.73,70.13,282.24,2.77
1988-03-15,13.86,0.03,2.45,4.78,19.10,0.36,5.04,56.05,307.69,4.77
1988-03-16,0.60,0.60,2.84,5.23,20.90,0.81,4.23,67.19,301.99,5.05
1988-03-17,0.09,0.95,1.86,1.62,6.49,1.02,3.39,134.19,263.50,2.39
1988-03-18,6.72,1.21,2.58,1.26,5.02,1.46,3.20,83.46,289.16,5.09
1988-03-19,0.15,0.54,6.78,2.13,8.50,0.67,6.09,82.31,318.12,4.63
1988-03-20,2.60,1.11,8.47,1.28,5.12,1.26,5.71,101.91,315.83,3.13
1988-03-21,1.65,0.72,6.74,1.26,5.05,0.80,5.68,86.23,316.39,1.75
1988-03-22,2.59,0.77,4.59,1.14,4.55,0.92,4.73,90.92,303.43,3.22
1988-03-23,3.49,1.08,5.92,1.16,4.62,1.29,4.90,109.48,301.80,4.40
1988-03-24,2.19,1.60,5.32,1.72,6.89,1.93,4.20,120.36,292.34,8.75
1988-03-25,2.11,1.59,5.39,1.28,5.12,1.90,4.24,131.07,288.96,7.69
1988-03-26,0.74,1.41,5.56,0.98,3.93,1.71,4.40,96.00,305.93,7.83
1988-03-27,1.46,1.57,6.50,0.69,2.77,1.79,4.50,139.10,292.48,4.58
1988-03-28,1.84,1.35,6.45,0.64,2.55,1.60,4.98,132.18,298.28,5.74
1988-03-29,0.70,1.44,4.84,0.65,2.61,1.62,4.13,161.12,277.38,3.32
1988-03-30,0.16,1.12,4.23,0.58,2.32,1.23,4.56,149.86,283.05,2.20
1988-03-31,0.02,1.54,4.84,0.51,2.03,1.57,4.17,179.32,272.29,3.50
1988-04-01,1.66,0.88,5.03,0.49,1.94,1.07,4.70,78.27,315.03,4.03
1988-04-02,2.29,0.90,5.00,0.52,2.08,1.01,4.67,95.64,308.85,2.06
1988-04-03,0.01,1.07,5.81,0.56,2.22,1.09,5.13,126.07,303.37,1.88
1988-04-04,0.02,1.29,4.97,0.48,1.90,1.31,4.74,161.28,286.94,2.25
1988-04-05,0.00,1.44,5.45,0.42,1.67,1.44,4.50,168.65,285.42,1.53
1988-04-06,0.00,1.26,7.04,0.39,1.56,1.26,5.16,126.69,309.56,2.04
1988-04-07,0.54,0.85,6.61,0.38,1.52,0.95,5.49,86.01,323.25,2.01
1988-04-08,3.05,0.46,4.40,0.41,1.64,0.59,4.93,55.07,315.70,3.53
1988-04-09,0.01,1.71,2.46,0.43,1.72,1.72,3.00,184.35,263.17,3.55
1988-04-10,0.58,1.56,5.74,0.38,1.51,1.86,4.56,137.28,300.64,7.36
1988-04-11,0.41,1.66,8.10,0.35,1.38,1.87,5.18,127.66,316.01,4.54
1988-04-12,0.18,1.01,3.51,0.34,1.35,1.15,3.93,89.82,305.80,3.30
1988-04-13,0.01,2.02,2.96,0.32,1.29,2.04,3.13,243.81,248.99,2.73
1988-04-14,0.10,2.43,5.81,0.30,1.21,2.54,3.52,215.86,270.64,4.73
1988-04-15,1.01,1.34,8.88,0.30,1.18,1.54,6.04,109.35,329.35,4.35
1988-04-16,2.29,1.22,11.03,0.32,1.26,1.38,7.47,107.07,341.89,3.58
1988-04-17,0.68,1.39,10.15,0.35,1.38,1.54,6.57,109.62,336.43,3.50
1988-04-18,15.67,0.92,8.65,1.74,6.95,1.09,6.32,77.82,336.36,3.86
1988-04-19,0.15,1.79,10.39,1.60,6.41,1.86,7.11,178.72,319.04,2.05
1988-04-20,0.93,1.64,8.77,0.63,2.52,1.80,6.03,157.72,316.13,3.27
1988-04-21,0.34,1.06,7.14,0.49,1.94,1.22,5.59,94.17,327.35,3.71
1988-04-22,0.13,0.88,4.98,0.43,1.71,0.99,4.26,52.25,315.93,4.08
1988-04-23,0.02,2.21,4.44,0.38,1.50,2.25,3.14,193.64,276.34,4.26
1988-04-24,0.02,1.93,3.90,0.33,1.33,1.95,3.46,213.36,271.47,2.03
1988-04-25,1.81,1.52,6.28,0.32,1.26,1.64,4.64,146.86,306.64,1.94
1988-04-26,2.11,1.28,6.15,0.32,1.29,1.46,5.22,134.40,312.26,3.46
1988-04-27,1.12,1.40,4.20,0.37,1.48,1.60,4.24,147.17,297.66,4.08
1988-04-28,0.00,1.92,4.08,0.34,1.36,1.92,3.79,208.76,277.66,3.48
1988-04-29,0.02,1.68,4.41,0.31,1.23,1.70,4.18,185.34,288.14,2.77
1988-04-30,4.85,0.65,4.26,0.30,1.18,0.81,4.49,55.94,313.80,3.67
1988-05-01,3.85,1.00,6.96,0.49,1.96,1.16,6.21,125.10,322.18,3.36
1988-05-02,9.48,1.02,7.41,1.96,7.84,1.14,6.26,110.42,327.99,2.27
1988-05-03,2.92,1.02,7.55,1.72,6.86,1.17,6.33,114.06,328.01,2.99
1988-05-04,0.90,1.08,7.96,1.32,5.29,1.20,6.20,103.47,332.39,2.50
1988-05-05,0.00,2.92,9.13,0.73,2.93,2.92,5.02,261.52,291.89,3.46
1988-05-06,0.01,3.14,10.54,0.49,1.94,3.16,5.89,287.33,294.81,2.76
1988-05-07,1.10,2.68,10.20,0.39,1.57,2.87,6.11,244.60,306.33,4.03
1988-05-08,7.83,0.62,8.26,0.59,2.37,0.73,6.32,59.24,334.95,2.78
1988-05-09,0.02,2.03,9.81,0.82,3.28,2.07,6.63,195.67,319.65,3.52
1988-05-10,0.00,2.71,9.51,0.50,2.01,2.71,6.38,274.65,298.79,2.88
1988-05-11,7.02,1.37,7.38,0.42,1.66,1.53,5.98,145.92,320.61,3.18
1988-05-12,0.05,1.50,9.43,0.91,3.63,1.59,6.70,142.11,331.74,3.87
1988-05-13,0.32,1.64,10.36,0.56,2.24,1.80,6.87,140.18,336.67,3.67
1988-05-14,0.00,3.08,10.34,0.44,1.76,3.09,6.59,315.29,294.37,4.35
1988-05-15,0.00,3.47,10.46,0.34,1.36,3.47,6.05,331.71,288.28,3.95
1988-05-16,0.14,3.08,9.60,0.30,1.18,3.17,5.66,289.12,294.41,3.29
1988-05-17,0.29,1.50,6.74,0.28,1.12,1.65,5.33,146.32,317.35,3.45
1988-05-18,0.05,1.81,4.97,0.27,1.09,1.87,4.03,171.53,299.38,3.02
1988-05-19,3.64,1.80,6.13,0.30,1.18,1.92,4.32,165.38,306.93,1.93
1988-05-20,0.00,2.68,6.73,0.31,1.22,2.69,4.74,276.86,284.27,2.38
1988-05-21,0.00,2.94,7.81,0.27,1.07,2.94,5.03,292.17,286.06,2.11
1988-05-22,0.00,2.97,9.01,0.25,1.00,2.97,5.80,300.82,292.28,3.90
1988-05-23,7.95,2.10,9.53,0.25,1.01,2.33,5.69,151.46,329.68,4.99
1988-05-24,6.34,2.82,11.37,0.43,1.71,3.04,6.22,213.48,324.08,4.92
1988-05-25,0.04,3.04,9.37,0.63,2.51,3.11,5.12,256.06,301.82,4.51
1988-05-26,9.55,1.55,8.94,0.94,3.77,1.64,6.26,136.86,332.22,1.74
1988-05-27,0.05,3.23,10.00,1.11,4.42,3.27,6.40,311.37,297.48,2.39
1988-05-28,0.04,2.87,9.68,0.47,1.89,2.91,6.53,293.90,301.13,3.56
1988-05-29,6.07,1.59,9.95,0.43,1.73,1.76,6.91,143.80,336.42,3.63
1988-05-30,1.36,2.73,10.90,0.76,3.05,2.90,6.38,231.58,319.54,3.28
1988-05-31,5.78,2.04,10.50,0.68,2.73,2.19,6.96,182.53,330.65,2.89
1988-06-01,0.16,2.65,11.68,0.59,2.37,2.77,6.66,211.80,327.32,3.47
1988-06-02,3.03,3.23,12.60,0.37,1.48,3.40,6.11,227.66,325.45,3.79
1988-06-03,5.43,2.26,10.33,0.94,3.77,2.42,6.07,178.77,328.36,3.20
1988-06-04,1.28,2.69,9.89,0.76,3.02,2.87,5.68,226.21,313.86,3.68
1988-06-05,0.05,3.30,9.67,0.42,1.69,3.36,4.98,287.27,294.64,2.65
1988-06-06,0.00,2.71,9.78,0.32,1.28,2.71,6.24,253.26,309.37,2.49
1988-06-07,0.00,3.25,11.33,0.27,1.08,3.25,6.53,287.46,308.22,3.18
1988-06-08,0.00,2.39,11.55,0.24,0.97,2.39,7.08,200.66,331.22,5.83
1988-06-09,0.00,2.54,9.87,0.23,0.93,2.54,5.75,199.75,320.97,5.73
1988-06-10,0.00,3.10,10.86,0.22,0.86,3.10,6.30,274.57,308.96,3.95
1988-06-11,0.00,1.98,10.17,0.21,0.84,1.98,6.64,172.27,331.16,3.74
1988-06-12,0.00,3.85,12.36,0.21,0.82,3.85,7.03,342.03,301.66,3.07
1988-06-13,0.00,4.11,12.63,0.19,0.78,4.11,6.92,357.12,298.50,2.39
1988-06-14,0.00,3.00,12.27,0.19,0.75,3.01,7.12,251.96,322.81,2.62
1988-06-15,0.00,2.69,12.50,0.19,0.75,2.69,7.59,224.58,331.31,2.02
1988-06-16,0.00,1.63,11.78,0.19,0.76,1.63,7.79,134.31,348.20,2.32
1988-06-17,0.00,1.82,11.97,0.19,0.76,1.82,7.14,132.88,349.05,2.36
1988-06-18,0.00,3.34,14.00,0.19,0.75,3.34,7.84,266.41,328.56,2.41
1988-06-19,0.00,2.56,14.46,0.18,0.73,2.56,8.30,191.12,348.47,2.18
1988-06-20,0.85,2.33,14.97,0.19,0.75,2.43,8.78,170.52,355.76,2.08
1988-06-21,0.20,2.19,15.40,0.17,0.69,2.33,8.86,135.05,365.50,3.95
1988-06-22,0.00,3.96,11.95,0.17,0.67,3.97,5.40,299.55,302.79,4.32
1988-06-23,0.00,4.28,14.44,0.16,0.65,4.28,6.89,326.86,311.95,3.25
1988-06-24,0.00,3.60,15.45,0.16,0.65,3.60,9.00,285.01,333.37,2.35
1988-06-25,9.92,2.57,15.10,0.17,0.69,2.70,9.19,199.03,350.46,2.79
1988-06-26,0.00,2.42,13.13,0.25,1.00,2.43,7.77,186.15,342.82,3.53
1988-06-27,0.07,2.05,12.42,0.19,0.78,2.09,7.42,147.31,347.96,3.94
1988-06-28,0.63,2.47,12.64,0.18,0.71,2.63,7.23,184.40,340.08,3.41
1988-06-29,0.03,2.33,13.67,0.18,0.71,2.36,7.87,168.83,349.13,2.85
1988-06-30,3.29,2.32,14.80,0.18,0.71,2.47,8.69,164.20,355.99,3.34
1988-07-01,10.81,1.54,13.94,0.27,1.06,1.69,9.16,122.87,360.34,3.36
1988-07-02,7.97,2.58,12.23,0.37,1.49,2.73,7.18,209.01,331.56,3.11
1988-07-03,7.43,2.61,11.54,0.41,1.62,2.81,7.31,242.81,321.07,4.37
1988-07-04,14.65,1.90,11.77,0.98,3.91,2.09,7.21,139.12,346.06,4.28
1988-07-05,1.23,2.10,13.17,1.78,7.11,2.25,8.53,180.51,344.07,3.23
1988-07-06,6.88,2.78,13.74,0.60,2.41,2.94,7.90,215.23,337.54,3.70
1988-07-07,5.45,2.23,12.90,1.04,4.16,2.43,7.90,177.30,342.72,4.53
1988-07-08,1.18,2.08,11.95,0.88,3.53,2.27,7.15,153.22,343.07,4.28
1988-07-09,8.24,2.99,12.99,0.54,2.15,3.20,6.49,192.00,336.37,4.75
1988-07-10,1.16,2.75,14.47,0.89,3.55,2.98,8.89,234.40,337.62,6.13
1988-07-11,5.28,3.13,13.12,0.78,3.10,3.39,6.97,218.02,331.23,6.65
1988-07-12,9.64,3.02,13.22,0.79,3.15,3.20,6.75,208.42,333.28,4.14
1988-07-13,1.26,1.60,12.04,1.58,6.31,1.75,7.98,134.67,348.04,3.19
1988-07-14,3.63,1.49,12.64,1.19,4.77,1.67,8.37,122.57,353.55,4.38
1988-07-15,0.02,2.76,13.14,0.81,3.23,2.80,7.28,204.18,334.87,4.44
1988-07-16,7.15,1.67,10.19,0.50,1.99,1.79,7.26,158.49,333.24,2.38
1988-07-17,0.35,1.79,12.77,0.81,3.25,1.96,7.70,122.42,353.76,3.96
1988-07-18,0.35,2.30,13.03,0.52,2.07,2.48,7.18,148.06,347.95,4.26
1988-07-19,0.47,2.21,14.51,0.39,1.55,2.37,8.70,162.24,352.60,3.88
1988-07-20,9.70,2.87,12.43,0.33,1.30,3.00,6.58,227.14,322.80,2.57
1988-07-21,21.98,1.55,12.26,2.78,11.10,1.65,7.87,123.75,350.55,2.10
1988-07-22,11.66,1.32,13.33,10.29,41.10,1.44,9.30,120.86,355.87,2.66
1988-07-23,2.22,1.48,14.85,3.85,15.40,1.60,9.88,122.11,362.44,2.66
1988-07-24,2.70,3.05,13.13,1.64,6.56,3.28,7.25,235.68,324.33,5.99
1988-07-25,7.11,3.12,13.53,1.14,4.56,3.44,7.61,241.82,325.06,10.23
1988-07-26,3.97,3.27,13.01,1.98,7.90,3.55,6.54,203.28,329.70,7.77
1988-07-27,4.07,3.05,12.35,1.39,5.55,3.26,6.53,232.82,318.53,4.98
1988-07-28,28.09,1.32,10.38,7.61,30.40,1.49,7.03,108.20,344.22,3.56
1988-07-29,4.54,2.76,11.61,6.16,24.60,3.02,6.65,227.13,316.99,6.68
1988-07-30,7.09,1.91,11.49,4.93,19.70,2.12,7.27,160.01,335.70,4.69
1988-07-31,1.35,2.33,11.78,2.58,10.30,2.46,7.01,197.81,326.06,2.80
1988-08-01,2.08,2.54,11.73,1.60,6.40,2.66,7.14,229.31,316.51,2.30
1988-08-02,1.65,2.22,11.17,1.18,4.73,2.33,7.09,203.38,320.92,2.23
1988-08-03,0.01,2.02,12.19,0.95,3.79,2.05,6.98,129.43,345.35,4.88
1988-08-04,0.00,3.19,14.11,0.69,2.77,3.19,7.04,218.67,327.04,4.75
1988-08-05,0.00,2.36,16.16,0.49,1.97,2.36,9.62,167.79,355.03,4.69
1988-08-06,0.00,2.98,16.12,0.42,1.67,2.98,8.89,221.55,338.83,3.31
1988-08-07,0.00,3.31,15.60,0.36,1.45,3.31,9.25,282.02,321.22,1.94
1988-08-08,5.26,2.76,15.93,0.33,1.32,2.92,9.04,203.40,342.57,3.98
1988-08-09,0.00,2.94,14.98,0.36,1.42,2.95,8.28,231.26,328.40,3.38
1988-08-10,1.09,1.61,12.73,0.32,1.26,1.73,7.72,121.27,349.10,2.57
1988-08-11,3.74,2.19,13.17,0.30,1.21,2.39,7.65,160.24,339.28,4.79
1988-08-12,2.27,1.71,13.14,0.32,1.26,1.93,8.20,128.05,348.83,5.48
1988-08-13,7.21,2.04,12.66,0.35,1.39,2.23,7.21,142.17,340.96,4.15
1988-08-14,6.56,1.46,14.93,1.14,4.54,1.70,10.24,152.05,350.88,6.56
1988-08-15,0.01,3.35,13.61,0.97,3.87,3.38,6.46,208.71,320.27,6.59
1988-08-16,0.00,2.37,12.28,0.41,1.64,2.37,6.83,199.40,319.06,2.68
1988-08-17,5.91,1.96,13.16,0.32,1.28,2.10,7.67,152.60,339.19,2.91
1988-08-18,10.59,0.95,14.37,1.14,4.54,1.08,10.04,92.62,362.05,3.38
1988-08-19,7.14,1.32,11.76,2.13,8.53,1.44,8.05,125.25,341.01,2.48
1988-08-20,3.24,1.50,12.41,1.73,6.90,1.68,7.65,104.91,349.51,4.20
1988-08-21,0.02,1.93,12.27,1.02,4.09,1.97,6.85,118.60,343.14,4.61
1988-08-22,0.16,2.02,11.32,0.57,2.27,2.09,6.70,178.78,318.26,2.71
1988-08-23,0.89,1.34,12.69,0.42,1.68,1.45,8.09,110.98,348.17,2.30
1988-08-24,1.36,2.01,13.09,0.37,1.49,2.19,7.48,144.31,337.93,4.25
1988-08-25,2.26,1.60,10.90,0.38,1.53,1.86,6.91,121.76,334.57,6.38
1988-08-26,6.44,1.92,11.38,0.39,1.54,2.06,6.84,172.32,318.66,2.89
1988-08-27,0.37,2.14,14.26,0.55,2.18,2.36,8.70,181.70,331.56,5.97
1988-08-28,6.56,2.04,12.41,0.43,1.72,2.22,7.01,154.07,328.44,4.05
1988-08-29,6.78,1.94,11.38,1.95,7.79,2.20,6.95,159.16,321.74,6.72
1988-08-30,7.44,1.62,12.13,1.92,7.68,1.87,7.24,90.41,349.29,6.37
1988-08-31,1.58,2.27,12.13,2.33,9.29,2.45,6.79,194.29,309.92,3.97
1988-09-01,5.45,0.45,10.43,2.00,7.99,0.70,8.26,80.67,344.17,5.13
1988-09-02,2.75,1.29,11.45,1.72,6.89,1.49,7.61,116.63,335.86,4.73
1988-09-03,6.22,2.12,11.06,1.46,5.83,2.37,6.44,171.37,310.07,6.33
1988-09-04,9.82,2.20,11.72,3.33,13.30,2.45,6.38,140.81,323.68,6.26
1988-09-05,0.02,2.07,13.00,3.50,14.00,2.09,7.46,172.92,318.88,4.27
1988-09-06,6.72,1.08,12.13,2.00,8.01,1.18,7.49,80.77,350.28,2.24
1988-09-07,3.58,1.96,16.32,1.70,6.80,2.10,9.79,163.05,340.61,3.22
1988-09-08,1.66,1.55,16.20,2.04,8.17,1.69,9.41,100.63,361.76,3.25
1988-09-09,0.01,1.19,11.86,1.11,4.42,1.20,7.39,96.72,341.33,2.65
1988-09-10,4.52,0.99,12.80,0.81,3.25,1.13,8.30,73.78,354.78,3.57
1988-09-11,1.16,2.03,11.81,1.02,4.06,2.23,6.46,158.07,311.40,4.52
1988-09-12,3.78,2.12,11.07,0.88,3.53,2.39,6.12,137.51,315.50,7.14
1988-09-13,0.12,1.69,10.41,0.81,3.25,1.87,6.21,129.57,316.01,5.45
1988-09-14,0.03,1.43,8.90,0.56,2.25,1.48,5.32,101.79,318.81,3.76
1988-09-15,0.00,1.70,9.93,0.48,1.91,1.70,5.76,172.99,290.83,2.80
1988-09-16,0.00,1.38,12.31,0.41,1.64,1.38,7.15,106.42,334.50,3.02
1988-09-17,0.00,1.67,11.84,0.38,1.52,1.67,6.51,135.75,316.25,3.29
1988-09-18,0.00,1.42,11.05,0.34,1.37,1.42,7.03,148.55,308.53,3.70
1988-09-19,0.00,1.28,11.73,0.33,1.30,1.28,7.49,124.85,322.33,3.82
1988-09-20,0.00,1.32,11.31,0.31,1.24,1.32,6.62,97.62,330.31,3.44
1988-09-21,1.20,0.78,11.21,0.30,1.21,0.91,7.53,63.59,346.81,3.28
1988-09-22,12.76,0.97,10.89,0.33,1.30,1.11,6.88,69.51,341.49,3.27
1988-09-23,5.80,0.90,8.93,1.79,7.14,1.13,6.40,79.21,326.84,5.77
1988-09-24,0.00,1.69,9.25,1.51,6.05,1.70,5.40,141.00,291.92,5.17
1988-09-25,9.90,1.09,8.88,1.98,7.92,1.29,5.89,79.64,323.88,4.65
1988-09-26,0.13,1.47,10.97,2.11,8.44,1.67,6.66,108.39,318.62,6.22
1988-09-27,4.31,1.11,12.31,0.91,3.64,1.33,7.81,72.74,344.34,6.13
1988-09-28,7.50,1.40,9.41,3.48,13.90,1.65,5.81,94.00,315.63,6.06
1988-09-29,0.14,1.50,7.46,1.56,6.23,1.59,4.83,138.95,277.73,5.57
1988-09-30,0.01,1.02,5.53,0.74,2.97,1.04,4.26,133.26,270.06,2.50
1988-10-01,0.20,1.20,7.53,0.56,2.22,1.40,5.10,86.05,307.02,5.59
1988-10-02,0.17,0.87,10.74,0.49,1.94,1.01,6.99,60.03,340.01,4.27
1988-10-03,0.09,0.85,10.10,0.45,1.80,0.89,6.58,70.68,329.47,3.40
1988-10-04,8.14,0.57,8.44,0.50,1.98,0.69,6.23,47.23,335.30,3.19
1988-10-05,7.16,0.54,10.19,1.41,5.64,0.64,7.30,66.72,332.08,2.78
1988-10-06,7.12,1.47,7.84,3.98,15.90,1.76,4.96,88.42,301.10,7.26
1988-10-07,4.60,1.54,7.16,3.33,13.30,1.90,4.79,62.13,314.57,10.35
1988-10-08,5.61,1.68,8.09,2.38,9.52,1.97,4.68,65.93,314.35,7.36
1988-10-09,3.54,1.30,7.79,2.12,8.47,1.54,4.87,71.51,309.10,5.65
1988-10-10,0.37,0.59,6.39,1.49,5.97,0.66,4.94,82.03,295.94,2.01
1988-10-11,9.95,0.60,5.70,1.15,4.59,0.76,5.00,67.08,302.94,3.97
1988-10-12,4.05,0.15,7.92,4.63,18.50,0.23,6.84,43.83,331.38,5.40
1988-10-13,0.01,0.42,9.41,2.29,9.15,0.43,6.84,60.09,326.09,2.18
1988-10-14,0.01,0.52,7.87,1.19,4.74,0.52,5.45,99.08,286.37,1.49
1988-10-15,0.00,0.43,6.86,0.86,3.45,0.43,5.36,70.07,302.69,1.73
1988-10-16,0.00,0.16,7.38,0.74,2.97,0.17,6.59,44.02,326.26,2.01
1988-10-17,0.13,0.43,8.75,0.67,2.68,0.50,6.56,49.08,327.62,3.84
1988-10-18,24.96,0.47,9.83,1.60,6.41,0.65,7.15,37.21,341.39,5.98
1988-10-19,8.70,0.27,11.02,11.29,45.10,0.40,8.13,39.56,344.78,6.51
1988-10-20,2.11,0.37,9.60,6.31,25.20,0.47,7.04,36.32,339.79,3.72
1988-10-21,0.20,0.26,9.80,2.70,10.80,0.31,7.20,45.54,332.74,2.12
1988-10-22,1.47,0.33,10.65,1.54,6.15,0.38,7.24,67.50,317.73,1.86
1988-10-23,3.71,0.06,7.57,1.40,5.61,0.08,6.49,23.46,332.02,2.77
1988-10-24,4.54,0.28,8.68,1.63,6.51,0.35,6.64,42.23,327.60,3.02
1988-10-25,11.84,0.29,9.38,5.08,20.30,0.37,7.03,31.00,340.24,3.70
1988-10-26,3.51,0.31,11.24,6.28,25.10,0.43,8.02,40.97,339.90,5.04
1988-10-27,1.62,0.47,9.67,3.13,12.50,0.61,6.79,53.92,318.83,4.61
1988-10-28,0.26,0.76,5.58,1.79,7.14,0.89,4.20,72.84,273.26,4.23
1988-10-29,0.00,0.40,1.71,1.08,4.30,0.41,3.15,66.10,259.13,2.52
1988-10-30,0.00,0.38,1.95,0.87,3.46,0.38,3.04,71.58,252.18,2.24
1988-10-31,0.00,0.33,3.06,0.79,3.15,0.34,3.37,72.47,255.50,2.09
1988-11-01,0.17,0.39,4.05,0.71,2.82,0.47,4.31,40.17,296.90,3.46
1988-11-02,0.00,0.21,4.00,0.64,2.56,0.21,4.05,59.93,272.68,1.95
1988-11-03,0.00,0.24,1.57,0.58,2.31,0.24,3.08,70.01,245.94,2.02
1988-11-04,1.05,0.37,1.37,0.53,2.13,0.47,3.08,62.32,252.25,2.90
1988-11-05,0.05,0.07,2.93,0.53,2.12,0.08,4.35,45.19,283.52,2.06
1988-11-06,0.52,0.24,4.46,0.51,2.02,0.30,4.20,46.53,285.21,2.25
1988-11-07,0.06,0.08,5.07,0.49,1.95,0.09,4.99,38.28,300.01,1.83
1988-11-08,6.57,0.56,5.73,0.51,2.04,0.71,4.51,32.96,306.23,3.81
1988-11-09,0.21,0.00,7.69,1.04,4.15,0.00,7.32,12.82,333.03,3.53
1988-11-10,3.17,0.25,9.65,0.77,3.06,0.39,7.25,23.47,339.56,6.72
1988-11-11,3.14,0.71,5.95,0.76,3.03,0.90,4.31,42.74,289.79,4.61
1988-11-12,0.89,0.40,5.86,1.09,4.37,0.54,4.98,30.40,308.39,4.40
1988-11-13,0.20,0.70,5.49,0.84,3.37,0.79,4.13,40.33,288.06,4.52
1988-11-14,0.00,0.26,7.09,0.69,2.75,0.26,5.42,45.33,292.22,3.77
1988-11-15,0.00,0.10,4.67,0.63,2.50,0.10,4.37,42.99,280.65,1.91
1988-11-16,0.13,0.08,3.78,0.57,2.27,0.10,4.57,32.58,292.26,2.83
1988-11-17,4.80,0.12,4.80,0.56,2.22,0.16,4.95,21.06,313.72,2.48
1988-11-18,0.43,0.46,4.40,0.83,3.31,0.62,4.35,24.81,303.50,4.66
1988-11-19,8.88,0.10,1.46,0.70,2.78,0.13,3.64,20.06,295.76,1.73
1988-11-20,9.33,0.14,-0.03,0.66,2.65,0.22,3.37,37.18,262.18,4.39
1988-11-21,0.01,0.13,-1.07,0.64,2.55,0.14,2.94,40.00,250.64,3.40
1988-11-22,0.00,0.18,-0.98,0.64,2.57,0.18,2.88,36.14,255.10,3.41
1988-11-23,0.00,0.09,0.96,0.74,2.96,0.09,3.57,24.60,283.53,2.44
1988-11-24,0.02,0.09,2.61,1.50,6.01,0.10,3.95,29.45,282.61,2.63
1988-11-25,0.00,0.12,3.61,2.45,9.79,0.13,4.34,17.26,308.32,2.11
1988-11-26,0.00,0.22,2.98,1.70,6.79,0.22,3.76,23.47,291.59,2.57
1988-11-27,1.82,0.47,4.07,1.38,5.51,0.58,3.50,19.01,301.82,2.66
1988-11-28,0.44,0.00,5.14,1.66,6.62,0.00,5.95,33.45,290.84,7.63
1988-11-29,24.87,0.41,4.33,5.91,23.60,0.54,4.26,17.15,308.98,3.87
1988-11-30,12.45,0.00,3.96,12.56,50.20,0.00,5.35,8.56,314.90,5.62
1988-12-01,1.29,0.53,3.05,6.46,25.80,0.74,3.89,8.43,306.62,5.88
1988-12-02,2.15,0.15,1.67,2.65,10.60,0.20,3.57,8.31,299.71,2.47
1988-12-03,17.16,0.42,2.62,5.48,21.90,0.57,3.69,17.89,296.16,4.24
1988-12-04,0.34,0.10,3.39,6.83,27.30,0.21,4.72,23.84,291.56,9.52
1988-12-05,0.00,0.64,3.52,1.99,7.96,0.64,3.68,36.97,260.35,6.57
1988-12-06,0.01,0.60,3.34,1.23,4.93,0.61,3.57,30.87,270.16,5.49
1988-12-07,0.02,0.41,3.74,0.99,3.97,0.44,3.75,22.72,288.63,3.69
1988-12-08,1.18,0.03,5.50,0.97,3.87,0.05,5.62,13.42,321.68,5.86
1988-12-09,0.31,0.60,7.05,0.92,3.67,0.77,5.00,13.16,327.00,4.30
1988-12-10,0.04,0.34,7.13,0.85,3.40,0.40,5.66,17.67,319.03,5.79
1988-12-11,0.00,0.81,8.65,0.72,2.88,0.81,5.62,23.23,312.82,7.24
1988-12-12,0.19,0.63,6.52,0.62,2.49,0.75,4.20,25.54,292.95,4.08
1988-12-13,0.01,0.00,6.68,0.59,2.35,0.00,6.22,26.07,301.30,3.36
1988-12-14,0.29,0.00,4.52,0.56,2.23,0.00,5.23,12.91,316.60,2.19
1988-12-15,0.60,0.09,6.01,0.54,2.16,0.12,5.27,13.34,321.90,2.27
1988-12-16,0.02,0.11,4.29,0.54,2.14,0.12,4.43,32.60,271.30,4.15
1988-12-17,0.06,0.37,4.85,0.50,2.01,0.42,4.65,13.57,314.59,4.64
1988-12-18,2.01,0.42,6.80,0.51,2.04,0.63,5.58,12.87,326.71,6.90
1988-12-19,0.02,0.81,4.98,0.55,2.21,0.84,4.03,29.71,276.42,7.13
1988-12-20,0.04,0.66,5.17,0.48,1.93,0.72,4.06,12.55,315.81,4.01
1988-12-21,0.64,0.00,6.28,0.48,1.91,0.00,6.47,18.35,314.78,6.23
1988-12-22,12.20,0.87,5.90,0.65,2.61,1.13,4.30,21.06,300.28,6.43
1988-12-23,2.05,0.19,5.61,3.18,12.70,0.32,5.34,20.59,304.67,7.29
1988-12-24,0.99,0.67,5.50,1.27,5.09,0.83,3.87,19.50,300.40,3.88
1988-12-25,3.24,0.00,6.36,1.00,4.01,0.00,6.36,12.90,326.33,4.84
1988-12-26,5.61,0.23,8.60,2.55,10.20,0.35,6.55,7.47,336.69,6.05
1988-12-27,3.60,0.87,7.21,2.11,8.42,1.09,4.52,21.29,306.82,5.21
1988-12-28,0.13,0.00,7.82,2.36,9.41,0.00,6.88,16.44,326.57,7.78
1988-12-29,0.00,0.40,8.60,1.28,5.13,0.40,6.19,20.43,320.66,6.16
1988-12-30,0.00,0.45,8.02,0.94,3.74,0.45,5.61,18.46,321.19,4.53
1988-12-31,0.00,0.10,6.87,0.75,2.98,0.10,5.63,15.37,323.49,2.50
1989-01-01,0.01,0.08,5.31,0.67,2.67,0.08,4.98,18.61,307.74,2.69
1989-01-02,0.00,0.25,4.09,0.61,2.43,0.25,4.28,15.79,307.09,3.06
1989-01-03,3.31,0.88,5.10,0.55,2.19,1.10,3.94,13.91,314.39,5.17
1989-01-04,3.95,0.37,4.91,1.00,4.00,0.56,4.72,24.00,295.03,6.47
1989-01-05,5.53,0.56,3.99,1.52,6.06,0.72,3.93,14.62,309.05,4.21
1989-01-06,0.46,0.00,4.87,1.78,7.13,0.00,5.62,14.21,319.07,2.32
1989-01-07,0.11,0.16,7.64,1.13,4.50,0.21,6.13,17.92,324.51,4.51
1989-01-08,3.93,0.33,8.67,1.17,4.69,0.46,6.30,20.55,324.45,5.22
1989-01-09,0.10,0.27,7.00,1.72,6.88,0.34,5.52,23.10,311.16,4.55
1989-01-10,0.11,0.39,2.37,1.07,4.27,0.45,3.39,37.01,257.84,4.47
1989-01-11,9.95,0.86,3.69,1.14,4.56,1.18,3.96,15.10,309.27,8.72
1989-01-12,0.03,0.23,4.16,3.65,14.60,0.27,4.55,27.50,290.44,5.04
1989-01-13,15.94,1.15,4.75,5.13,20.50,1.44,3.66,9.17,312.37,6.83
1989-01-14,0.03,1.30,5.53,5.16,20.60,1.37,3.90,30.56,287.68,8.83
1989-01-15,0.00,0.39,7.14,1.59,6.34,0.39,5.88,24.68,314.24,10.11
1989-01-16,0.83,0.89,8.14,1.04,4.15,1.16,5.41,23.34,320.04,7.15
1989-01-17,0.01,0.21,3.05,0.86,3.42,0.21,3.63,42.84,259.39,3.17
1989-01-18,0.00,0.45,3.70,0.78,3.12,0.45,4.05,26.32,293.54,4.67
1989-01-19,0.04,0.33,4.54,0.67,2.68,0.37,4.47,35.29,284.43,4.86
1989-01-20,0.96,0.47,5.45,0.60,2.40,0.64,4.89,24.96,307.94,6.32
1989-01-21,0.01,0.22,3.30,0.62,2.49,0.23,4.14,28.35,291.86,3.35
1989-01-22,3.60,0.27,3.54,0.59,2.34,0.35,3.79,38.68,275.10,3.00
1989-01-23,0.35,0.00,4.55,0.97,3.87,0.00,5.74,23.14,312.06,5.43
1989-01-24,0.00,0.44,7.39,0.76,3.04,0.44,5.68,27.55,317.43,5.57
1989-01-25,0.61,0.49,3.46,0.59,2.37,0.66,3.85,35.81,283.19,4.56
1989-01-26,0.25,0.11,5.08,0.55,2.21,0.13,5.08,36.15,295.71,3.74
1989-01-27,7.01,0.43,7.35,1.22,4.89,0.69,6.00,23.60,326.36,9.74
1989-01-28,0.04,0.63,4.76,2.80,11.20,0.70,3.99,48.34,273.77,4.75
1989-01-29,0.07,0.68,4.97,1.02,4.06,0.79,4.60,31.94,302.31,8.12
1989-01-30,0.06,0.65,7.48,0.71,2.82,0.76,5.57,24.72,326.68,6.46
1989-01-31,0.06,0.42,5.76,0.57,2.26,0.44,4.55,31.24,308.08,2.87
1989-02-01,0.00,0.56,4.50,0.49,1.96,0.56,4.04,46.97,284.90,3.94
1989-02-02,3.70,0.48,5.06,0.49,1.94,0.69,4.79,38.09,301.67,6.03
1989-02-03,7.31,0.37,7.39,1.80,7.19,0.58,6.06,31.92,322.45,8.00
1989-02-04,22.69,0.99,7.86,11.16,44.60,1.29,5.43,32.80,322.64,8.44
1989-02-05,0.78,1.53,5.83,4.48,17.90,1.84,3.70,46.66,292.57,7.61
1989-02-06,0.07,0.36,7.07,1.92,7.66,0.45,6.02,39.34,315.79,11.18
1989-02-07,3.24,1.12,8.78,1.13,4.51,1.40,5.54,43.69,317.66,7.36
1989-02-08,0.00,0.40,5.59,1.02,4.09,0.40,4.79,53.01,294.27,3.24
1989-02-09,0.01,0.75,5.01,0.86,3.42,0.76,4.29,64.39,279.77,5.40
1989-02-10,0.00,0.40,4.78,0.71,2.83,0.40,4.28,69.13,275.85,2.62
1989-02-11,3.32,0.55,2.49,0.87,3.47,0.78,3.87,33.66,299.83,5.89
1989-02-12,0.97,0.72,3.25,1.14,4.54,0.94,3.77,74.77,265.29,5.45
1989-02-13,4.90,1.03,4.52,1.65,6.61,1.38,4.20,48.05,297.38,9.77
1989-02-14,6.89,1.72,5.47,1.16,4.65,2.05,3.52,55.52,291.17,8.47
1989-02-15,0.11,0.76,4.62,2.85,11.40,0.93,4.52,80.14,273.98,8.82
1989-02-16,0.00,0.70,0.62,1.13,4.50,0.70,2.89,96.32,238.76,4.17
1989-02-17,1.23,0.78,1.40,0.72,2.88,0.98,2.95,41.47,287.93,4.13
1989-02-18,8.61,0.37,4.77,1.90,7.60,0.57,5.08,56.22,299.87,7.07
1989-02-19,6.43,1.36,4.85,2.48,9.91,1.66,3.66,61.29,290.14,7.02
1989-02-20,0.16,0.85,2.31,2.06,8.23,1.02,3.44,100.28,251.01,5.55
1989-02-21,3.40,0.78,2.62,1.32,5.27,1.00,3.53,78.73,270.16,4.71
1989-02-22,2.27,1.08,3.45,1.53,6.13,1.38,3.71,93.23,264.52,7.74
1989-02-23,6.71,1.06,1.35,1.21,4.82,1.38,3.06,87.21,258.99,7.47
1989-02-24,28.79,0.42,1.18,4.00,16.00,0.56,3.59,44.66,293.28,3.53
1989-02-25,4.02,0.32,1.15,5.31,21.20,0.45,3.87,50.48,291.11,3.99
1989-02-26,0.26,0.44,0.58,2.46,9.84,0.52,3.24,67.22,274.98,2.25
1989-02-27,0.91,0.64,1.25,3.03,12.10,0.86,3.49,77.81,272.72,5.11
1989-02-28,3.75,0.87,2.75,7.56,30.20,1.18,3.78,58.01,293.68,7.79
1989-03-01,0.93,0.84,4.64,7.51,30.00,1.07,4.32,68.92,297.68,5.10
1989-03-02,5.92,0.26,2.03,4.10,16.40,0.35,4.01,27.16,303.09,3.43
1989-03-03,0.53,0.43,3.96,3.20,12.80,0.51,4.66,66.53,299.63,2.21
1989-03-04,2.20,0.68,5.56,3.28,13.10,0.86,5.00,75.88,302.36,4.46
1989-03-05,1.16,0.67,6.94,3.53,14.10,0.86,5.56,56.73,321.42,4.85
1989-03-06,9.74,0.72,8.39,5.21,20.80,0.94,5.97,31.76,335.01,6.03
1989-03-07,0.01,1.31,4.57,2.53,10.10,1.32,3.73,146.12,254.69,4.34
1989-03-08,5.55,0.91,2.51,1.41,5.63,1.15,3.54,72.39,289.22,5.10
1989-03-09,8.23,0.27,6.15,4.73,18.90,0.46,5.94,54.63,322.30,8.11
1989-03-10,0.03,0.94,4.93,3.75,15.00,1.00,4.45,105.06,286.73,4.08
1989-03-11,0.00,1.42,5.36,1.40,5.61,1.42,4.21,142.42,267.87,6.27
1989-03-12,6.18,0.96,5.66,1.06,4.23,1.22,4.66,52.93,319.43,5.98
1989-03-13,0.17,1.62,4.73,1.64,6.55,1.88,3.75,115.44,279.40,7.90
1989-03-14,6.66,0.46,3.77,1.27,5.08,0.62,4.38,31.07,311.43,4.52
1989-03-15,0.01,1.42,4.40,1.88,7.51,1.43,3.77,148.18,264.01,4.80
1989-03-16,1.58,0.82,1.06,1.00,3.99,1.01,3.37,107.98,271.27,3.73
1989-03-17,0.12,1.21,0.56,0.81,3.25,1.25,2.71,171.50,235.87,3.07
1989-03-18,4.24,0.98,2.85,1.13,4.51,1.26,3.71,63.46,301.99,6.48
1989-03-19,3.43,0.52,5.79,1.46,5.84,0.71,5.56,66.98,319.01,5.70
1989-03-20,2.67,1.33,2.83,1.92,7.67,1.59,3.37,131.50,269.60,5.22
1989-03-21,11.22,1.39,3.28,1.36,5.45,1.64,3.41,131.08,272.41,4.98
1989-03-22,2.75,0.39,4.43,4.98,19.90,0.64,5.41,110.99,296.31,7.40
1989-03-23,13.57,1.38,2.73,4.10,16.40,1.72,3.46,115.45,279.56,8.40
1989-03-24,1.13,1.84,4.40,4.53,18.10,2.20,3.69,147.02,273.59,10.04
1989-03-25,3.26,1.85,4.88,1.57,6.26,2.12,3.50,145.31,275.58,5.85
1989-03-26,0.01,1.00,6.71,1.43,5.70,1.01,5.33,91.79,315.13,5.00
1989-03-27,1.96,1.35,9.51,1.06,4.23,1.52,5.92,109.51,321.39,3.42
1989-03-28,0.03,1.55,5.72,0.96,3.83,1.62,4.30,156.69,281.38,4.18
1989-03-29,1.52,1.35,4.53,0.72,2.87,1.58,3.84,107.30,295.75,4.52
1989-03-30,0.01,1.08,8.61,0.72,2.88,1.10,6.42,119.05,317.35,6.05
1989-03-31,0.00,1.13,7.17,0.61,2.44,1.13,5.38,119.39,308.95,2.36
1989-04-01,0.00,0.94,6.30,0.57,2.29,0.95,5.49,111.95,309.86,4.72
1989-04-02,0.76,1.36,4.20,0.52,2.07,1.66,3.83,82.90,306.45,6.82
1989-04-03,1.25,1.35,1.32,0.49,1.96,1.61,3.16,163.23,263.18,5.01
1989-04-04,6.53,0.99,1.19,0.54,2.14,1.26,3.68,153.28,270.50,5.61
1989-04-05,4.09,0.80,1.62,1.41,5.64,1.09,3.66,68.23,299.90,7.02
1989-04-06,3.06,0.32,2.92,2.65,10.60,0.44,4.50,43.52,308.43,4.21
1989-04-07,1.25,0.35,3.84,2.03,8.12,0.44,4.74,44.05,312.88,2.99
1989-04-08,1.87,1.53,5.72,1.50,5.98,1.77,4.56,151.20,294.07,4.95
1989-04-09,4.74,1.79,5.40,1.01,4.03,2.01,4.01,169.42,284.17,4.31
1989-04-10,3.72,1.14,6.07,1.80,7.19,1.33,5.22,126.74,307.56,3.69
1989-04-11,13.58,1.05,5.09,3.60,14.40,1.33,4.73,89.75,314.60,6.96
1989-04-12,0.05,1.97,6.96,4.86,19.40,2.03,4.47,173.40,292.89,4.40
1989-04-13,0.02,0.94,3.88,1.43,5.73,0.96,4.68,118.06,301.33,2.40
1989-04-14,0.07,0.98,5.43,0.95,3.79,1.02,4.93,100.95,314.00,2.16
1989-04-15,0.00,2.10,5.89,0.76,3.03,2.10,4.53,244.97,268.30,3.09
1989-04-16,1.44,1.88,5.70,0.60,2.41,2.10,4.56,212.88,278.89,4.25
1989-04-17,0.31,1.39,6.71,0.56,2.23,1.48,5.30,147.20,307.08,2.83
1989-04-18,0.00,1.19,5.57,0.51,2.04,1.19,5.15,139.71,304.94,3.24
1989-04-19,2.08,1.18,4.79,0.48,1.90,1.36,4.45,113.78,307.48,3.50
1989-04-20,2.30,1.81,6.38,0.48,1.92,2.03,4.79,185.58,293.41,4.54
1989-04-21,2.62,1.20,5.71,0.49,1.97,1.38,4.80,111.45,313.80,3.54
1989-04-22,0.21,0.95,4.24,0.57,2.27,1.09,4.50,94.51,312.13,3.05
1989-04-23,0.02,1.61,2.21,0.55,2.18,1.64,3.36,192.73,270.36,2.79
1989-04-24,0.13,1.74,0.86,0.45,1.78,1.86,2.86,223.40,254.02,2.37
1989-04-25,0.31,1.78,1.46,0.41,1.65,1.94,3.30,238.93,255.38,3.00
1989-04-26,0.00,1.91,2.42,0.38,1.53,1.91,3.45,241.13,259.32,3.35
1989-04-27,0.03,1.61,4.50,0.36,1.44,1.64,4.53,192.73,286.95,2.91
1989-04-28,0.03,1.82,4.24,0.34,1.35,1.88,3.93,200.05,281.10,2.96
1989-04-29,0.04,1.45,6.22,0.33,1.31,1.50,4.68,128.93,312.79,2.79
1989-04-30,0.37,1.52,8.24,0.32,1.28,1.68,5.38,107.34,329.79,4.05
1989-05-01,0.01,2.10,11.58,0.32,1.27,2.12,7.24,181.60,328.86,5.49
1989-05-02,0.02,2.67,11.30,0.31,1.22,2.70,6.18,205.61,318.57,4.90
1989-05-03,0.53,2.21,11.15,0.29,1.17,2.35,6.24,171.89,327.77,2.84
1989-05-04,0.00,2.36,11.97,0.29,1.17,2.36,7.11,200.69,326.31,2.25
1989-05-05,0.00,2.97,9.59,0.28,1.10,2.97,5.16,264.83,292.79,3.18
1989-05-06,0.00,2.85,8.25,0.26,1.04,2.85,4.81,277.24,283.44,2.09
1989-05-07,0.00,3.35,10.33,0.26,1.02,3.35,5.77,315.07,286.12,2.78
1989-05-08,0.00,2.23,11.56,0.25,1.00,2.23,6.49,158.47,335.28,3.98
1989-05-09,0.00,3.32,8.58,0.24,0.97,3.32,4.34,285.10,280.99,5.01
1989-05-10,0.01,2.65,5.71,0.25,0.99,2.66,3.74,265.23,273.56,2.92
1989-05-11,10.03,1.39,6.13,0.26,1.02,1.57,4.68,113.63,319.55,3.36
1989-05-12,3.70,1.26,4.72,0.45,1.79,1.48,4.56,124.15,310.93,4.50
1989-05-13,0.05,2.71,7.03,0.44,1.75,2.77,4.37,255.77,285.68,4.45
1989-05-14,0.00,2.26,8.31,0.28,1.12,2.26,5.42,208.19,307.86,5.14
1989-05-15,0.34,2.69,12.11,0.25,1.00,2.84,6.35,144.93,342.52,7.66
1989-05-16,0.02,3.67,9.43,0.24,0.94,3.70,4.65,319.23,279.83,4.94
1989-05-17,0.13,3.43,10.39,0.23,0.91,3.53,5.28,292.47,294.15,3.64
1989-05-18,2.24,1.59,13.28,0.22,0.89,1.72,8.35,119.27,356.51,2.81
1989-05-19,0.58,1.97,10.42,0.22,0.87,2.12,7.08,184.96,327.94,2.98
1989-05-20,0.00,2.75,12.16,0.21,0.85,2.75,7.44,243.12,322.80,3.57
1989-05-21,0.00,3.59,12.01,0.21,0.83,3.59,7.31,341.09,299.56,3.60
1989-05-22,0.00,3.56,12.08,0.20,0.81,3.56,6.87,318.03,303.37,4.05
1989-05-23,4.67,2.81,13.14,0.21,0.82,2.92,7.30,221.24,332.14,2.21
1989-05-24,0.08,1.90,11.85,0.22,0.88,1.97,8.18,180.47,337.61,3.14
1989-05-25,0.00,1.98,9.79,0.21,0.85,1.98,6.09,158.20,330.35,3.62
1989-05-26,0.00,3.38,9.80,0.19,0.76,3.38,5.38,306.80,292.12,2.26
1989-05-27,0.00,3.24,10.52,0.17,0.70,3.24,6.01,290.33,302.05,2.22
1989-05-28,0.00,3.13,12.24,0.17,0.70,3.13,6.72,252.19,320.51,3.88
1989-05-29,0.37,2.51,9.71,0.18,0.71,2.64,5.62,203.39,318.56,3.78
1989-05-30,0.04,3.04,6.64,0.18,0.72,3.10,3.94,283.77,279.72,4.48
1989-05-31,3.62,2.01,6.45,0.18,0.73,2.22,4.10,146.84,313.27,4.03
1989-06-01,0.46,2.89,6.53,0.20,0.78,3.07,4.33,295.52,277.43,3.26
1989-06-02,6.61,1.56,6.41,0.20,0.78,1.69,5.02,145.79,316.78,2.46
1989-06-03,0.13,2.59,7.60,0.20,0.80,2.73,4.89,247.56,296.41,2.96
1989-06-04,1.26,2.74,7.29,0.20,0.81,2.88,4.61,265.01,289.70,2.50
1989-06-05,2.32,1.86,7.85,0.21,0.82,2.01,5.39,165.84,319.38,2.74
1989-06-06,0.52,1.80,7.72,0.21,0.83,2.00,5.54,167.71,318.96,4.09
1989-06-07,1.76,2.62,7.92,0.21,0.85,2.76,4.87,240.61,299.71,2.94
1989-06-08,3.32,2.35,7.95,0.22,0.86,2.48,5.46,226.93,305.83,2.40
1989-06-09,1.19,2.08,9.04,0.28,1.10,2.21,5.91,185.37,321.47,2.35
1989-06-10,0.02,2.40,12.16,0.26,1.03,2.44,6.97,178.91,338.71,3.61
1989-06-11,0.09,3.32,12.68,0.23,0.93,3.44,6.81,264.92,319.98,3.52
1989-06-12,1.13,2.82,17.16,0.22,0.86,2.94,9.82,187.21,362.74,3.63
1989-06-13,11.02,2.75,16.18,0.23,0.90,2.89,9.33,192.21,356.89,3.36
1989-06-14,0.00,3.72,15.49,0.43,1.71,3.72,9.20,303.21,330.14,3.13
1989-06-15,0.00,3.76,13.30,0.23,0.91,3.76,6.79,302.33,313.46,2.43
1989-06-16,0.00,3.53,15.37,0.19,0.76,3.53,7.99,258.61,336.20,2.58
1989-06-17,0.00,4.21,15.52,0.16,0.63,4.21,8.50,332.49,321.47,2.02
1989-06-18,0.00,4.22,16.38,0.16,0.62,4.22,9.07,325.87,328.31,2.32
1989-06-19,0.00,4.41,17.10,0.15,0.61,4.41,8.82,325.03,330.23,2.34
1989-06-20,0.00,4.78,18.82,0.15,0.60,4.78,10.07,334.60,339.04,4.03
1989-06-21,0.00,3.33,13.12,0.15,0.59,3.33,6.66,233.20,329.31,4.96
1989-06-22,0.00,3.90,13.56,0.15,0.58,3.90,7.47,326.97,311.59,3.39
1989-06-23,0.00,2.74,11.73,0.15,0.59,2.74,5.63,177.22,334.18,3.41
1989-06-24,0.00,3.31,12.31,0.15,0.58,3.31,5.27,203.84,328.43,4.00
1989-06-25,2.09,3.15,13.69,0.14,0.57,3.42,6.98,179.07,345.67,7.39
1989-06-26,6.86,2.03,13.74,0.16,0.64,2.21,7.83,124.42,359.69,3.91
1989-06-27,3.95,1.66,11.48,0.20,0.78,1.85,7.54,136.43,346.17,4.25
1989-06-28,2.66,1.84,9.26,0.18,0.73,2.07,6.01,145.37,332.19,5.04
1989-06-29,0.00,4.08,10.00,0.17,0.68,4.09,4.65,349.96,278.43,4.53
1989-06-30,3.39,0.93,7.70,0.15,0.62,1.06,5.41,67.42,330.91,2.86
1989-07-01,0.03,1.87,11.52,NaN,NaN,1.91,7.77,170.66,338.56,3.48
1989-07-02,0.00,2.64,12.41,NaN,NaN,2.64,7.37,218.51,330.60,2.41
1989-07-03,0.00,4.05,14.29,NaN,NaN,4.05,7.54,329.02,311.42,2.99
1989-07-04,0.00,4.10,14.98,NaN,NaN,4.10,7.92,328.27,315.57,2.21
1989-07-05,0.00,4.43,15.29,NaN,NaN,4.43,7.99,355.39,310.14,2.77
1989-07-06,0.00,4.07,15.37,NaN,NaN,4.07,7.64,307.43,320.56,2.92
1989-07-07,0.00,2.19,15.43,NaN,NaN,2.19,9.40,159.11,359.47,3.50
1989-07-08,0.04,1.22,13.21,NaN,NaN,1.27,8.58,90.58,358.50,4.11
1989-07-09,0.01,2.41,13.07,NaN,NaN,2.42,6.94,168.45,343.99,2.59
1989-07-10,2.64,2.45,13.19,NaN,NaN,2.61,7.62,184.21,341.72,3.48
1989-07-11,0.01,4.55,14.86,NaN,NaN,4.56,6.66,327.50,307.78,4.75
1989-07-12,0.00,4.61,16.72,NaN,NaN,4.61,7.17,275.74,330.91,5.24
1989-07-13,0.00,4.22,14.29,NaN,NaN,4.22,6.34,289.61,314.06,5.02
1989-07-14,0.00,3.78,13.95,NaN,NaN,3.78,6.52,282.71,315.28,3.13
1989-07-15,0.00,4.18,16.70,NaN,NaN,4.18,8.78,306.06,328.23,4.78
1989-07-16,0.00,3.30,15.82,NaN,NaN,3.30,8.45,240.83,339.64,2.83
1989-07-17,0.01,3.36,15.52,NaN,NaN,3.38,8.52,252.94,335.39,3.41
1989-07-18,0.00,3.17,14.76,NaN,NaN,3.17,8.19,247.44,332.56,2.71
1989-07-19,0.00,3.85,15.95,NaN,NaN,3.85,9.01,307.83,324.82,2.54
1989-07-20,0.00,2.58,16.82,NaN,NaN,2.58,9.74,184.89,358.65,2.24
1989-07-21,0.00,2.46,17.89,NaN,NaN,2.46,9.75,142.58,373.61,3.09
1989-07-22,0.13,2.68,18.05,NaN,NaN,2.71,10.10,179.59,365.46,2.28
1989-07-23,0.55,3.16,17.51,NaN,NaN,3.24,10.44,240.07,349.43,2.06
1989-07-24,0.00,2.88,17.69,NaN,NaN,2.88,10.33,210.20,356.50,2.19
1989-07-25,1.51,2.77,17.79,NaN,NaN,2.89,9.66,177.24,363.91,2.87
1989-07-26,0.92,3.32,15.84,NaN,NaN,3.50,8.02,215.39,342.54,4.38
1989-07-27,1.95,3.46,15.00,NaN,NaN,3.66,7.07,208.60,338.02,5.01
1989-07-28,10.57,2.05,15.46,NaN,NaN,2.27,9.21,124.71,364.78,5.92
1989-07-29,4.09,2.87,16.79,NaN,NaN,3.06,9.09,165.96,360.67,5.29
1989-07-30,0.35,2.37,13.11,NaN,NaN,2.54,7.37,173.75,339.49,3.61
1989-07-31,1.47,2.40,11.21,NaN,NaN,2.61,5.80,146.36,335.00,4.68
1989-08-01,0.00,3.32,12.04,NaN,NaN,3.32,5.99,263.59,303.35,4.28
1989-08-02,0.00,2.41,13.47,0.14,0.56,2.41,7.48,178.19,338.61,3.25
1989-08-03,0.00,3.45,15.64,0.13,0.53,3.45,7.65,220.63,335.41,4.82
1989-08-04,0.00,3.37,13.20,0.13,0.53,3.37,6.21,251.20,310.75,3.66
1989-08-05,0.27,1.70,14.12,0.12,0.48,1.79,8.75,132.22,354.62,2.20
1989-08-06,0.54,2.44,16.98,0.14,0.55,2.52,9.60,174.59,356.97,2.22
1989-08-07,0.00,2.95,16.06,0.13,0.53,2.95,8.73,211.36,341.06,3.60
1989-08-08,0.71,3.00,15.74,0.12,0.49,3.15,7.90,200.48,340.39,3.46
1989-08-09,6.95,1.70,17.13,0.14,0.54,1.87,10.54,104.52,374.67,4.41
1989-08-10,6.08,2.45,12.99,0.16,0.64,2.61,6.60,160.03,337.00,3.60
1989-08-11,0.21,2.44,14.16,0.18,0.73,2.56,8.44,195.40,335.37,5.81
1989-08-12,4.87,3.01,13.25,0.17,0.67,3.23,6.86,215.73,320.48,5.49
1989-08-13,24.98,1.93,14.60,0.45,1.80,2.14,8.68,123.21,357.20,5.55
1989-08-14,6.01,2.86,13.56,0.65,2.59,3.09,6.91,181.57,331.68,5.74
1989-08-15,1.29,3.38,14.69,0.44,1.75,3.64,7.65,239.18,319.77,7.33
1989-08-16,2.24,3.50,14.65,0.26,1.03,3.72,6.96,223.40,321.30,6.02
1989-08-17,1.32,3.17,13.05,0.21,0.83,3.39,6.53,230.06,310.73,5.71
1989-08-18,0.00,2.60,13.87,0.19,0.75,2.61,6.97,148.19,342.20,5.06
1989-08-19,4.76,3.13,14.71,0.16,0.66,3.35,7.00,181.63,333.95,5.51
1989-08-20,4.12,1.80,16.55,0.23,0.93,2.01,9.98,101.15,370.69,5.82
1989-08-21,0.29,2.97,14.17,0.34,1.35,3.17,7.05,197.31,325.39,5.03
1989-08-22,0.00,3.06,13.66,0.21,0.83,3.06,6.84,219.99,314.19,5.21
1989-08-23,0.62,2.53,13.51,0.17,0.67,2.77,6.99,135.64,342.64,6.42
1989-08-24,7.16,1.62,13.77,0.22,0.86,1.82,8.09,88.92,360.25,5.05
1989-08-25,4.94,1.54,12.01,0.40,1.58,1.65,6.95,115.68,341.95,2.25
1989-08-26,9.98,0.35,10.90,0.57,2.29,0.43,8.12,48.24,347.76,3.15
1989-08-27,0.07,1.80,10.53,0.74,2.94,1.92,6.51,156.21,319.87,4.13
1989-08-28,0.56,1.95,9.44,0.34,1.34,2.09,5.83,193.25,299.62,2.55
1989-08-29,0.41,0.98,12.77,0.24,0.97,1.13,8.64,84.90,355.06,3.66
1989-08-30,7.22,0.94,15.86,0.25,0.98,1.08,11.05,95.04,364.83,3.99
1989-08-31,0.01,2.05,11.50,0.44,1.75,2.07,6.66,178.80,313.50,3.55
1989-09-01,0.00,1.44,10.92,0.29,1.15,1.44,7.02,122.48,331.52,4.15
1989-09-02,0.00,1.66,9.12,0.22,0.88,1.66,5.59,150.96,308.83,2.83
1989-09-03,0.00,1.05,8.37,0.19,0.77,1.05,6.02,101.42,325.47,2.14
1989-09-04,0.00,1.20,11.45,0.18,0.71,1.20,7.40,102.52,340.24,2.69
1989-09-05,0.66,1.45,11.89,0.17,0.68,1.62,7.17,102.28,341.47,3.93
1989-09-06,0.43,2.44,14.97,0.16,0.66,2.59,7.41,162.30,330.43,3.74
1989-09-07,3.00,0.44,11.13,0.17,0.68,0.50,7.44,41.94,348.86,1.70
1989-09-08,0.01,1.17,10.70,0.18,0.71,1.18,6.95,96.69,336.62,3.35
1989-09-09,0.00,1.51,9.40,0.17,0.68,1.51,5.85,113.30,321.37,4.68
1989-09-10,0.53,1.62,9.59,0.16,0.63,1.81,5.53,106.79,323.29,4.33
1989-09-11,1.45,0.83,11.07,0.16,0.64,0.97,7.58,69.38,348.01,3.39
1989-09-12,1.19,0.91,11.87,0.17,0.68,1.00,7.87,83.39,346.12,2.02
1989-09-13,0.48,1.01,12.69,0.17,0.68,1.12,8.28,87.25,348.14,2.89
1989-09-14,0.01,1.48,9.40,0.16,0.66,1.48,5.49,110.72,317.99,3.44
1989-09-15,3.32,1.06,9.68,0.16,0.65,1.23,6.32,75.37,336.64,3.73
1989-09-16,0.01,1.95,11.18,0.18,0.74,1.95,5.75,130.57,315.08,4.27
1989-09-17,0.32,1.71,11.11,0.17,0.68,1.86,6.00,140.76,310.05,3.18
1989-09-18,0.94,1.29,13.75,0.16,0.62,1.53,8.70,92.23,348.55,6.72
1989-09-19,1.49,2.79,12.85,NaN,NaN,3.05,5.95,150.67,309.15,7.04
1989-09-20,5.22,2.30,14.83,NaN,NaN,2.57,8.03,96.05,349.73,9.06
1989-09-21,3.80,1.43,14.74,NaN,NaN,1.56,8.27,97.19,348.44,3.05
1989-09-22,5.12,0.69,13.69,NaN,NaN,0.78,9.12,62.81,358.70,2.39
1989-09-23,0.07,1.91,12.55,NaN,NaN,2.04,6.52,132.52,315.45,4.44
1989-09-24,0.01,1.35,13.22,NaN,NaN,1.36,8.18,132.43,322.96,3.53
1989-09-25,0.28,1.20,13.28,NaN,NaN,1.39,8.07,63.77,355.15,5.26
1989-09-26,0.00,1.09,9.35,NaN,NaN,1.09,5.82,102.57,313.46,2.57
1989-09-27,0.00,1.06,10.21,NaN,NaN,1.06,6.11,67.66,335.79,3.16
1989-09-28,0.00,1.23,10.27,NaN,NaN,1.23,5.62,97.79,317.03,2.56
1989-09-29,0.00,1.36,10.69,NaN,NaN,1.36,5.71,144.14,291.60,2.22
1989-09-30,0.16,0.98,10.16,NaN,NaN,1.06,6.55,120.36,305.76,1.97
1989-10-01,0.00,0.82,10.49,NaN,NaN,0.82,6.64,80.80,327.72,2.09
1989-10-02,0.00,0.86,8.63,NaN,NaN,0.86,5.78,116.60,295.93,1.71
1989-10-03,0.00,0.57,8.14,NaN,NaN,0.57,5.99,57.51,328.57,2.05
1989-10-04,0.42,1.21,10.97,NaN,NaN,1.34,6.01,72.63,330.52,3.32
1989-10-05,4.08,0.86,9.74,0.15,0.61,1.00,6.33,72.58,325.50,3.34
1989-10-06,2.14,0.29,9.14,0.16,0.64,0.42,7.38,68.93,326.48,6.06
1989-10-07,6.02,0.82,9.50,0.18,0.72,1.01,6.36,47.05,339.22,4.62
1989-10-08,0.18,1.00,9.37,0.27,1.09,1.13,5.55,77.34,315.81,3.03
1989-10-09,0.00,0.85,9.59,0.21,0.86,0.85,5.75,46.56,337.74,2.76
1989-10-10,0.69,0.83,10.23,0.18,0.73,1.01,6.69,54.84,335.93,4.58
1989-10-11,0.32,0.69,10.30,0.18,0.70,0.80,6.57,45.64,341.70,2.81
1989-10-12,2.03,0.33,11.15,0.18,0.70,0.44,8.18,45.27,346.13,4.76
1989-10-13,1.77,1.20,8.37,0.18,0.72,1.43,5.24,100.09,288.90,5.35
1989-10-14,0.04,1.08,7.63,0.19,0.75,1.15,5.05,99.45,284.48,5.01
1989-10-15,6.45,0.86,7.22,0.18,0.71,1.05,5.03,41.28,325.71,4.32
1989-10-16,3.79,0.00,10.35,0.36,1.44,0.21,8.52,47.43,338.75,6.51
1989-10-17,0.26,0.77,13.22,0.62,2.49,0.90,8.32,53.45,346.87,4.40
1989-10-18,0.10,0.42,9.87,0.40,1.61,0.46,6.60,59.04,324.66,1.63
1989-10-19,7.28,0.75,10.14,0.28,1.12,0.92,6.62,55.60,327.64,4.46
1989-10-20,9.51,0.93,9.39,0.51,2.05,1.13,5.94,64.48,314.44,4.89
1989-10-21,1.98,1.07,8.82,1.06,4.24,1.33,5.67,59.52,314.42,6.52
1989-10-22,1.24,0.58,9.38,0.52,2.06,0.74,6.28,19.39,339.92,4.60
1989-10-23,0.83,0.75,9.35,0.39,1.54,0.91,6.01,74.54,302.55,4.06
1989-10-24,2.40,1.27,8.96,0.33,1.33,1.54,5.41,36.41,332.23,6.72
1989-10-25,1.49,0.82,9.50,0.43,1.72,1.02,6.15,39.29,332.86,5.08
1989-10-26,6.15,0.89,7.59,0.37,1.48,1.07,4.71,80.05,280.57,4.03
1989-10-27,3.34,0.44,6.41,0.83,3.30,0.55,4.97,17.43,324.22,3.43
1989-10-28,4.16,0.00,7.76,0.87,3.47,0.08,7.59,37.17,326.86,5.15
1989-10-29,3.52,0.61,9.55,0.74,2.94,0.74,6.20,50.22,319.11,3.75
1989-10-30,1.74,0.80,9.11,0.71,2.82,0.97,5.48,65.37,298.22,4.01
1989-10-31,4.18,0.20,8.47,0.65,2.60,0.28,6.68,61.56,303.49,4.67
1989-11-01,3.74,0.58,7.34,0.87,3.47,0.74,5.27,52.22,301.39,4.20
1989-11-02,1.84,0.43,7.96,0.88,3.52,0.61,6.11,42.60,315.89,5.84
1989-11-03,2.20,0.39,6.94,0.63,2.51,0.53,5.55,45.00,306.53,4.45
1989-11-04,0.28,0.39,5.82,0.55,2.18,0.51,4.94,53.40,289.51,3.99
1989-11-05,0.02,0.21,3.43,0.47,1.89,0.22,4.25,54.34,275.64,2.96
1989-11-06,0.79,0.41,3.08,0.37,1.49,0.51,3.37,50.43,271.93,2.63
1989-11-07,0.09,0.02,4.41,0.34,1.37,0.02,5.23,36.18,301.87,2.93
1989-11-08,5.05,0.20,3.47,0.40,1.59,0.27,4.51,25.25,307.92,3.27
1989-11-09,10.15,0.61,4.48,0.96,3.83,0.81,4.16,45.68,283.74,5.16
1989-11-10,12.66,0.62,6.83,3.78,15.10,0.81,5.09,34.70,309.60,5.12
1989-11-11,1.00,0.60,7.37,1.97,7.88,0.75,5.11,30.84,316.01,3.95
1989-11-12,0.34,0.11,6.48,0.97,3.86,0.13,5.52,22.56,323.90,1.60
1989-11-13,0.02,0.09,6.62,0.69,2.76,0.10,5.29,37.84,302.35,1.76
1989-11-14,0.00,0.02,7.11,0.53,2.11,0.02,6.05,40.53,302.47,2.47
1989-11-15,0.00,0.28,5.68,0.44,1.75,0.28,4.77,26.17,311.25,2.65
1989-11-16,0.00,0.39,5.89,0.39,1.54,0.39,4.78,43.35,286.48,4.31
1989-11-17,0.08,0.57,5.42,0.35,1.41,0.66,4.44,34.57,294.65,4.85
1989-11-18,1.54,0.08,5.91,0.36,1.43,0.10,5.64,18.93,323.16,3.10
1989-11-19,0.00,0.06,6.55,0.34,1.36,0.06,5.76,21.46,321.71,2.27
1989-11-20,0.00,0.17,6.63,0.32,1.26,0.17,5.53,10.39,326.53,3.28
1989-11-21,0.72,0.24,7.02,0.30,1.20,0.34,5.65,10.19,328.46,4.04
1989-11-22,2.39,0.45,3.76,0.32,1.29,0.61,3.94,31.23,286.35,4.38
1989-11-23,0.12,0.40,1.68,0.32,1.28,0.47,3.16,29.86,275.59,3.47
1989-11-24,0.12,0.08,1.55,0.30,1.19,0.09,3.77,20.34,293.76,1.99
1989-11-25,0.06,0.05,0.47,0.27,1.07,0.05,3.16,43.82,247.61,2.05
1989-11-26,0.07,0.20,0.60,0.25,0.99,0.23,3.21,28.40,272.17,3.08
1989-11-27,0.09,0.06,1.35,0.26,1.04,0.07,3.52,29.49,274.05,2.05
1989-11-28,0.16,0.00,1.70,0.26,1.05,0.00,4.38,15.91,302.29,1.59
1989-11-29,0.00,0.06,2.75,0.26,1.02,0.06,3.80,19.55,296.79,1.21
1989-11-30,0.21,0.03,2.03,0.25,1.00,0.04,3.64,21.67,288.84,1.05
1989-12-01,0.27,0.02,2.75,0.25,1.00,0.03,4.14,18.10,299.82,1.18
1989-12-02,0.00,0.01,-0.18,0.25,0.98,0.01,3.23,27.68,266.09,1.42
1989-12-03,0.00,0.03,-0.46,0.19,0.76,0.03,3.01,24.81,268.25,1.51
1989-12-04,0.12,0.03,0.51,0.20,0.79,0.04,3.39,21.88,278.97,1.69
1989-12-05,0.04,0.00,1.99,0.26,1.05,0.00,4.78,17.86,298.04,1.85
1989-12-06,0.00,0.00,3.31,0.25,1.00,0.00,4.79,15.90,306.58,2.11
1989-12-07,0.00,0.06,2.71,0.24,0.96,0.06,4.00,17.31,297.93,1.74
1989-12-08,0.05,0.06,0.59,0.23,0.90,0.08,3.42,17.26,286.80,1.99
1989-12-09,0.24,0.00,1.54,0.22,0.88,0.00,4.07,16.17,295.45,1.93
1989-12-10,0.05,0.04,2.05,0.22,0.88,0.04,3.94,15.65,297.60,1.70
1989-12-11,0.11,0.04,1.69,0.22,0.87,0.06,3.53,20.49,283.69,1.57
1989-12-12,0.24,0.05,-0.15,0.22,0.86,0.07,3.32,7.55,291.43,2.28
1989-12-13,0.27,0.23,0.11,0.22,0.87,0.32,3.28,14.76,288.19,3.88
1989-12-14,8.28,0.58,0.66,0.24,0.94,0.78,2.93,7.46,292.18,4.82
1989-12-15,2.74,0.10,0.36,0.36,1.42,0.14,3.23,16.78,284.00,2.22
1989-12-16,25.85,0.25,2.57,3.05,12.20,0.38,4.16,12.92,305.26,5.25
1989-12-17,4.27,0.00,4.99,4.83,19.30,0.00,6.21,12.84,320.17,7.70
1989-12-18,0.09,0.55,2.69,1.82,7.29,0.64,3.55,19.34,288.40,5.14
1989-12-19,0.43,0.12,0.44,0.95,3.78,0.17,2.81,34.41,244.29,2.69
1989-12-20,8.75,0.00,1.52,0.98,3.90,0.00,4.83,13.04,302.84,3.54
1989-12-21,2.90,0.06,4.44,2.30,9.17,0.09,5.02,14.63,311.61,4.10
1989-12-22,0.31,0.45,3.19,1.64,6.57,0.63,3.76,29.97,268.63,5.71
1989-12-23,3.53,0.57,4.63,1.08,4.30,0.74,4.13,15.07,308.25,4.51
1989-12-24,14.38,0.78,6.36,2.73,10.90,1.07,4.98,12.72,323.94,8.10
1989-12-25,0.49,0.62,5.56,3.55,14.20,0.87,4.59,24.74,292.72,7.07
1989-12-26,0.00,0.08,2.95,1.50,6.00,0.08,4.08,16.45,298.87,2.22
1989-12-27,0.00,0.00,-0.70,0.87,3.46,0.00,3.19,22.77,267.97,1.23
1989-12-28,0.01,0.01,0.37,0.67,2.68,0.01,3.50,15.71,288.37,1.31
1989-12-29,0.01,0.01,0.83,0.55,2.18,0.01,3.84,14.71,294.06,2.03
1989-12-30,0.01,0.06,1.19,0.47,1.88,0.06,3.62,13.77,296.68,1.63
1989-12-31,0.02,0.21,1.10,0.41,1.62,0.23,3.43,13.24,296.76,2.75
1990-01-01,6.98,0.01,1.67,0.46,1.82,0.02,4.11,7.77,302.05,3.04
1990-01-02,3.82,0.10,2.07,0.96,3.83,0.13,3.73,7.84,302.00,2.06
1990-01-03,0.04,0.00,1.94,1.02,4.08,0.00,4.58,9.63,304.73,2.82
1990-01-04,2.62,0.11,3.32,0.72,2.88,0.14,4.16,18.32,298.79,2.43
1990-01-05,1.28,0.01,4.63,0.81,3.24,0.02,5.04,22.47,299.24,3.39
1990-01-06,1.66,0.00,5.52,1.15,4.58,0.00,5.88,14.20,322.27,3.46
1990-01-07,2.51,0.36,3.00,1.06,4.22,0.50,3.95,8.34,306.66,4.40
1990-01-08,1.68,0.47,3.59,0.87,3.49,0.62,3.57,26.92,280.85,3.86
1990-01-09,6.80,0.35,4.46,1.16,4.63,0.49,4.20,31.03,280.31,4.47
1990-01-10,6.44,0.00,6.14,2.93,11.70,0.00,6.11,26.45,304.16,6.94
1990-01-11,2.71,0.31,8.38,3.85,15.40,0.47,6.47,16.29,333.59,6.87
1990-01-12,0.05,0.52,6.59,2.03,8.11,0.61,5.09,24.02,308.46,5.68
1990-01-13,0.14,0.30,2.47,1.21,4.83,0.35,3.69,24.09,287.16,3.59
1990-01-14,1.69,0.52,5.59,0.98,3.92,0.72,4.77,23.31,306.11,5.83
1990-01-15,3.20,0.62,8.22,0.97,3.87,0.90,6.04,19.97,327.58,8.87
1990-01-16,11.16,0.81,7.99,3.28,13.10,1.08,5.60,16.96,331.94,7.52
1990-01-17,5.30,1.16,3.72,2.65,10.60,1.50,3.50,30.99,281.17,9.01
1990-01-18,12.14,0.74,4.03,1.93,7.73,0.99,3.77,34.27,279.32,6.02
1990-01-19,0.85,0.25,4.20,4.51,18.00,0.42,4.78,32.59,289.31,7.84
1990-01-20,0.05,0.79,5.54,1.91,7.65,0.85,4.43,25.98,304.66,6.47
1990-01-21,8.12,0.30,7.54,1.50,5.98,0.46,6.09,22.78,324.16,6.68
1990-01-22,12.28,0.90,6.06,2.63,10.50,1.19,4.47,38.92,287.16,7.41
1990-01-23,0.98,0.49,3.24,4.68,18.70,0.73,4.12,31.79,287.94,7.17
1990-01-24,9.79,0.60,1.44,1.89,7.56,0.85,3.31,33.66,275.09,6.26
1990-01-25,12.14,0.00,2.58,6.76,27.00,0.00,4.84,21.42,305.84,8.13
1990-01-26,8.90,0.72,1.79,4.23,16.90,1.00,3.32,42.44,265.56,7.25
1990-01-27,2.19,0.45,1.91,3.88,15.50,0.63,3.65,26.23,292.90,5.02
1990-01-28,3.49,0.49,1.86,2.44,9.76,0.70,3.48,45.95,264.51,5.55
1990-01-29,6.68,0.40,3.32,4.53,18.10,0.58,4.33,22.50,308.25,5.90
1990-01-30,9.50,0.55,4.68,4.18,16.70,0.80,4.60,40.76,290.04,7.60
1990-01-31,8.10,0.76,4.01,4.41,17.60,1.04,4.01,45.40,279.62,7.22
1990-02-01,4.00,0.88,3.87,4.08,16.30,1.18,3.86,48.45,280.04,7.51
1990-02-02,1.60,1.17,3.50,2.80,11.20,1.53,3.59,37.57,290.64,9.76
1990-02-03,6.23,0.67,4.60,1.97,7.88,0.86,4.05,54.65,279.18,4.71
1990-02-04,27.92,0.66,6.08,12.06,48.20,1.00,5.26,24.90,323.51,11.12
1990-02-05,0.53,1.14,9.60,4.83,19.30,1.43,6.29,29.84,336.03,11.70
1990-02-06,11.49,1.01,8.10,3.30,13.20,1.28,5.41,24.27,332.63,7.11
1990-02-07,25.69,0.55,5.04,7.06,28.20,0.71,4.51,40.42,302.60,4.28
1990-02-08,1.92,0.89,3.18,9.14,36.50,1.18,3.62,69.51,263.31,7.04
1990-02-09,0.85,0.75,4.99,4.88,19.50,1.00,4.48,44.67,299.84,6.79
1990-02-10,2.97,0.54,5.56,3.23,12.90,0.76,5.02,32.11,317.16,6.24
1990-02-11,6.68,0.97,2.14,2.63,10.50,1.27,3.28,38.46,290.85,7.29
1990-02-12,1.16,0.78,1.24,2.58,10.30,1.08,3.30,62.33,266.80,7.93
1990-02-13,7.91,0.56,1.36,2.85,11.40,0.80,3.42,17.59,297.73,6.05
1990-02-14,6.05,0.51,1.93,2.75,11.00,0.68,3.64,44.11,289.41,4.37
1990-02-15,0.08,0.69,1.02,2.49,9.95,0.80,3.22,84.95,250.27,5.78
1990-02-16,3.14,0.68,1.82,1.78,7.13,0.84,3.04,93.91,245.20,3.33
1990-02-17,8.79,0.00,3.59,9.56,38.20,0.12,5.40,35.24,311.76,6.47
1990-02-18,6.29,0.98,5.41,5.68,22.70,1.28,4.46,63.73,293.44,7.48
1990-02-19,27.05,0.41,7.20,12.99,51.90,0.65,6.06,39.23,326.18,8.72
1990-02-20,4.85,1.02,8.23,12.16,48.60,1.31,5.66,49.46,322.36,7.86
1990-02-21,3.05,1.26,6.21,5.06,20.20,1.55,4.43,83.32,284.05,7.40
1990-02-22,0.04,1.38,7.80,2.93,11.70,1.45,5.03,57.11,314.24,8.38
1990-02-23,6.76,1.26,10.31,2.70,10.80,1.52,6.20,60.80,326.30,6.75
1990-02-24,10.82,0.67,8.07,6.18,24.70,0.92,6.07,39.55,332.75,7.10
1990-02-25,23.88,1.17,5.64,6.03,24.10,1.47,4.35,54.59,307.45,7.38
1990-02-26,8.62,1.30,3.72,9.11,36.40,1.67,3.76,77.86,281.60,10.83
1990-02-27,1.35,1.12,1.84,5.68,22.70,1.49,3.35,88.50,266.59,10.46
1990-02-28,0.68,0.80,1.73,4.28,17.10,1.06,3.40,45.60,296.20,5.97
1990-03-01,2.06,0.54,0.89,2.83,11.30,0.77,3.56,60.67,285.30,5.70
1990-03-02,0.03,0.82,1.06,2.55,10.20,0.87,3.30,94.33,264.77,5.81
1990-03-03,1.57,1.03,3.60,3.60,14.40,1.35,3.87,55.54,301.44,7.74
1990-03-04,0.05,1.31,5.37,3.53,14.10,1.43,4.22,96.24,285.75,7.30
1990-03-05,1.16,1.26,6.46,2.11,8.45,1.60,4.83,63.63,313.13,9.76
1990-03-06,2.14,1.16,8.13,1.84,7.35,1.46,5.57,56.72,327.04,8.01
1990-03-07,3.59,1.21,9.27,1.98,7.93,1.51,6.15,79.11,321.20,8.14
1990-03-08,18.32,0.85,6.30,5.16,20.60,1.09,4.87,33.06,323.49,6.01
1990-03-09,4.39,1.52,4.87,3.33,13.30,1.81,3.58,73.50,298.30,6.50
1990-03-10,0.25,0.31,6.99,2.68,10.70,0.49,6.33,67.47,320.57,7.45
1990-03-11,0.16,1.63,8.34,1.70,6.78,1.74,5.37,117.94,297.27,9.38
1990-03-12,0.03,1.58,6.82,1.29,5.14,1.63,4.21,138.38,275.85,4.42
1990-03-13,3.43,1.02,6.02,1.34,5.36,1.26,4.75,70.48,312.63,5.46
1990-03-14,1.18,1.35,7.38,1.12,4.48,1.65,5.08,75.44,317.32,7.85
1990-03-15,1.41,1.41,9.09,1.08,4.32,1.72,5.87,70.96,329.62,8.97
1990-03-16,0.28,1.57,10.39,1.27,5.06,1.70,6.25,88.40,327.99,7.44
1990-03-17,0.00,2.13,11.13,0.89,3.56,2.13,5.32,101.46,322.05,5.41
1990-03-18,1.03,2.12,11.62,0.69,2.77,2.38,5.93,93.08,331.29,6.72
1990-03-19,0.00,2.05,7.08,0.67,2.69,2.05,4.14,140.98,283.15,6.93
1990-03-20,1.16,1.44,6.48,0.57,2.26,1.73,4.53,80.38,312.96,6.89
1990-03-21,1.64,1.85,8.14,0.51,2.04,2.06,5.21,149.97,290.66,9.16
1990-03-22,0.07,2.01,6.66,0.50,1.99,2.10,4.10,143.79,283.26,7.15
1990-03-23,1.47,1.77,7.33,0.46,1.82,2.11,4.69,75.51,320.98,9.62
1990-03-24,0.97,1.75,4.85,0.47,1.88,2.08,3.86,137.65,280.33,8.43
1990-03-25,0.00,1.47,3.76,0.42,1.69,1.47,3.64,137.77,276.11,5.75
1990-03-26,0.00,1.28,3.87,0.38,1.53,1.28,3.60,140.88,275.70,2.71
1990-03-27,0.10,1.21,4.31,0.37,1.48,1.32,3.89,97.72,298.01,4.35
1990-03-28,0.02,1.48,4.31,0.35,1.41,1.51,3.68,164.85,269.44,3.01
1990-03-29,0.00,1.25,6.28,0.34,1.36,1.25,4.95,125.02,300.40,4.55
1990-03-30,0.00,1.38,9.49,0.33,1.31,1.38,6.19,129.15,316.22,3.26
1990-03-31,0.00,1.57,9.02,0.32,1.27,1.57,5.84,165.58,299.61,2.32
1990-04-01,2.43,1.22,8.12,0.32,1.26,1.34,5.49,113.10,316.58,2.37
1990-04-02,4.36,0.81,7.72,0.35,1.40,1.03,6.41,112.97,318.18,5.44
1990-04-03,0.72,1.47,1.78,0.40,1.59,1.76,3.10,142.24,271.79,6.34
1990-04-04,0.07,1.56,0.67,0.36,1.45,1.62,2.93,219.43,240.37,3.75
1990-04-05,0.42,1.04,2.85,0.35,1.38,1.29,3.77,90.23,299.42,5.22
1990-04-06,3.64,1.01,5.36,0.43,1.72,1.16,4.68,97.07,311.13,2.84
1990-04-07,0.00,1.48,4.25,0.41,1.64,1.48,4.06,172.12,278.36,3.17
1990-04-08,0.00,1.81,3.29,0.33,1.31,1.81,3.71,240.42,250.37,2.42
1990-04-09,0.02,1.33,4.36,0.31,1.22,1.36,4.02,116.64,298.92,4.62
1990-04-10,1.15,1.24,7.85,0.31,1.24,1.53,6.12,153.83,308.62,7.46
1990-04-11,1.00,1.97,8.68,0.30,1.21,2.21,5.00,126.82,317.43,5.51
1990-04-12,0.89,2.41,8.77,0.29,1.17,2.64,5.07,213.34,288.71,5.23
1990-04-13,0.82,1.80,5.68,0.29,1.16,2.03,4.26,175.65,287.15,4.54
1990-04-14,5.35,1.64,4.48,0.32,1.27,1.90,3.87,146.16,291.11,5.45
1990-04-15,0.78,1.98,5.07,0.46,1.84,2.26,4.18,220.43,271.42,6.35
1990-04-16,2.98,1.89,3.98,0.36,1.44,2.16,3.79,213.40,268.42,5.56
1990-04-17,0.37,1.81,3.41,0.36,1.43,2.06,3.54,192.18,272.26,5.41
1990-04-18,1.78,1.96,4.46,0.33,1.33,2.21,3.65,189.24,277.99,5.00
1990-04-19,2.38,1.78,4.81,0.32,1.28,2.00,4.32,207.83,278.13,4.23
1990-04-20,0.28,1.33,6.01,0.34,1.36,1.60,5.20,155.93,302.82,6.19
1990-04-21,0.01,0.73,6.53,0.32,1.27,0.75,5.49,64.17,325.97,4.69
1990-04-22,0.00,1.83,7.98,0.30,1.18,1.83,5.73,192.78,302.25,3.15
1990-04-23,0.00,1.81,7.58,0.27,1.08,1.81,5.61,192.27,300.98,2.39
1990-04-24,0.00,2.51,8.32,0.28,1.12,2.51,5.09,253.74,283.19,2.29
1990-04-25,3.37,2.20,8.74,0.24,0.94,2.44,5.15,173.05,310.00,5.03
1990-04-26,0.14,1.79,8.25,0.26,1.04,1.98,5.39,146.58,317.35,4.86
1990-04-27,0.04,1.89,4.50,0.25,0.98,1.96,3.53,169.25,288.05,3.91
1990-04-28,0.00,1.71,7.75,0.23,0.93,1.71,5.18,132.42,319.43,5.12
1990-04-29,0.04,2.47,11.86,0.23,0.92,2.54,7.19,222.50,317.07,3.83
1990-04-30,0.00,3.03,11.25,0.22,0.89,3.03,6.95,291.68,295.62,1.95
1990-05-01,0.00,3.20,12.44,0.21,0.84,3.20,7.41,294.64,303.41,2.56
1990-05-02,0.00,3.16,12.23,0.20,0.80,3.16,6.62,275.47,304.66,2.35
1990-05-03,0.00,3.38,12.95,0.20,0.79,3.38,7.48,301.72,304.78,2.41
1990-05-04,0.00,3.48,14.44,0.20,0.78,3.48,8.03,290.78,315.66,2.25
1990-05-05,0.00,2.53,12.61,0.19,0.76,2.53,7.42,211.83,327.22,3.22
1990-05-06,0.14,2.54,9.13,0.18,0.73,2.66,4.99,209.49,305.99,3.32
1990-05-07,5.56,1.76,7.24,0.19,0.76,1.89,5.36,174.66,309.93,2.22
1990-05-08,2.48,1.30,7.12,0.22,0.89,1.45,5.81,134.79,320.98,2.90
1990-05-09,5.56,1.93,8.07,0.23,0.92,2.06,5.70,188.96,311.33,2.22
1990-05-10,7.16,1.49,7.94,0.29,1.16,1.63,6.20,155.61,320.66,2.66
1990-05-11,0.02,1.57,8.19,0.34,1.34,1.60,5.78,139.08,324.95,4.07
1990-05-12,0.00,1.57,7.43,0.27,1.06,1.58,5.10,123.44,324.01,3.72
1990-05-13,0.00,1.96,8.64,0.24,0.94,1.96,6.11,191.03,315.48,2.42
1990-05-14,6.91,2.52,9.01,0.22,0.88,2.67,6.06,250.58,302.63,2.69
1990-05-15,7.08,1.37,9.17,0.35,1.41,1.53,6.66,129.05,333.97,3.35
1990-05-16,20.59,1.53,9.70,3.53,14.10,1.71,6.90,147.45,332.53,3.90
1990-05-17,0.00,1.61,8.22,2.63,10.50,1.62,5.75,143.34,325.11,2.92
1990-05-18,0.00,1.78,7.41,0.83,3.30,1.78,4.71,142.78,318.87,2.57
1990-05-19,0.00,2.05,7.71,0.52,2.06,2.05,4.56,163.15,314.53,2.76
1990-05-20,0.01,2.04,7.87,0.38,1.53,2.05,5.18,186.00,312.22,2.10
1990-05-21,0.63,1.95,8.78,0.32,1.29,2.09,5.93,177.89,320.48,2.75
1990-05-22,0.00,2.26,10.72,0.30,1.18,2.27,6.32,182.29,328.64,2.92
1990-05-23,0.00,3.61,10.82,0.26,1.03,3.61,5.18,280.04,300.43,5.03
1990-05-24,0.00,3.23,8.36,0.23,0.91,3.23,4.47,290.68,285.57,3.50
1990-05-25,0.00,3.33,7.75,0.21,0.85,3.33,4.36,321.84,275.34,2.36
1990-05-26,0.00,3.22,8.06,0.20,0.81,3.22,5.13,319.99,281.89,2.04
1990-05-27,0.00,3.16,9.52,0.19,0.78,3.16,5.88,302.53,295.12,2.69
1990-05-28,1.52,2.93,10.30,0.19,0.77,3.06,6.35,268.64,308.06,2.35
1990-05-29,0.91,2.07,12.67,0.19,0.78,2.22,6.81,122.94,353.35,3.35
1990-05-30,0.00,2.63,13.01,0.20,0.80,2.63,7.52,205.29,337.08,2.98
1990-05-31,0.00,2.38,12.46,0.19,0.76,2.38,7.28,185.61,338.81,2.48
1990-06-01,0.72,1.96,12.92,0.19,0.75,2.12,7.64,137.98,351.81,3.33
1990-06-02,0.04,2.87,11.53,0.19,0.74,2.95,6.62,237.45,320.40,5.28
1990-06-03,2.60,2.47,11.18,0.18,0.71,2.67,6.30,180.82,331.93,4.48
1990-06-04,1.37,2.70,11.11,0.18,0.73,2.92,6.14,199.09,326.82,5.16
1990-06-05,2.76,0.91,9.95,0.20,0.80,1.06,6.80,69.34,343.07,3.71
1990-06-06,12.95,1.85,8.32,0.30,1.21,2.09,5.79,169.79,321.60,5.33
1990-06-07,3.93,2.72,9.90,0.47,1.86,2.96,5.69,220.14,315.67,5.71
1990-06-08,0.96,1.89,9.00,0.35,1.38,2.06,6.59,192.27,321.44,3.24
1990-06-09,0.50,2.35,11.69,0.30,1.21,2.52,7.60,213.89,329.93,3.59
1990-06-10,0.09,1.81,10.90,0.26,1.02,1.90,7.06,150.04,339.96,2.91
1990-06-11,0.06,1.58,9.45,0.23,0.91,1.63,6.16,121.97,338.69,3.01
1990-06-12,0.00,1.85,9.05,0.21,0.83,1.85,5.39,132.94,332.74,3.01
1990-06-13,0.00,1.78,10.23,0.20,0.79,1.78,6.01,129.90,340.13,2.21
1990-06-14,0.00,1.96,11.35,0.19,0.77,1.96,6.39,144.01,342.52,1.87
1990-06-15,0.00,2.61,12.35,0.18,0.73,2.61,6.96,207.95,332.95,1.79
1990-06-16,0.00,2.77,12.84,0.17,0.69,2.78,7.06,217.15,333.12,1.96
1990-06-17,0.31,2.83,14.09,0.17,0.68,2.92,7.43,205.06,342.14,2.29
1990-06-18,1.89,2.14,13.29,0.17,0.68,2.29,7.79,152.22,351.32,3.30
1990-06-19,0.05,3.03,11.59,0.17,0.68,3.09,6.85,264.61,316.49,3.24
1990-06-20,9.23,2.83,10.89,0.23,0.92,3.00,6.33,241.11,317.49,3.36
1990-06-21,8.43,1.84,11.31,0.29,1.15,1.97,7.40,155.13,341.32,2.48
1990-06-22,8.10,1.95,11.31,0.47,1.87,2.16,6.98,146.39,342.75,4.64
1990-06-23,0.64,3.46,12.31,0.67,2.68,3.70,6.33,257.81,318.89,5.93
1990-06-24,5.15,2.15,10.78,0.41,1.63,2.35,6.68,175.01,333.37,4.33
1990-06-25,0.43,3.35,12.43,0.44,1.77,3.54,6.30,249.57,321.19,4.24
1990-06-26,2.57,2.30,13.53,0.29,1.15,2.41,7.38,160.56,349.97,2.26
1990-06-27,1.04,2.12,14.54,0.30,1.21,2.25,8.80,153.39,357.31,3.28
1990-06-28,0.43,3.56,12.10,0.27,1.07,3.70,6.22,282.40,311.34,4.69
1990-06-29,13.27,2.53,11.29,0.23,0.91,2.67,6.62,208.29,327.44,2.67
1990-06-30,10.54,1.74,12.69,1.77,7.06,1.88,8.09,136.95,351.82,2.79
1990-07-01,1.71,1.48,11.34,1.71,6.84,1.69,7.73,131.27,346.46,4.96
1990-07-02,0.42,3.29,11.05,0.91,3.63,3.48,5.59,256.57,309.62,4.35
1990-07-03,1.65,3.38,10.47,0.47,1.87,3.56,5.60,293.46,297.93,3.85
1990-07-04,22.62,1.71,10.15,2.60,10.40,1.91,6.32,117.47,342.90,4.43
1990-07-05,0.20,2.01,10.78,3.15,12.60,2.17,6.77,159.25,336.29,6.35
1990-07-06,4.46,3.40,11.85,0.89,3.55,3.62,5.44,225.97,319.60,5.00
1990-07-07,2.39,1.47,12.67,0.78,3.10,1.63,8.30,114.65,356.13,3.69
1990-07-08,1.13,3.69,13.93,0.76,3.04,3.93,6.56,219.02,333.69,6.96
1990-07-09,0.16,3.22,12.27,0.49,1.95,3.38,6.34,217.38,326.49,7.65
1990-07-10,0.14,3.66,13.59,0.35,1.38,3.79,6.37,237.08,326.47,5.54
1990-07-11,0.39,3.35,14.96,0.29,1.15,3.58,8.14,240.12,336.54,5.99
1990-07-12,0.65,2.61,12.82,0.26,1.05,2.73,6.63,191.43,335.87,2.30
1990-07-13,0.01,2.36,13.17,0.26,1.02,2.37,7.67,181.10,342.02,2.75
1990-07-14,0.00,3.30,14.02,0.24,0.95,3.30,7.56,256.21,326.53,3.50
1990-07-15,10.18,2.06,13.71,0.24,0.96,2.18,7.86,144.80,353.22,2.54
1990-07-16,0.19,3.40,15.24,0.35,1.39,3.46,8.95,276.28,330.24,2.53
1990-07-17,0.00,3.54,14.13,0.26,1.02,3.54,8.39,301.26,318.11,2.10
1990-07-18,0.00,3.77,15.93,0.21,0.85,3.77,8.92,298.96,326.85,1.88
1990-07-19,0.00,4.09,18.13,0.19,0.76,4.10,9.45,293.91,337.87,2.46
1990-07-20,0.58,3.40,17.25,0.18,0.73,3.48,9.16,236.40,347.41,2.86
1990-07-21,0.00,2.72,15.08,0.18,0.73,2.72,8.45,198.37,345.90,2.97
1990-07-22,0.00,2.67,13.68,0.17,0.69,2.67,7.34,190.26,339.57,3.29
1990-07-23,0.00,3.34,12.56,0.17,0.68,3.34,6.39,274.30,309.09,2.63
1990-07-24,0.00,3.51,11.69,0.16,0.63,3.51,6.96,327.35,294.51,2.17
1990-07-25,0.00,3.45,14.32,0.15,0.61,3.45,7.80,282.28,318.54,2.36
1990-07-26,0.00,3.02,14.28,0.15,0.59,3.02,7.84,230.62,331.66,3.71
1990-07-27,2.14,1.99,15.13,0.15,0.61,2.14,8.92,131.81,361.66,3.64
1990-07-28,0.00,3.45,16.57,0.16,0.64,3.45,9.04,257.80,336.47,2.94
1990-07-29,1.57,2.35,14.56,0.15,0.60,2.52,8.45,168.32,349.21,4.09
1990-07-30,0.06,3.55,17.69,0.15,0.61,3.63,9.39,223.11,350.11,5.42
1990-07-31,0.00,3.44,15.52,0.14,0.58,3.44,8.27,269.80,325.55,2.42
1990-08-01,0.00,3.79,17.28,0.14,0.55,3.79,8.43,269.42,331.15,2.80
1990-08-02,0.00,4.36,20.67,0.13,0.53,4.36,9.56,262.74,349.79,3.25
1990-08-03,0.12,3.10,20.83,0.13,0.52,3.17,10.71,182.46,374.79,2.47
1990-08-04,0.55,3.36,15.31,0.13,0.51,3.54,7.39,214.03,334.81,4.57
1990-08-05,2.84,3.63,14.28,0.13,0.52,3.86,6.73,237.30,320.83,5.86
1990-08-06,1.35,2.80,12.23,0.14,0.57,2.99,5.91,187.28,324.75,4.08
1990-08-07,0.02,2.57,12.46,0.15,0.58,2.61,6.63,190.33,326.80,3.75
1990-08-08,3.13,2.38,15.72,0.14,0.55,2.55,8.57,142.63,358.43,4.13
1990-08-09,1.67,2.31,15.89,0.15,0.59,2.49,9.45,166.05,353.17,4.48
1990-08-10,0.09,2.71,16.97,0.15,0.62,2.81,9.57,179.53,354.16,4.49
1990-08-11,0.15,2.55,15.69,0.15,0.58,2.62,8.27,140.63,357.64,4.91
1990-08-12,0.01,2.07,15.90,0.14,0.56,2.08,9.13,124.51,363.48,4.39
1990-08-13,1.11,2.00,14.53,0.15,0.60,2.10,8.52,144.38,350.77,3.36
1990-08-14,7.67,2.54,14.30,0.14,0.56,2.69,7.35,170.99,339.33,3.42
1990-08-15,5.29,1.30,12.51,0.17,0.69,1.49,8.40,114.01,349.32,4.79
1990-08-16,4.34,1.79,11.66,0.25,1.00,2.08,7.07,105.72,346.81,8.14
1990-08-17,0.11,2.77,12.37,0.25,1.00,2.89,6.20,162.62,329.38,6.40
1990-08-18,5.66,2.11,10.90,0.18,0.71,2.23,6.10,180.97,316.59,2.28
1990-08-19,7.20,1.16,12.47,0.32,1.27,1.30,8.31,96.59,352.97,3.16
1990-08-20,0.01,3.19,12.71,0.31,1.25,3.22,6.27,220.38,309.50,6.76
1990-08-21,0.06,2.03,12.56,0.20,0.81,2.08,6.78,135.27,339.08,3.52
1990-08-22,0.43,1.95,16.74,0.18,0.71,2.07,10.47,153.90,356.19,3.31
1990-08-23,1.12,1.73,16.40,0.17,0.69,1.81,9.72,131.14,360.36,1.81
1990-08-24,0.93,1.95,18.43,0.17,0.69,2.04,11.32,146.92,365.47,2.29
1990-08-25,0.18,1.85,15.97,0.17,0.67,1.90,9.97,153.11,351.29,2.44
1990-08-26,0.03,1.64,16.22,0.16,0.63,1.68,9.87,121.98,361.11,2.63
1990-08-27,0.10,2.29,17.85,0.15,0.61,2.34,9.83,150.67,359.36,2.97
1990-08-28,0.14,2.16,17.41,0.15,0.59,2.27,10.09,145.13,358.88,3.84
1990-08-29,1.15,1.62,16.57,0.16,0.62,1.76,10.00,108.63,365.68,3.52
1990-08-30,4.98,2.49,12.18,0.14,0.55,2.71,6.49,183.02,314.54,5.38
1990-08-31,0.40,2.21,13.62,0.16,0.63,2.40,7.42,151.00,334.35,4.56
1990-09-01,1.19,1.34,13.23,0.17,0.69,1.48,8.11,97.28,352.07,3.17
1990-09-02,0.89,1.62,15.48,0.16,0.62,1.81,9.36,104.01,360.25,4.88
1990-09-03,0.03,2.38,15.27,0.15,0.60,2.43,8.44,173.18,332.97,4.57
1990-09-04,0.03,2.07,10.79,0.14,0.56,2.12,6.12,179.19,304.63,4.00
1990-09-05,3.42,0.73,10.36,0.16,0.62,0.87,6.72,43.01,344.87,3.50
1990-09-06,4.49,2.34,10.50,0.16,0.63,2.63,5.48,121.71,322.91,7.51
1990-09-07,0.06,1.78,11.23,0.17,0.69,1.84,6.48,126.79,326.37,4.73
1990-09-08,0.00,1.64,11.76,0.17,0.69,1.64,7.00,141.92,323.23,3.15
1990-09-09,0.00,2.03,11.90,0.15,0.59,2.03,6.63,176.64,307.41,3.57
1990-09-10,0.00,1.62,12.15,0.14,0.56,1.63,6.96,143.16,322.62,2.34
1990-09-11,0.00,1.34,12.21,0.14,0.56,1.34,7.19,121.15,331.92,1.73
1990-09-12,0.00,1.20,12.57,0.14,0.57,1.20,7.39,101.38,341.49,1.68
1990-09-13,0.02,1.45,12.06,0.15,0.59,1.47,7.33,139.19,322.76,2.27
1990-09-14,0.00,1.58,10.80,0.13,0.50,1.58,6.02,134.56,314.56,2.69
1990-09-15,0.00,1.11,9.02,0.13,0.53,1.11,5.75,105.36,319.10,1.94
1990-09-16,1.83,1.42,9.21,0.13,0.52,1.57,5.15,104.51,317.39,2.89
1990-09-17,1.37,1.73,10.40,0.13,0.53,1.93,5.70,121.14,315.54,4.25
1990-09-18,10.99,0.70,12.17,0.15,0.61,0.94,8.55,70.08,350.31,7.44
1990-09-19,0.51,2.61,8.84,0.24,0.96,2.92,4.38,152.31,285.83,8.50
1990-09-20,3.88,1.64,8.65,0.20,0.79,1.91,5.08,66.43,331.04,6.63
1990-09-21,0.17,2.02,6.55,0.18,0.74,2.30,3.90,132.16,283.20,6.98
1990-09-22,2.46,1.27,8.34,0.18,0.71,1.46,5.21,91.56,316.24,3.89
1990-09-23,3.80,0.81,7.42,0.18,0.73,0.94,5.54,74.92,321.25,2.85
1990-09-24,15.30,0.82,7.66,0.47,1.88,1.00,5.81,76.88,321.33,4.21
1990-09-25,0.18,1.00,8.16,0.56,2.24,1.09,5.59,93.28,313.74,3.13
1990-09-26,0.00,1.01,8.04,0.27,1.08,1.01,5.21,103.51,305.59,2.18
1990-09-27,0.05,1.01,7.86,0.20,0.81,1.06,5.18,56.17,329.67,3.78
1990-09-28,0.10,0.97,11.15,0.18,0.72,1.10,7.38,62.76,343.84,6.87
1990-09-29,3.52,0.76,11.60,0.17,0.69,0.88,6.83,30.19,350.78,3.28
1990-09-30,3.09,0.45,10.59,0.20,0.79,0.52,7.78,54.41,344.63,2.31
1990-10-01,0.03,0.91,8.48,0.22,0.88,0.94,5.77,69.78,323.58,3.90
1990-10-02,8.80,0.95,11.22,0.19,0.76,1.17,7.35,65.97,339.78,5.89
1990-10-03,1.60,1.09,10.40,0.37,1.48,1.31,6.85,107.45,310.80,5.70
1990-10-04,3.88,1.64,9.54,0.33,1.31,1.91,5.47,107.23,300.91,6.55
1990-10-05,15.45,0.55,12.39,0.47,1.88,0.74,8.67,52.51,351.44,6.68
1990-10-06,15.21,0.88,10.89,4.13,16.50,1.14,7.31,53.29,343.19,7.48
1990-10-07,0.04,1.30,6.50,1.54,6.16,1.35,4.15,97.88,285.76,4.48
1990-10-08,1.52,0.63,6.45,0.58,2.30,0.83,5.45,66.08,311.48,5.19
1990-10-09,1.26,0.92,11.09,0.48,1.91,1.17,7.33,64.02,335.37,7.16
1990-10-10,14.72,0.91,9.64,0.51,2.02,1.07,6.08,66.46,324.22,3.71
1990-10-11,1.15,0.38,9.46,2.25,9.00,0.47,6.53,24.24,340.57,3.04
1990-10-12,0.00,1.22,11.63,0.92,3.66,1.22,6.45,90.07,314.50,3.97
1990-10-13,0.11,0.58,12.68,0.53,2.13,0.63,8.35,76.82,332.16,2.41
1990-10-14,2.42,1.44,13.07,0.40,1.61,1.65,7.18,104.33,309.79,5.20
1990-10-15,2.01,0.60,12.25,0.38,1.51,0.73,8.07,39.55,353.50,4.03
1990-10-16,0.07,1.18,10.81,0.40,1.58,1.30,6.13,77.86,314.49,4.50
1990-10-17,0.52,0.19,8.90,0.33,1.30,0.24,6.64,21.51,338.13,2.71
1990-10-18,1.02,0.23,9.73,0.31,1.25,0.32,7.55,51.26,331.62,4.54
1990-10-19,3.78,0.45,9.13,0.34,1.36,0.60,6.47,20.65,339.00,4.80
1990-10-20,0.92,0.03,10.30,0.58,2.30,0.05,7.84,20.22,344.97,3.80
1990-10-21,0.14,0.59,10.34,0.56,2.24,0.76,7.10,36.56,343.00,5.11
1990-10-22,0.00,0.93,7.89,0.42,1.67,0.93,5.07,34.55,329.77,4.29
1990-10-23,0.00,0.76,8.11,0.34,1.34,0.76,5.16,54.50,312.11,3.33
1990-10-24,3.42,0.18,8.99,0.31,1.23,0.23,7.09,34.31,336.86,2.88
1990-10-25,2.76,0.64,8.86,0.38,1.53,0.80,6.05,54.17,316.36,4.33
1990-10-26,1.98,0.33,9.25,0.50,2.00,0.44,6.89,38.73,332.71,4.13
1990-10-27,7.60,0.25,6.48,0.61,2.45,0.30,5.32,57.10,299.93,1.86
1990-10-28,4.95,0.00,5.79,2.20,8.79,0.07,6.02,32.84,320.54,6.53
1990-10-29,2.39,0.75,5.32,1.29,5.17,0.95,4.25,66.91,278.66,4.66
1990-10-30,5.71,0.36,3.65,1.27,5.06,0.48,4.39,34.17,304.78,3.86
1990-10-31,0.15,0.39,5.10,1.32,5.29,0.42,4.80,37.16,308.20,3.75
1990-11-01,1.29,0.33,4.99,0.70,2.81,0.42,4.63,49.96,292.47,2.95
1990-11-02,0.21,0.41,4.41,0.58,2.31,0.51,4.59,39.43,300.37,4.60
1990-11-03,0.90,0.61,4.25,0.49,1.95,0.82,4.22,38.75,297.89,5.24
1990-11-04,4.99,0.55,3.67,0.42,1.68,0.72,3.88,46.09,284.65,4.14
1990-11-05,1.84,0.28,4.51,0.77,3.09,0.36,4.58,33.29,304.93,2.80
1990-11-06,0.32,0.06,4.78,0.66,2.64,0.08,5.02,13.99,317.53,2.32
1990-11-07,0.48,0.04,5.38,0.55,2.21,0.05,5.27,13.69,320.63,2.04
1990-11-08,0.04,0.31,5.56,0.54,2.15,0.34,4.79,28.64,313.03,2.61
1990-11-09,0.23,0.37,4.90,0.47,1.87,0.45,4.32,31.63,303.94,2.69
1990-11-10,1.92,0.00,5.80,0.43,1.70,0.00,5.74,12.82,323.39,1.96
1990-11-11,0.40,0.02,6.95,0.47,1.86,0.02,6.20,24.27,325.59,1.78
1990-11-12,1.48,0.10,8.51,0.43,1.71,0.12,6.57,21.23,336.17,1.83
1990-11-13,2.65,0.07,9.94,0.52,2.07,0.09,7.44,27.92,334.02,3.21
1990-11-14,0.97,0.29,8.64,0.70,2.79,0.38,6.31,31.78,320.70,4.04
1990-11-15,0.31,0.76,8.07,0.56,2.25,0.95,5.34,22.93,327.63,4.87
1990-11-16,6.71,0.68,9.76,1.43,5.73,0.91,6.57,22.00,338.14,6.76
1990-11-17,3.10,0.45,6.42,1.17,4.66,0.60,4.88,35.59,298.89,4.14
1990-11-18,2.38,0.93,5.10,1.07,4.28,1.24,4.22,40.62,282.12,8.44
1990-11-19,0.00,0.51,3.65,0.91,3.63,0.52,3.94,33.23,285.70,4.91
1990-11-20,0.07,0.09,1.05,0.65,2.61,0.10,3.38,32.52,273.52,2.02
1990-11-21,2.13,0.01,1.63,0.57,2.26,0.02,3.89,32.69,277.47,1.69
1990-11-22,0.01,0.03,1.66,0.60,2.39,0.03,3.55,41.18,261.53,1.68
1990-11-23,0.74,0.24,0.78,0.52,2.06,0.38,3.62,21.87,288.26,5.17
1990-11-24,9.89,0.46,2.52,0.55,2.18,0.64,3.77,18.80,300.08,4.85
1990-11-25,9.68,0.16,3.79,3.90,15.60,0.25,4.61,9.45,312.27,4.44
1990-11-26,4.93,0.39,3.96,3.35,13.40,0.54,4.28,23.48,298.55,4.81
1990-11-27,0.15,0.17,2.75,2.07,8.29,0.20,3.80,27.36,284.21,2.71
1990-11-28,0.01,0.07,2.03,1.14,4.57,0.07,3.50,30.64,273.51,1.81
1990-11-29,0.20,0.12,2.44,0.84,3.37,0.16,4.11,15.65,304.17,2.74
1990-11-30,0.17,0.10,3.02,0.70,2.81,0.12,4.19,8.69,307.70,2.54
1990-12-01,0.01,0.27,2.98,0.65,2.59,0.27,3.57,15.86,302.49,2.14
1990-12-02,0.00,0.33,4.75,0.64,2.55,0.33,4.61,17.83,309.54,4.23
1990-12-03,0.00,0.39,6.18,0.54,2.15,0.39,4.86,29.44,292.74,4.81
1990-12-04,0.00,0.23,4.43,0.46,1.84,0.23,4.19,25.24,290.66,3.09
1990-12-05,0.00,0.09,2.78,0.40,1.59,0.09,3.67,23.72,284.22,1.92
1990-12-06,15.34,0.46,3.43,0.39,1.57,0.65,4.11,16.73,302.77,5.64
1990-12-07,15.47,0.12,1.95,3.95,15.80,0.21,4.18,7.91,303.43,6.24
1990-12-08,29.14,0.82,0.64,4.20,16.80,1.20,3.15,7.82,293.47,11.39
1990-12-09,2.02,0.16,1.53,7.91,31.60,0.26,3.85,21.73,283.11,5.20
1990-12-10,1.13,0.06,2.06,7.48,29.90,0.10,4.20,14.07,302.13,3.64
1990-12-11,1.60,0.73,2.99,7.01,28.00,0.96,3.47,13.20,304.08,5.15
1990-12-12,0.01,1.05,1.36,3.13,12.50,1.08,2.70,19.82,278.07,7.09
1990-12-13,0.00,0.16,0.44,1.48,5.90,0.17,3.02,21.76,272.81,2.60
1990-12-14,0.00,0.01,0.17,1.10,4.41,0.01,3.25,27.67,261.14,1.63
1990-12-15,1.15,0.00,0.58,1.08,4.32,0.00,3.71,7.42,296.14,1.63
1990-12-16,0.07,0.00,2.46,1.78,7.11,0.00,4.89,13.74,305.52,1.23
1990-12-17,0.64,0.02,1.53,1.19,4.77,0.03,3.73,15.01,294.65,1.24
1990-12-18,0.11,0.02,0.49,0.95,3.80,0.03,3.53,13.46,293.10,1.26
1990-12-19,2.72,0.24,1.75,0.80,3.21,0.33,3.21,28.77,262.57,3.39
1990-12-20,1.50,0.00,3.17,2.55,10.20,0.00,4.91,20.37,294.31,5.48
1990-12-21,3.06,0.25,6.03,1.76,7.03,0.32,4.75,12.85,321.38,2.31
1990-12-22,2.54,0.00,6.80,3.50,14.00,0.00,6.48,14.42,324.86,6.61
1990-12-23,2.29,0.79,6.59,1.93,7.70,1.07,4.77,27.98,290.08,7.75
1990-12-24,3.49,0.36,3.70,1.24,4.95,0.49,3.94,23.39,285.47,4.23
1990-12-25,10.15,0.00,2.83,1.73,6.91,0.00,4.81,14.84,304.44,8.15
1990-12-26,9.93,0.50,4.49,5.26,21.00,0.76,4.61,16.52,306.80,8.26
1990-12-27,4.80,0.59,1.57,2.78,11.10,0.87,3.43,19.71,283.42,7.39
1990-12-28,19.64,0.39,2.74,12.92,51.60,0.61,4.12,13.22,305.60,6.95
1990-12-29,2.72,0.70,1.51,4.53,18.10,0.98,3.19,23.29,274.77,7.03
1990-12-30,9.10,0.52,1.72,2.60,10.40,0.77,3.46,24.70,274.69,6.79
1990-12-31,13.26,0.09,1.54,4.71,18.80,0.14,3.95,7.69,300.91,3.93
1991-01-01,18.54,1.11,4.06,20.00,79.90,1.40,3.48,7.77,308.69,6.89
1991-01-02,3.30,0.48,3.19,11.31,45.20,0.74,4.13,19.60,294.47,7.90
1991-01-03,6.80,0.76,2.03,3.78,15.10,1.04,3.25,22.25,280.03,6.86
1991-01-04,6.95,0.42,2.54,4.96,19.80,0.68,3.99,25.09,280.89,8.64
1991-01-05,16.76,0.68,2.85,12.69,50.70,1.03,3.91,20.01,292.69,10.32
1991-01-06,2.83,0.60,3.09,6.53,26.10,0.90,3.95,24.42,285.15,8.70
1991-01-07,3.27,0.24,-0.30,2.90,11.60,0.37,3.25,19.70,279.42,5.03
1991-01-08,10.78,0.34,0.19,1.95,7.78,0.50,3.16,23.52,273.61,4.92
1991-01-09,6.05,0.32,0.16,2.09,8.37,0.46,3.20,18.69,283.93,4.41
1991-01-10,7.82,0.32,0.85,3.73,14.90,0.51,3.53,24.12,278.22,6.46
1991-01-11,1.06,0.34,1.91,7.48,29.90,0.48,3.77,17.97,296.14,5.01
1991-01-12,0.00,0.07,0.32,3.33,13.30,0.07,3.21,38.93,249.38,2.95
1991-01-13,0.00,0.04,-1.67,1.47,5.87,0.04,2.26,43.07,229.33,1.32
1991-01-14,0.00,0.01,-2.23,1.03,4.10,0.01,2.61,41.62,234.94,1.64
1991-01-15,0.00,0.04,-1.06,0.85,3.40,0.04,2.99,43.65,239.17,2.98
1991-01-16,0.31,0.08,-0.84,0.74,2.96,0.10,2.64,42.50,239.69,2.05
1991-01-17,1.64,0.00,0.48,1.09,4.36,0.00,4.08,20.85,290.63,3.87
1991-01-18,5.89,0.27,2.13,5.11,20.40,0.41,4.05,17.55,303.12,5.27
1991-01-19,1.31,0.78,3.26,4.86,19.40,1.02,3.36,35.33,273.29,5.50
1991-01-20,0.87,0.00,4.60,6.56,26.20,0.00,5.39,27.81,301.79,7.15
1991-01-21,0.04,0.07,3.06,2.50,10.00,0.08,3.95,42.17,267.92,2.35
1991-01-22,0.05,0.04,1.00,1.37,5.49,0.04,3.47,34.32,271.52,1.61
1991-01-23,2.49,0.10,1.05,1.34,5.36,0.13,3.71,24.13,289.97,2.48
1991-01-24,0.01,0.00,2.09,1.43,5.71,0.00,4.63,23.53,299.45,1.27
1991-01-25,0.00,0.10,-1.18,1.10,4.41,0.10,2.86,25.77,276.07,1.70
1991-01-26,0.01,0.08,-0.33,0.88,3.51,0.08,3.15,33.64,270.27,1.92
1991-01-27,0.00,0.06,-0.22,0.79,3.15,0.06,3.32,29.39,278.83,1.76
1991-01-28,0.00,0.17,-0.72,0.71,2.85,0.17,3.14,22.72,286.20,2.50
1991-01-29,0.13,0.14,-0.29,0.66,2.64,0.17,3.22,21.86,290.18,1.96
1991-01-30,2.27,0.02,0.17,0.63,2.52,0.03,3.48,12.92,293.48,1.38
1991-01-31,0.25,0.08,-0.99,0.77,3.06,0.10,3.14,27.84,280.52,1.67
1991-02-01,1.66,0.04,-0.89,0.71,2.85,0.05,3.40,24.56,287.55,1.55
1991-02-02,0.04,0.09,-0.50,0.69,2.74,0.09,3.22,29.28,283.46,1.42
1991-02-03,0.35,0.16,-0.92,0.63,2.52,0.19,3.10,36.36,274.37,2.45
1991-02-04,0.00,0.24,-0.65,0.55,2.20,0.24,2.94,25.80,286.26,2.13
1991-02-05,0.26,0.28,-0.38,0.51,2.05,0.35,2.89,34.99,277.92,2.26
1991-02-06,3.39,0.15,-0.64,0.50,2.00,0.22,3.44,32.59,283.52,3.90
1991-02-07,7.83,0.27,-1.85,0.46,1.84,0.46,3.05,31.33,278.91,6.60
1991-02-08,13.10,0.11,-1.66,0.49,1.96,0.21,3.31,28.21,284.70,6.44
1991-02-09,7.74,0.26,-2.09,0.53,2.13,0.37,2.87,35.77,274.05,3.84
1991-02-10,8.67,0.03,-2.67,0.50,2.01,0.06,3.17,47.15,264.71,4.67
1991-02-11,0.83,0.26,-2.40,0.52,2.06,0.35,2.62,57.88,253.16,2.65
1991-02-12,0.89,0.07,-2.02,0.58,2.30,0.10,3.24,46.47,269.66,2.47
1991-02-13,0.05,0.34,-1.38,0.44,1.76,0.35,2.74,82.83,238.52,2.67
1991-02-14,6.94,0.44,-2.39,0.66,2.63,0.56,2.26,74.72,239.33,2.74
1991-02-15,0.11,0.00,-0.77,2.17,8.66,0.09,4.31,38.41,288.10,2.74
1991-02-16,0.00,0.45,0.77,2.02,8.06,0.45,3.18,64.86,266.98,2.98
1991-02-17,0.00,0.30,0.13,1.27,5.07,0.30,3.00,44.07,281.45,1.69
1991-02-18,0.04,0.31,0.99,1.03,4.10,0.34,3.24,43.96,286.97,1.71
1991-02-19,0.67,0.57,1.01,2.38,9.51,0.78,3.39,49.17,284.51,5.08
1991-02-20,2.54,0.41,3.53,10.64,42.50,0.56,4.40,43.21,304.30,4.07
1991-02-21,17.65,0.26,2.44,11.29,45.10,0.35,4.30,40.90,302.08,3.32
1991-02-22,21.22,1.29,3.95,13.32,53.20,1.59,3.47,58.55,290.89,6.93
1991-02-23,20.25,0.00,5.48,31.54,126.00,0.22,6.32,52.75,312.66,7.59
1991-02-24,0.25,0.85,7.48,11.64,46.50,1.04,5.46,84.85,296.33,5.43
1991-02-25,0.03,0.71,3.89,3.10,12.40,0.74,3.75,100.53,264.98,2.61
1991-02-26,0.47,0.11,4.49,2.08,8.32,0.21,5.46,47.87,312.02,4.71
1991-02-27,15.89,0.24,2.83,2.85,11.40,0.33,4.56,43.07,306.59,3.26
1991-02-28,0.48,0.11,1.72,4.88,19.50,0.15,4.08,24.10,302.12,2.42
1991-03-01,0.03,0.40,1.24,2.68,10.70,0.42,3.47,76.22,276.43,1.31
1991-03-02,1.84,0.55,0.70,1.96,7.83,0.72,3.32,52.21,289.01,3.84
1991-03-03,1.40,0.67,2.73,1.99,7.96,0.85,3.92,83.26,281.74,4.02
1991-03-04,20.02,0.63,2.55,8.66,34.60,0.83,3.60,25.97,303.26,4.71
1991-03-05,0.31,0.49,5.34,5.63,22.50,0.62,5.37,88.21,296.87,4.26
1991-03-06,1.87,0.23,4.06,2.42,9.67,0.29,4.87,35.28,313.97,2.48
1991-03-07,3.14,0.00,4.28,2.27,9.05,0.06,5.54,27.46,316.62,3.00
1991-03-08,2.65,0.44,5.76,2.78,11.10,0.54,5.47,57.30,317.74,2.97
1991-03-09,4.35,0.44,5.62,2.33,9.31,0.55,5.41,52.53,320.10,3.43
1991-03-10,0.00,0.56,6.96,2.50,9.99,0.56,5.61,58.43,323.59,2.36
1991-03-11,0.00,0.70,6.03,1.54,6.14,0.70,5.20,102.15,296.65,1.54
1991-03-12,1.35,0.44,6.76,1.20,4.79,0.51,5.86,51.99,327.52,2.02
1991-03-13,3.96,0.58,9.66,1.18,4.72,0.65,7.11,68.03,334.50,1.97
1991-03-14,0.09,0.68,8.23,1.57,6.26,0.73,6.13,73.64,324.68,2.20
1991-03-15,0.95,0.69,5.53,1.16,4.63,0.84,4.87,61.62,316.64,3.17
1991-03-16,10.71,0.83,8.28,1.87,7.47,0.99,6.13,86.58,319.91,3.60
1991-03-17,0.03,0.83,8.13,3.50,14.00,0.86,6.07,90.21,318.15,3.08
1991-03-18,14.53,1.10,6.38,5.06,20.20,1.33,4.77,70.70,316.97,5.16
1991-03-19,3.61,0.94,8.84,6.63,26.50,1.24,6.57,105.16,316.96,8.63
1991-03-20,21.84,0.79,6.80,8.23,32.90,0.96,5.45,68.81,322.63,3.99
1991-03-21,1.23,1.28,5.68,7.88,31.50,1.49,4.37,114.44,294.03,4.33
1991-03-22,0.25,1.13,3.27,2.65,10.60,1.25,3.76,125.99,277.86,3.85
1991-03-23,0.00,0.97,3.42,1.60,6.40,0.97,3.82,102.84,289.65,2.95
1991-03-24,0.00,1.13,5.09,1.21,4.82,1.14,4.38,139.54,283.44,1.99
1991-03-25,0.00,0.91,3.16,0.97,3.86,0.91,4.23,128.18,281.73,2.70
1991-03-26,0.00,0.48,3.53,0.83,3.32,0.48,4.35,37.54,310.34,4.51
1991-03-27,0.00,0.73,4.53,0.74,2.96,0.73,4.54,72.18,312.31,2.47
1991-03-28,0.00,0.99,4.70,0.66,2.65,0.99,4.55,109.77,298.28,3.36
1991-03-29,0.06,1.24,3.92,0.62,2.47,1.30,3.82,142.33,279.22,2.51
1991-03-30,0.08,0.76,5.97,0.58,2.33,0.84,5.40,84.77,317.10,3.19
1991-03-31,0.79,0.78,7.97,0.58,2.30,0.98,6.22,73.33,332.00,5.11
1991-04-01,5.21,1.75,9.45,0.66,2.64,2.06,5.74,92.86,330.57,8.38
1991-04-02,0.39,1.68,9.15,1.24,4.94,1.94,5.77,119.48,319.80,6.94
1991-04-03,4.15,1.67,5.15,0.97,3.88,1.94,4.20,171.26,279.43,5.75
1991-04-04,6.48,1.17,4.80,1.87,7.48,1.46,4.46,99.44,306.32,6.84
1991-04-05,2.52,1.22,5.51,2.30,9.20,1.45,4.71,118.02,303.94,4.95
1991-04-06,7.36,1.30,3.89,1.39,5.54,1.57,3.85,96.24,302.10,6.08
1991-04-07,3.55,2.17,6.71,3.55,14.20,2.48,4.31,168.93,289.25,8.10
1991-04-08,0.09,1.66,6.46,1.78,7.13,1.83,4.93,176.80,289.69,5.62
1991-04-09,2.46,1.22,7.16,1.02,4.07,1.45,5.50,113.38,316.72,5.93
1991-04-10,0.00,1.79,9.88,1.06,4.23,1.79,5.68,83.55,339.41,6.56
1991-04-11,0.67,1.84,10.50,0.77,3.07,1.96,6.12,100.55,337.53,6.81
1991-04-12,0.38,1.01,8.69,0.68,2.70,1.07,6.37,92.44,333.06,3.27
1991-04-13,0.00,1.22,6.47,0.63,2.51,1.22,5.36,132.78,309.02,4.41
1991-04-14,0.00,2.13,4.94,0.54,2.14,2.13,4.19,261.79,256.94,3.07
1991-04-15,0.00,2.09,6.03,0.45,1.79,2.09,4.41,233.96,271.47,2.51
1991-04-16,0.23,1.83,4.67,0.41,1.63,1.96,3.73,158.12,288.13,5.41
1991-04-17,0.11,1.62,3.29,0.39,1.57,1.77,3.18,116.11,293.80,5.12
1991-04-18,3.56,1.50,4.15,0.41,1.63,1.77,4.22,170.47,286.22,5.85
1991-04-19,3.17,1.82,3.09,0.46,1.82,2.12,3.50,197.59,270.50,6.54
1991-04-20,0.89,1.58,2.35,0.48,1.90,1.78,3.23,173.65,274.12,3.36
1991-04-21,2.86,1.51,5.48,0.47,1.86,1.74,4.67,158.27,298.37,4.78
1991-04-22,0.00,2.12,4.26,0.48,1.93,2.12,3.35,206.98,272.10,4.06
1991-04-23,0.01,1.41,5.30,0.39,1.56,1.42,4.48,139.21,303.33,2.92
1991-04-24,0.00,1.37,7.54,0.36,1.44,1.37,5.19,100.69,326.69,3.91
1991-04-25,0.00,2.47,7.80,0.34,1.35,2.47,4.85,239.48,285.07,4.32
1991-04-26,0.00,2.07,5.01,0.31,1.25,2.07,4.58,253.36,271.30,2.83
1991-04-27,0.00,2.25,5.31,0.30,1.18,2.25,4.35,261.55,268.97,3.52
1991-04-28,0.00,2.11,4.79,0.28,1.13,2.11,4.13,240.67,272.51,2.25
1991-04-29,0.11,1.51,5.67,0.28,1.11,1.65,4.55,135.08,308.32,4.45
1991-04-30,0.01,2.06,6.39,0.29,1.14,2.08,4.54,192.91,294.89,5.66
1991-05-01,0.40,2.22,6.13,0.26,1.03,2.47,4.51,231.65,284.65,5.61
1991-05-02,0.06,2.36,7.07,0.26,1.02,2.47,4.85,241.15,287.59,5.10
1991-05-03,6.09,1.68,5.59,0.27,1.07,1.90,3.95,120.47,310.91,4.11
1991-05-04,2.19,1.78,6.37,0.35,1.41,2.03,4.66,155.18,308.03,5.28
1991-05-05,0.01,2.37,6.40,0.36,1.42,2.40,4.17,216.56,289.54,4.48
1991-05-06,3.86,1.35,5.19,0.32,1.29,1.48,4.53,131.65,309.56,2.25
1991-05-07,0.00,1.91,6.24,0.33,1.31,1.91,4.93,204.05,296.94,4.12
1991-05-08,0.00,2.62,6.53,0.29,1.14,2.62,4.50,273.69,278.03,2.37
1991-05-09,0.00,2.58,7.19,0.27,1.06,2.58,4.45,251.91,286.01,2.24
1991-05-10,0.00,1.88,8.40,0.25,0.99,1.88,5.29,154.60,320.21,3.12
1991-05-11,0.00,2.46,9.50,0.24,0.96,2.46,5.42,201.63,313.15,3.75
1991-05-12,0.25,2.34,9.06,0.23,0.93,2.51,5.26,186.65,314.99,4.02
1991-05-13,0.88,1.40,10.46,0.24,0.96,1.57,7.18,122.84,341.35,3.59
1991-05-14,0.01,2.64,7.38,0.24,0.95,2.66,4.36,241.29,290.92,3.16
1991-05-15,4.59,1.94,8.26,0.24,0.95,2.19,5.14,134.85,325.33,5.45
1991-05-16,1.95,0.97,8.02,0.29,1.16,1.14,5.51,61.77,332.52,3.75
1991-05-17,0.51,1.58,9.53,0.29,1.15,1.69,6.19,130.14,334.87,2.11
1991-05-18,0.21,1.85,10.00,0.29,1.14,2.00,6.07,138.77,334.77,3.39
1991-05-19,0.04,2.43,11.40,0.26,1.02,2.49,6.32,171.31,333.55,4.44
1991-05-20,0.00,2.96,13.43,0.24,0.94,2.96,7.11,195.26,338.44,5.80
1991-05-21,0.00,3.51,13.87,0.22,0.89,3.51,7.11,245.85,328.08,6.01
1991-05-22,0.00,3.31,10.92,0.21,0.84,3.31,5.09,242.98,309.64,4.07
1991-05-23,0.78,2.59,10.07,0.21,0.82,2.73,5.85,222.23,315.14,2.62
1991-05-24,0.00,2.63,12.96,0.21,0.83,2.63,7.74,215.64,333.93,2.71
1991-05-25,0.00,1.57,10.98,0.20,0.80,1.58,6.72,115.94,346.55,2.20
1991-05-26,0.01,2.02,12.88,0.20,0.79,2.03,7.11,145.07,349.10,1.81
1991-05-27,1.23,1.93,12.11,0.20,0.79,2.04,7.91,164.67,342.25,2.61
1991-05-28,0.00,2.39,9.20,0.20,0.81,2.39,5.03,180.72,319.71,3.27
1991-05-29,0.08,1.99,9.16,0.20,0.80,2.08,6.08,177.18,323.89,3.71
1991-05-30,0.00,1.73,9.08,0.19,0.76,1.73,6.07,145.73,330.83,3.46
1991-05-31,0.01,1.51,8.51,0.19,0.75,1.52,6.04,132.11,331.45,3.57
1991-06-01,4.49,3.19,7.83,0.18,0.73,3.36,3.85,276.14,283.53,3.20
1991-06-02,5.85,1.15,5.54,0.24,0.97,1.34,5.13,117.89,320.04,3.78
1991-06-03,1.15,2.46,5.69,0.28,1.10,2.67,4.03,239.11,287.10,3.91
1991-06-04,0.06,2.49,5.94,0.23,0.91,2.53,4.15,247.38,286.78,2.85
1991-06-05,0.00,2.85,7.23,0.20,0.82,2.85,4.67,281.92,285.86,2.59
1991-06-06,0.08,1.43,8.30,0.19,0.77,1.45,6.17,131.89,331.10,2.48
1991-06-07,0.00,2.51,8.39,0.19,0.74,2.51,5.32,230.76,305.85,3.58
1991-06-08,9.18,2.12,8.27,0.18,0.74,2.33,5.21,173.54,318.89,4.16
1991-06-09,6.08,2.32,11.29,0.27,1.09,2.53,6.80,183.81,333.41,4.89
1991-06-10,0.00,2.61,11.87,0.43,1.71,2.62,6.83,197.51,332.79,5.71
1991-06-11,6.94,2.06,8.69,0.29,1.14,2.27,5.46,164.23,323.82,4.37
1991-06-12,3.34,3.01,11.28,0.53,2.12,3.27,6.20,233.74,320.02,6.27
1991-06-13,1.60,2.41,10.09,0.43,1.72,2.66,5.95,182.18,326.88,6.12
1991-06-14,1.41,2.69,10.81,0.33,1.30,2.92,5.96,199.59,325.76,4.99
1991-06-15,0.66,1.55,9.21,0.27,1.07,1.67,6.57,139.73,334.32,2.15
1991-06-16,5.88,1.91,9.88,0.26,1.05,2.05,6.13,152.15,333.65,2.72
1991-06-17,6.33,2.01,9.67,0.57,2.29,2.17,5.91,159.17,330.61,2.98
1991-06-18,3.53,0.85,8.41,0.64,2.57,0.98,6.03,67.87,335.21,3.04
1991-06-19,0.16,2.19,9.60,0.43,1.70,2.26,6.22,194.69,322.89,2.46
1991-06-20,0.17,2.59,9.38,0.32,1.27,2.66,5.92,235.72,311.53,2.01
1991-06-21,3.06,1.57,10.58,0.26,1.03,1.73,7.21,135.83,342.07,3.32
1991-06-22,2.00,2.69,12.28,0.38,1.52,2.85,7.41,226.45,329.61,3.41
1991-06-23,0.16,2.59,12.16,0.36,1.44,2.72,7.27,213.78,331.63,2.92
1991-06-24,2.10,1.97,12.01,0.26,1.04,2.11,7.78,166.43,342.32,2.72
1991-06-25,5.20,1.68,13.73,0.37,1.49,1.81,9.09,139.13,356.36,3.04
1991-06-26,1.17,2.89,12.55,0.54,2.15,3.07,6.86,217.77,331.19,3.92
1991-06-27,0.86,2.13,11.01,0.37,1.49,2.26,7.20,187.45,332.48,2.39
1991-06-28,0.00,2.85,11.80,0.29,1.17,2.85,6.74,235.65,323.43,2.43
1991-06-29,7.50,3.06,12.23,0.24,0.95,3.20,6.14,229.00,324.70,2.89
1991-06-30,0.08,2.92,14.78,0.34,1.37,3.03,8.35,212.59,344.83,3.97
1991-07-01,3.75,2.19,13.69,0.29,1.14,2.32,8.50,174.84,348.04,2.58
1991-07-02,1.10,1.53,12.73,0.28,1.11,1.68,8.53,129.27,353.43,3.14
1991-07-03,0.17,0.91,13.38,0.26,1.05,1.05,8.71,67.08,359.49,3.71
1991-07-04,0.00,3.28,16.39,0.24,0.94,3.28,9.84,257.26,343.43,3.67
1991-07-05,0.00,3.65,15.20,0.20,0.80,3.65,8.70,295.53,327.01,4.49
1991-07-06,0.00,3.09,16.40,0.18,0.73,3.09,10.32,253.02,345.01,3.50
1991-07-07,5.55,2.29,16.07,0.18,0.71,2.38,9.91,173.65,359.44,1.95
1991-07-08,3.60,1.82,15.63,0.26,1.04,1.97,9.82,131.86,366.02,3.56
1991-07-09,0.08,3.07,14.93,0.25,1.00,3.21,8.52,229.30,340.22,5.96
1991-07-10,0.00,2.51,14.71,0.22,0.86,2.51,8.18,173.52,351.83,3.11
1991-07-11,0.86,2.69,17.25,0.18,0.74,2.84,9.72,170.80,365.25,3.67
1991-07-12,3.48,3.25,12.86,0.17,0.68,3.49,6.50,217.81,328.76,6.07
1991-07-13,0.00,2.65,13.84,0.17,0.69,2.65,7.65,172.67,346.99,5.72
1991-07-14,2.37,3.19,14.02,0.17,0.67,3.37,6.99,214.52,335.46,4.15
1991-07-15,7.66,1.85,13.81,0.18,0.72,2.02,8.86,149.66,353.01,3.82
1991-07-16,3.02,2.98,13.62,0.29,1.16,3.18,7.66,232.70,330.65,4.54
1991-07-17,1.35,2.84,13.29,0.28,1.13,3.00,7.10,208.95,333.57,3.45
1991-07-18,0.51,1.95,13.53,0.23,0.90,2.10,8.14,140.35,353.22,3.52
1991-07-19,14.82,2.19,14.17,0.95,3.81,2.33,8.36,160.92,351.27,3.09
1991-07-20,2.70,2.05,13.87,1.09,4.34,2.16,8.25,155.49,350.95,2.14
1991-07-21,0.00,2.33,13.21,0.51,2.03,2.33,8.39,198.99,337.65,2.04
1991-07-22,4.26,1.85,14.81,0.31,1.25,1.94,9.12,140.13,358.95,1.98
1991-07-23,1.67,1.72,15.50,0.33,1.32,1.86,9.72,125.53,365.27,3.04
1991-07-24,2.95,2.12,13.44,0.35,1.39,2.22,8.49,176.75,343.37,2.08
1991-07-25,0.06,2.90,15.25,0.32,1.26,2.96,8.74,220.71,340.64,3.69
1991-07-26,0.00,2.44,15.02,0.27,1.07,2.44,9.22,196.14,346.12,2.52
1991-07-27,0.00,2.88,16.41,0.21,0.84,2.88,9.44,208.67,349.27,3.92
1991-07-28,0.00,3.04,17.97,0.19,0.75,3.04,10.21,211.89,356.14,3.14
1991-07-29,0.00,3.20,16.69,0.17,0.69,3.20,10.03,255.66,339.85,3.63
1991-07-30,0.00,2.02,16.58,0.16,0.64,2.02,10.35,148.12,364.01,3.82
1991-07-31,1.36,2.05,16.04,0.16,0.64,2.20,10.39,168.83,356.59,3.61
1991-08-01,0.00,3.04,16.64,0.16,0.64,3.04,9.37,229.41,342.50,2.62
1991-08-02,0.11,2.38,16.49,0.15,0.61,2.41,9.65,177.12,355.37,2.09
1991-08-03,0.00,2.66,15.08,0.15,0.59,2.66,8.42,200.10,340.98,2.83
1991-08-04,0.02,2.26,15.17,0.14,0.57,2.28,8.55,159.46,352.34,2.82
1991-08-05,2.92,1.88,15.65,0.15,0.61,2.04,9.00,107.68,368.57,3.91
1991-08-06,9.85,0.81,14.39,0.20,0.80,0.90,9.03,57.55,364.26,2.50
1991-08-07,4.82,2.10,13.16,0.28,1.10,2.20,8.19,180.32,336.41,1.99
1991-08-08,2.16,2.94,13.83,0.29,1.14,3.09,7.41,231.56,321.99,3.40
1991-08-09,0.18,2.14,15.52,0.22,0.89,2.31,9.61,164.32,352.07,5.75
1991-08-10,0.05,1.67,15.98,0.22,0.88,1.75,10.14,122.58,364.57,4.41
1991-08-11,0.01,3.25,14.96,0.19,0.77,3.29,7.55,211.96,331.25,5.71
1991-08-12,0.00,2.53,13.28,0.17,0.66,2.53,6.83,163.05,337.08,4.22
1991-08-13,0.00,2.73,13.69,0.15,0.61,2.73,7.21,205.57,326.03,3.51
1991-08-14,0.02,2.16,14.28,0.15,0.60,2.18,8.18,164.68,342.89,2.71
1991-08-15,0.12,2.44,15.78,0.15,0.59,2.59,9.02,160.45,351.57,5.56
1991-08-16,3.77,2.89,13.71,0.15,0.59,3.10,6.47,159.88,337.18,5.19
1991-08-17,1.07,2.42,13.69,0.15,0.61,2.62,7.65,174.18,335.10,4.92
1991-08-18,0.36,2.60,12.45,0.15,0.59,2.76,6.89,221.90,312.13,3.27
1991-08-19,0.08,1.31,12.80,0.15,0.59,1.39,8.39,107.89,351.28,3.81
1991-08-20,0.01,3.09,14.09,0.15,0.58,3.12,6.82,223.75,315.79,4.03
1991-08-21,2.24,2.78,15.82,0.14,0.55,2.93,8.42,203.98,334.19,3.40
1991-08-22,0.58,1.98,16.89,0.14,0.56,2.10,9.94,140.15,360.50,2.88
1991-08-23,2.08,2.24,13.59,0.15,0.59,2.43,7.46,153.42,337.95,4.41
1991-08-24,0.77,2.10,14.31,0.16,0.64,2.25,8.08,152.20,342.19,3.56
1991-08-25,0.04,1.82,14.84,0.15,0.61,1.84,8.34,135.58,349.87,2.10
1991-08-26,0.00,2.10,14.99,0.15,0.59,2.10,9.25,184.12,336.25,2.52
1991-08-27,5.30,1.31,14.12,0.15,0.61,1.39,8.76,106.79,355.32,1.61
1991-08-28,0.28,1.22,14.19,0.16,0.63,1.30,8.79,94.54,359.20,1.86
1991-08-29,0.00,2.55,17.20,0.16,0.64,2.55,9.69,201.06,338.94,2.46
1991-08-30,0.00,2.25,14.44,0.14,0.58,2.25,8.46,202.74,323.26,1.97
1991-08-31,0.00,1.98,14.38,0.14,0.55,1.98,8.57,167.90,334.38,2.91
1991-09-01,0.00,2.16,14.59,0.13,0.53,2.16,8.49,189.49,326.18,2.45
1991-09-02,0.00,1.42,13.08,0.13,0.53,1.42,8.41,125.79,341.30,3.35
1991-09-03,0.00,2.08,15.18,0.13,0.53,2.08,8.47,176.19,331.62,1.99
1991-09-04,0.00,2.09,15.58,0.13,0.54,2.09,8.71,178.43,332.33,1.85
1991-09-05,0.02,1.14,14.84,0.13,0.54,1.17,9.37,88.33,361.32,2.55
1991-09-06,0.01,2.15,11.13,0.13,0.53,2.16,5.65,205.51,290.80,2.05
1991-09-07,0.00,1.93,11.35,0.13,0.51,1.93,6.61,193.24,300.54,2.19
1991-09-08,0.00,1.39,12.57,0.13,0.50,1.39,7.57,129.54,332.88,1.45
1991-09-09,0.00,1.62,12.72,0.13,0.51,1.62,7.41,150.44,324.07,1.85
1991-09-10,0.00,1.67,13.48,0.13,0.51,1.67,7.53,125.94,336.70,2.94
1991-09-11,0.00,1.76,9.45,0.12,0.50,1.76,5.17,148.49,302.21,3.06
1991-09-12,0.00,1.50,8.66,0.12,0.48,1.50,5.34,156.37,295.93,2.16
1991-09-13,0.56,1.51,13.33,0.12,0.48,1.65,7.57,79.48,353.88,4.42
1991-09-14,9.57,1.74,16.04,0.15,0.61,1.96,9.26,83.89,365.07,5.94
1991-09-15,4.23,1.74,13.00,0.21,0.83,1.89,7.21,141.34,323.34,3.18
1991-09-16,3.33,1.59,14.45,0.17,0.69,1.79,8.58,106.20,346.93,5.16
1991-09-17,0.58,2.43,14.00,0.19,0.75,2.66,6.90,114.27,337.26,6.30
1991-09-18,0.00,2.33,13.47,0.16,0.63,2.33,6.87,156.38,313.92,5.40
1991-09-19,0.00,1.60,10.93,0.14,0.56,1.60,6.17,106.85,324.48,4.46
1991-09-20,0.00,1.44,11.67,0.14,0.54,1.44,6.64,122.84,320.39,2.84
1991-09-21,7.86,1.86,12.11,0.14,0.54,2.08,6.34,88.38,337.61,5.41
1991-09-22,3.62,1.94,10.11,0.20,0.82,2.20,5.66,140.28,299.97,6.42
1991-09-23,7.07,1.73,11.36,0.20,0.78,1.96,6.03,60.40,346.99,5.73
1991-09-24,1.44,2.51,11.41,0.24,0.96,2.81,5.75,143.58,300.88,8.58
1991-09-25,0.25,1.14,9.54,0.21,0.83,1.25,5.86,118.05,307.15,2.25
1991-09-26,0.40,0.66,7.38,0.17,0.69,0.74,5.92,83.66,315.84,2.05
1991-09-27,5.95,0.70,7.28,0.18,0.70,0.80,5.60,75.78,317.89,2.27
1991-09-28,0.34,0.76,7.90,0.43,1.70,0.94,6.01,64.02,327.01,5.58
1991-09-29,0.00,1.02,7.89,0.21,0.83,1.02,5.52,72.66,320.52,5.15
1991-09-30,2.55,1.08,6.56,0.17,0.67,1.24,4.70,121.37,283.99,3.10
1991-10-01,0.46,1.81,8.58,0.16,0.64,2.14,5.18,120.04,291.85,9.21
1991-10-02,6.77,1.49,10.03,0.16,0.66,1.71,5.43,59.79,334.60,4.85
1991-10-03,0.01,1.96,10.83,0.33,1.32,1.99,5.79,126.95,295.87,7.13
1991-10-04,8.90,1.43,9.05,0.25,0.98,1.68,5.45,91.38,309.00,6.04
1991-10-05,0.02,1.02,7.51,0.38,1.53,1.05,5.09,100.81,294.83,3.65
1991-10-06,0.16,1.16,7.06,0.31,1.22,1.31,4.80,87.36,299.26,5.02
1991-10-07,23.17,0.73,8.71,0.49,1.95,0.95,6.31,46.84,335.79,6.06
1991-10-08,0.15,0.76,9.86,2.03,8.11,0.88,6.50,75.43,322.10,2.97
1991-10-09,1.25,0.24,8.62,0.56,2.22,0.32,7.12,50.83,332.59,4.10
1991-10-10,0.37,0.31,10.08,0.40,1.58,0.39,7.65,47.67,340.79,2.92
1991-10-11,0.07,0.52,11.76,0.34,1.35,0.59,8.13,57.81,341.69,3.67
1991-10-12,0.22,0.38,11.64,0.30,1.20,0.44,8.15,42.87,350.00,2.41
1991-10-13,0.91,0.29,10.76,0.27,1.07,0.31,7.90,44.62,344.18,1.54
1991-10-14,0.81,0.26,9.25,0.26,1.04,0.32,6.78,27.95,339.69,2.52
1991-10-15,3.00,0.62,9.28,0.24,0.96,0.71,5.89,49.71,330.26,2.24
1991-10-16,1.70,0.28,9.50,0.25,1.00,0.48,7.42,66.70,321.37,9.56
1991-10-17,2.32,1.82,6.13,0.33,1.31,2.17,3.91,50.70,307.76,10.04
1991-10-18,0.01,1.29,4.85,0.37,1.46,1.31,3.70,81.33,275.71,6.46
1991-10-19,0.14,1.04,3.99,0.24,0.94,1.21,3.62,72.38,278.32,5.44
1991-10-20,0.00,0.54,4.66,0.20,0.80,0.54,4.24,56.80,296.02,2.74
1991-10-21,0.04,0.33,5.62,0.19,0.75,0.34,5.09,58.15,301.19,2.16
1991-10-22,0.00,0.27,6.59,0.19,0.74,0.27,5.55,63.90,300.83,1.74
1991-10-23,0.02,0.29,5.64,0.18,0.72,0.30,4.89,60.85,296.21,1.59
1991-10-24,0.20,0.01,5.12,0.18,0.70,0.01,5.44,18.59,319.92,1.99
1991-10-25,2.16,0.14,6.51,0.18,0.70,0.17,5.93,32.95,325.26,1.43
1991-10-26,0.59,0.15,7.31,0.19,0.77,0.18,6.28,30.76,330.57,1.80
1991-10-27,0.01,0.18,6.36,0.21,0.85,0.18,5.63,33.84,321.96,1.61
1991-10-28,0.67,0.34,7.42,0.20,0.80,0.41,5.55,30.17,329.14,2.07
1991-10-29,15.08,0.13,9.00,0.21,0.82,0.20,7.20,30.23,337.53,5.41
1991-10-30,0.75,0.27,9.11,1.49,5.94,0.34,6.67,41.58,325.93,2.88
1991-10-31,17.92,0.30,7.05,3.08,12.30,0.46,5.90,15.97,329.04,6.69
1991-11-01,15.01,0.22,8.09,4.83,19.30,0.34,6.60,36.27,324.89,6.69
1991-11-02,11.62,1.14,7.91,3.75,15.00,1.41,5.03,41.02,313.79,6.80
1991-11-03,11.55,0.51,4.29,3.53,14.10,0.66,4.23,46.57,289.36,4.21
1991-11-04,5.28,0.34,3.19,5.83,23.30,0.53,4.43,25.37,309.00,6.31
1991-11-05,0.50,0.68,2.50,1.72,6.87,0.88,3.27,56.70,263.46,4.54
1991-11-06,3.04,0.78,5.15,1.12,4.46,1.03,4.46,25.26,315.91,6.42
1991-11-07,6.40,0.63,6.99,2.70,10.80,0.88,5.50,24.44,326.85,7.23
1991-11-08,0.29,0.77,5.20,2.03,8.11,0.96,4.17,51.84,279.78,5.47
1991-11-09,0.00,0.31,2.62,0.96,3.84,0.31,3.75,52.96,266.14,3.50
1991-11-10,18.89,0.60,3.36,5.33,21.30,0.85,3.99,12.82,308.26,6.48
1991-11-11,0.56,0.76,3.64,3.10,12.40,0.99,3.60,52.23,266.57,5.55
1991-11-12,8.34,0.58,4.12,1.73,6.91,0.88,4.46,12.28,313.14,9.03
1991-11-13,3.05,0.47,1.90,2.49,9.93,0.65,3.51,34.91,280.64,4.78
1991-11-14,1.08,0.30,2.05,1.62,6.46,0.42,3.66,38.05,276.75,3.80
1991-11-15,0.00,0.07,2.62,1.49,5.94,0.07,3.88,42.49,272.85,1.94
1991-11-16,0.00,0.05,0.76,0.94,3.74,0.05,3.42,22.48,290.92,0.94
1991-11-17,2.48,0.12,0.41,0.76,3.04,0.16,3.32,24.23,285.83,2.01
1991-11-18,27.34,0.00,1.88,8.81,35.20,0.00,4.70,19.02,304.24,4.84
1991-11-19,0.16,0.54,3.86,4.58,18.30,0.72,4.13,37.31,281.38,6.31
1991-11-20,1.06,0.26,2.14,1.66,6.64,0.34,3.30,35.87,271.51,2.69
1991-11-21,5.06,0.22,3.92,2.36,9.43,0.34,4.65,10.19,312.92,5.43
1991-11-22,0.04,0.02,7.16,1.72,6.86,0.02,6.33,18.57,327.91,4.39
1991-11-23,0.00,0.57,7.88,1.10,4.39,0.57,5.50,21.17,324.44,4.65
1991-11-24,1.17,0.55,6.83,0.86,3.42,0.74,5.29,18.16,324.06,5.57
1991-11-25,0.55,0.78,5.97,0.77,3.06,1.01,4.67,19.35,315.89,6.52
1991-11-26,4.36,0.25,6.92,0.92,3.69,0.36,5.67,23.45,315.01,4.88
1991-11-27,1.36,0.54,6.20,1.26,5.04,0.70,4.73,23.22,308.72,4.49
1991-11-28,0.49,0.00,6.35,0.98,3.92,0.00,5.95,26.18,307.71,4.74
1991-11-29,0.00,0.00,6.00,0.82,3.27,0.00,5.87,16.95,321.31,3.12
1991-11-30,0.46,0.05,5.29,0.69,2.77,0.06,5.19,14.99,319.97,1.83
1991-12-01,0.05,0.00,5.13,0.61,2.43,0.00,5.40,16.02,317.41,2.02
1991-12-02,0.01,0.03,4.45,0.55,2.21,0.03,4.72,17.07,310.26,1.37
1991-12-03,0.00,0.00,4.28,0.51,2.02,0.00,4.77,30.09,284.63,1.60
1991-12-04,0.03,0.03,1.78,0.46,1.82,0.03,3.74,20.68,287.78,1.43
1991-12-05,0.00,0.01,2.33,0.46,1.83,0.01,4.34,14.27,304.77,2.07
1991-12-06,0.00,0.02,3.03,0.43,1.71,0.02,3.84,22.39,288.30,1.06
1991-12-07,0.00,0.03,-1.38,0.38,1.53,0.03,2.89,22.27,266.96,1.72
1991-12-08,0.00,0.01,-0.99,0.32,1.26,0.01,2.89,28.47,255.75,1.52
1991-12-09,0.00,0.05,-1.49,0.30,1.18,0.05,2.69,19.45,269.97,1.38
1991-12-10,0.00,0.01,-1.98,0.28,1.12,0.01,2.82,22.30,263.28,1.67
1991-12-11,0.00,0.06,-2.88,0.26,1.04,0.06,2.28,20.34,259.47,1.48
1991-12-12,0.02,0.02,-0.45,0.39,1.54,0.02,3.51,7.57,291.29,3.51
1991-12-13,0.05,0.00,3.02,0.48,1.93,0.00,4.91,14.03,307.65,5.40
1991-12-14,0.00,0.12,5.66,0.41,1.65,0.12,5.12,24.01,297.40,4.28
1991-12-15,0.00,0.09,2.19,0.36,1.45,0.09,3.85,18.05,291.34,2.48
1991-12-16,0.04,0.09,2.09,0.34,1.35,0.10,3.86,14.55,298.49,2.22
1991-12-17,10.85,0.00,4.42,0.49,1.96,0.00,5.32,13.28,315.39,6.12
1991-12-18,8.00,1.36,5.84,1.59,6.35,1.64,3.56,17.61,304.12,6.43
1991-12-19,12.58,0.00,4.79,4.76,19.00,0.00,5.50,17.31,308.67,7.55
1991-12-20,10.13,0.60,1.04,1.78,7.12,0.88,3.18,25.23,267.47,7.26
1991-12-21,17.94,0.34,4.63,10.74,42.90,0.45,4.39,7.33,314.96,3.71
1991-12-22,20.14,0.00,6.77,12.01,48.00,0.00,6.94,16.29,321.52,7.84
1991-12-23,3.05,0.25,6.37,14.74,58.90,0.41,5.62,16.99,316.03,7.54
1991-12-24,0.05,0.35,2.79,2.93,11.70,0.41,3.58,27.18,272.09,4.20
1991-12-25,0.26,0.70,4.04,1.77,7.06,0.90,3.88,7.39,310.55,5.59
1991-12-26,0.04,0.06,4.70,1.37,5.47,0.07,5.11,22.93,295.93,6.33
1991-12-27,0.01,0.16,3.73,0.98,3.91,0.17,4.03,19.70,294.51,2.57
1991-12-28,0.00,0.02,4.06,0.88,3.50,0.02,4.82,23.02,292.83,4.03
1991-12-29,0.00,0.02,4.80,0.77,3.07,0.02,4.98,17.80,307.24,2.24
1991-12-30,0.02,0.00,3.18,0.67,2.68,0.01,4.51,16.77,301.74,1.70
1991-12-31,3.96,0.49,5.07,0.70,2.80,0.71,4.71,16.04,311.72,6.48
1992-01-01,0.87,0.80,7.04,1.08,4.31,1.07,5.37,14.24,325.91,10.15
1992-01-02,0.97,1.25,8.84,1.21,4.83,1.55,5.71,13.74,335.93,11.66
1992-01-03,5.41,0.66,7.53,1.14,4.55,0.94,5.67,13.69,330.59,8.38
1992-01-04,0.10,0.57,3.00,1.22,4.86,0.67,3.51,24.35,281.16,4.97
1992-01-05,3.28,0.20,4.48,0.79,3.16,0.25,4.16,16.65,307.46,2.10
1992-01-06,1.24,0.00,4.93,1.06,4.24,0.00,5.83,19.57,309.04,6.73
1992-01-07,7.88,0.45,7.57,1.03,4.10,0.65,5.86,14.87,330.04,6.67
1992-01-08,10.73,0.05,5.15,6.08,24.30,0.08,5.45,14.73,319.67,5.49
1992-01-09,2.58,0.46,1.98,3.28,13.10,0.65,3.46,24.91,279.57,5.10
1992-01-10,0.23,0.17,-0.04,1.51,6.04,0.20,2.64,29.95,257.84,2.27
1992-01-11,0.03,0.00,1.23,1.35,5.39,0.00,4.17,27.97,276.77,2.24
1992-01-12,0.03,0.01,2.92,1.20,4.79,0.02,4.17,26.34,286.47,1.58
1992-01-13,0.00,0.00,2.87,0.96,3.85,0.00,4.44,23.43,293.63,2.06
1992-01-14,0.02,0.00,2.32,0.76,3.02,0.00,4.13,34.36,271.61,1.91
1992-01-15,0.03,0.03,0.22,0.67,2.67,0.03,3.47,21.68,283.85,1.73
1992-01-16,0.00,0.00,2.11,0.67,2.66,0.00,4.23,31.96,277.45,3.33
1992-01-17,0.00,0.18,3.31,0.58,2.33,0.18,3.92,20.51,301.21,2.03
1992-01-18,0.15,0.22,4.28,0.55,2.18,0.26,4.58,17.77,313.23,3.03
1992-01-19,0.65,0.39,6.01,0.52,2.09,0.53,5.15,17.84,322.63,4.66
1992-01-20,0.00,0.18,4.41,0.49,1.97,0.18,4.65,19.31,312.61,2.67
1992-01-21,0.00,0.08,-0.72,0.45,1.80,0.08,2.87,35.50,259.01,1.91
1992-01-22,0.00,0.09,-3.18,0.33,1.33,0.09,2.41,33.11,252.21,2.17
1992-01-23,0.00,0.06,-3.32,0.30,1.18,0.06,2.44,38.19,245.82,2.12
1992-01-24,0.12,0.17,-1.22,0.35,1.41,0.20,2.89,25.19,276.13,2.56
1992-01-25,0.53,0.00,1.10,0.39,1.55,0.00,4.40,31.28,284.56,3.51
1992-01-26,0.02,0.10,0.53,0.39,1.55,0.10,2.72,46.76,250.82,1.41
1992-01-27,0.01,0.05,-1.30,0.33,1.33,0.05,2.84,47.47,246.96,1.71
1992-01-28,0.02,0.03,-0.87,0.28,1.13,0.03,3.03,38.31,263.26,1.11
1992-01-29,0.01,0.06,-1.49,0.34,1.34,0.07,2.87,33.52,267.67,1.48
1992-01-30,0.00,0.00,-1.13,0.32,1.29,0.00,3.65,26.18,284.22,2.01
1992-01-31,0.02,0.12,-1.66,0.31,1.23,0.12,2.45,46.18,249.34,1.55
1992-02-01,0.04,0.03,0.29,0.33,1.30,0.03,3.86,26.14,292.45,2.61
1992-02-02,3.34,0.32,4.34,0.47,1.88,0.50,4.86,26.12,312.55,6.61
1992-02-03,12.56,1.01,3.92,0.89,3.54,1.26,3.44,52.57,275.28,5.77
1992-02-04,0.49,0.37,4.59,3.18,12.70,0.50,4.73,25.42,315.25,4.33
1992-02-05,0.00,0.79,6.01,1.25,4.98,0.79,4.67,35.66,310.26,5.82
1992-02-06,0.00,0.76,7.45,0.76,3.03,0.76,5.35,35.25,319.68,6.01
1992-02-07,0.00,0.98,6.34,0.57,2.28,0.98,4.63,28.67,320.60,6.44
1992-02-08,0.22,0.47,4.97,0.49,1.97,0.57,4.64,31.65,312.57,4.04
1992-02-09,1.73,0.29,4.62,0.47,1.86,0.41,4.95,36.52,308.17,4.66
1992-02-10,0.21,0.61,2.84,0.47,1.89,0.71,3.77,63.26,271.87,5.23
1992-02-11,0.03,0.43,2.98,0.42,1.69,0.45,3.61,67.60,268.49,2.61
1992-02-12,3.28,0.04,3.74,0.49,1.95,0.06,4.94,17.21,313.02,4.38
1992-02-13,0.14,0.62,3.66,0.61,2.45,0.76,4.08,59.10,283.75,5.17
1992-02-14,3.85,0.50,3.97,0.57,2.29,0.65,4.11,19.95,311.22,4.04
1992-02-15,1.64,0.98,4.34,0.80,3.20,1.28,4.04,68.03,280.37,7.48
1992-02-16,0.29,0.84,1.39,0.63,2.51,1.12,3.18,76.27,259.53,6.47
1992-02-17,7.10,0.40,-0.52,0.54,2.17,0.50,2.83,56.13,268.26,2.49
1992-02-18,0.07,0.17,-0.12,0.86,3.45,0.20,3.63,47.56,282.39,2.51
1992-02-19,0.07,0.34,-0.23,0.79,3.15,0.38,2.92,74.58,257.69,1.76
1992-02-20,0.28,0.32,1.78,0.87,3.48,0.45,4.05,56.50,286.14,4.87
1992-02-21,2.75,0.73,4.08,0.86,3.45,0.95,4.16,57.93,294.74,5.18
1992-02-22,1.68,1.17,6.55,0.98,3.90,1.53,4.94,41.76,320.77,11.07
1992-02-23,0.72,1.43,6.61,0.92,3.67,1.68,4.00,86.59,282.86,5.49
1992-02-24,1.54,0.85,6.23,0.75,2.99,1.07,4.88,47.68,316.17,5.70
1992-02-25,0.48,0.61,4.09,0.77,3.07,0.71,4.11,69.95,289.43,2.88
1992-02-26,0.27,0.67,5.04,0.62,2.48,0.85,4.73,89.31,283.75,4.49
1992-02-27,4.20,0.40,6.18,0.74,2.97,0.58,5.66,43.78,322.69,6.22
1992-02-28,0.04,0.82,2.50,0.77,3.06,0.89,3.49,107.36,258.42,3.89
1992-02-29,0.81,1.05,3.96,0.55,2.20,1.29,3.83,53.51,302.27,6.49
1992-03-01,0.40,0.46,6.43,0.50,1.99,0.62,5.71,56.87,317.71,5.44
1992-03-02,0.34,1.21,4.50,0.47,1.89,1.48,3.80,57.90,303.09,6.25
1992-03-03,0.29,1.34,7.72,0.45,1.79,1.53,5.05,122.57,282.44,5.58
1992-03-04,0.05,1.17,8.53,0.40,1.58,1.24,5.50,82.98,312.17,5.16
1992-03-05,1.36,0.88,6.09,0.38,1.50,1.03,4.38,47.05,320.58,3.25
1992-03-06,0.88,1.38,6.37,0.38,1.50,1.66,4.42,85.08,299.91,6.54
1992-03-07,0.60,0.75,7.67,0.35,1.39,0.97,5.85,59.36,325.47,5.63
1992-03-08,0.02,0.93,4.45,0.34,1.37,0.95,3.94,114.44,275.99,2.48
1992-03-09,7.86,0.79,3.76,0.47,1.86,1.06,4.22,54.57,308.23,6.38
1992-03-10,2.60,0.77,5.12,1.54,6.17,1.04,4.99,96.61,295.26,7.16
1992-03-11,3.09,1.41,4.26,0.94,3.74,1.71,3.72,94.20,287.89,7.15
1992-03-12,5.12,0.74,4.60,1.58,6.32,1.06,4.80,75.00,304.96,9.26
1992-03-13,0.09,1.08,2.40,1.24,4.97,1.26,3.56,99.33,279.44,6.81
1992-03-14,0.22,0.86,1.09,0.68,2.72,1.08,3.41,101.90,273.67,5.69
1992-03-15,0.04,0.89,2.74,0.50,1.99,0.93,3.44,108.57,277.03,2.16
1992-03-16,0.00,0.47,5.55,0.43,1.71,0.47,5.65,82.30,310.37,4.15
1992-03-17,0.01,1.11,8.23,0.40,1.58,1.12,5.74,87.22,319.69,5.47
1992-03-18,2.42,1.11,7.25,0.38,1.51,1.36,5.24,72.48,321.74,5.83
1992-03-19,1.49,1.09,6.32,0.42,1.67,1.34,4.75,59.99,322.73,5.45
1992-03-20,3.72,0.95,9.42,0.48,1.90,1.19,6.89,110.24,319.33,6.37
1992-03-21,0.94,1.68,5.38,0.58,2.32,1.97,3.93,125.88,286.09,6.66
1992-03-22,0.00,1.25,5.12,0.48,1.93,1.26,4.39,130.89,286.48,4.55
1992-03-23,6.30,1.23,4.32,0.42,1.67,1.51,4.15,118.21,288.72,6.09
1992-03-24,1.52,1.10,5.26,0.81,3.23,1.34,4.54,91.49,306.14,5.34
1992-03-25,1.29,0.94,5.16,0.68,2.72,1.16,4.59,69.39,315.80,4.88
1992-03-26,0.78,1.53,3.52,0.59,2.37,1.85,3.55,120.38,283.68,7.59
1992-03-27,0.77,1.43,2.52,0.43,1.72,1.67,2.97,98.89,286.01,5.11
1992-03-28,0.65,0.72,3.70,0.39,1.57,0.83,4.25,73.88,308.05,2.21
1992-03-29,15.13,0.54,4.25,1.11,4.43,0.74,4.99,70.99,314.23,5.62
1992-03-30,26.96,0.90,3.95,5.71,22.80,1.16,4.49,101.64,300.11,5.96
1992-03-31,44.72,0.48,3.95,27.78,111.00,0.73,4.95,72.78,312.97,7.52
1992-04-01,32.48,0.77,2.83,32.79,131.00,1.08,4.22,85.47,301.86,8.22
1992-04-02,4.24,0.75,1.87,6.58,26.30,1.02,3.58,41.90,300.51,6.77
1992-04-03,0.09,1.24,3.05,5.63,22.50,1.40,3.60,113.63,290.39,4.61
1992-04-04,0.80,1.42,3.24,3.93,15.70,1.62,3.42,142.27,280.16,3.53
1992-04-05,1.07,1.08,5.62,4.83,19.30,1.30,4.81,95.67,313.10,4.75
1992-04-06,0.39,1.08,5.78,3.05,12.20,1.27,4.76,91.19,315.54,3.88
1992-04-07,0.29,0.69,4.99,1.77,7.07,0.82,5.23,87.73,315.29,3.93
1992-04-08,0.00,1.83,8.12,1.30,5.20,1.83,5.47,193.62,293.01,2.68
1992-04-09,0.00,1.82,8.09,0.91,3.65,1.82,4.88,150.70,305.65,3.52
1992-04-10,0.00,1.80,10.21,0.72,2.89,1.80,5.59,122.50,327.26,3.40
1992-04-11,2.69,1.51,9.24,0.61,2.43,1.66,5.50,108.09,328.38,3.05
1992-04-12,3.17,1.67,7.83,0.67,2.66,1.89,5.45,161.28,305.36,4.75
1992-04-13,6.73,1.59,4.60,0.65,2.61,1.85,4.27,177.02,283.76,5.52
1992-04-14,9.56,0.37,4.03,2.83,11.30,0.52,4.89,48.26,314.11,4.79
1992-04-15,2.23,1.81,2.94,3.20,12.80,2.15,3.48,198.21,267.80,8.43
1992-04-16,0.90,1.77,3.98,1.46,5.84,2.02,3.43,148.63,287.39,5.03
1992-04-17,2.57,1.23,7.48,1.29,5.16,1.43,5.31,88.44,328.83,4.18
1992-04-18,0.01,1.50,9.05,1.18,4.72,1.54,6.50,164.54,315.75,7.90
1992-04-19,0.09,2.33,6.95,0.69,2.75,2.42,3.61,168.25,294.37,4.05
1992-04-20,2.35,1.33,7.66,0.54,2.17,1.52,5.26,93.84,328.66,4.02
1992-04-21,0.10,1.82,9.25,0.55,2.20,1.93,5.92,153.36,319.47,4.85
1992-04-22,3.58,1.28,6.72,0.51,2.02,1.43,4.95,108.80,319.84,2.80
1992-04-23,1.83,1.28,7.74,0.63,2.53,1.45,5.72,116.63,324.24,3.48
1992-04-24,5.70,1.64,8.69,1.19,4.76,1.90,5.85,135.16,323.51,6.21
1992-04-25,7.12,2.31,7.38,1.20,4.81,2.56,4.86,224.91,288.71,5.52
1992-04-26,6.52,2.37,8.73,2.33,9.30,2.66,5.35,203.45,302.71,7.27
1992-04-27,7.40,2.38,7.92,4.41,17.60,2.69,4.93,198.69,299.73,8.16
1992-04-28,4.50,1.79,6.32,3.03,12.10,1.96,4.80,181.25,298.76,3.20
1992-04-29,2.74,1.66,5.79,1.65,6.60,1.88,4.56,157.92,302.73,4.25
1992-04-30,3.70,0.97,7.60,1.85,7.39,1.17,6.10,96.52,331.66,4.62
1992-05-01,0.04,2.39,7.22,1.51,6.03,2.50,4.87,239.42,288.65,7.25
1992-05-02,0.06,2.48,6.89,0.77,3.07,2.58,4.46,231.92,287.79,5.79
1992-05-03,0.33,1.83,7.07,0.56,2.24,2.04,5.12,176.81,306.86,4.19
1992-05-04,2.28,1.45,9.67,0.51,2.04,1.66,6.44,112.84,337.94,4.59
1992-05-05,0.01,2.65,8.32,0.54,2.14,2.67,4.81,228.01,297.08,4.96
1992-05-06,0.01,1.64,10.69,0.47,1.86,1.68,6.83,115.90,342.68,6.96
1992-05-07,0.61,2.34,11.88,0.45,1.78,2.62,7.07,179.94,332.43,7.41
1992-05-08,1.92,2.48,5.52,0.43,1.71,2.80,4.06,252.62,277.97,7.93
1992-05-09,3.58,1.57,4.33,0.43,1.73,1.73,4.10,160.50,297.98,2.70
1992-05-10,1.53,2.19,4.99,0.45,1.79,2.35,4.21,238.90,281.43,2.73
1992-05-11,6.12,1.88,6.50,0.39,1.55,2.12,4.99,192.27,302.72,5.01
1992-05-12,0.18,2.20,10.39,0.76,3.04,2.41,6.64,202.18,321.26,8.01
1992-05-13,0.00,3.02,13.86,0.50,1.99,3.02,7.58,224.09,332.75,4.73
1992-05-14,0.00,4.05,15.48,0.37,1.46,4.05,7.60,285.91,323.94,4.87
1992-05-15,0.00,4.27,11.41,0.33,1.30,4.27,4.99,327.32,286.09,6.20
1992-05-16,0.00,3.40,8.77,0.29,1.15,3.40,4.83,324.35,278.04,2.52
1992-05-17,0.00,3.29,9.13,0.27,1.07,3.29,5.67,325.40,284.34,2.58
1992-05-18,0.00,3.48,9.82,0.25,1.00,3.48,5.25,315.05,287.08,3.66
1992-05-19,0.00,3.06,11.79,0.24,0.98,3.06,6.43,255.36,314.98,2.53
1992-05-20,23.88,2.79,12.69,0.36,1.45,2.93,7.92,246.60,325.69,3.09
1992-05-21,0.00,1.85,10.68,2.80,11.20,1.85,6.81,151.38,336.77,3.34
1992-05-22,0.00,1.97,10.57,0.72,2.86,1.97,6.92,173.93,331.53,2.84
1992-05-23,0.00,1.76,10.06,0.48,1.92,1.76,6.85,162.41,331.95,4.42
1992-05-24,0.18,2.17,11.83,0.40,1.61,2.30,7.20,170.46,338.51,4.37
1992-05-25,0.01,3.19,13.74,0.34,1.37,3.20,8.42,271.95,326.79,2.57
1992-05-26,0.00,3.66,13.73,0.28,1.13,3.66,7.92,312.43,316.41,3.75
1992-05-27,0.00,3.27,11.89,0.25,0.99,3.27,7.31,321.57,305.67,5.97
1992-05-28,0.13,1.97,12.58,0.24,0.95,2.04,7.90,155.12,346.63,5.28
1992-05-29,0.05,3.05,13.54,0.23,0.93,3.14,8.36,273.74,326.30,4.98
1992-05-30,0.02,1.82,12.26,0.22,0.89,1.84,8.29,168.18,342.98,4.25
1992-05-31,0.00,2.32,13.13,0.22,0.89,2.32,8.35,196.26,341.18,2.98
1992-06-01,0.77,1.67,12.56,0.22,0.87,1.79,8.48,145.07,348.98,2.64
1992-06-02,0.00,2.35,13.71,0.21,0.86,2.35,8.38,186.94,345.19,3.74
1992-06-03,0.00,2.13,12.50,0.21,0.83,2.13,7.51,165.36,343.75,2.46
1992-06-04,1.26,1.78,10.44,0.20,0.81,1.99,6.54,129.77,341.53,4.68
1992-06-05,1.60,1.63,9.65,0.21,0.83,1.91,6.43,127.30,338.47,6.87
1992-06-06,0.02,2.15,12.07,0.21,0.83,2.18,7.70,186.67,337.59,5.23
1992-06-07,0.02,2.35,11.73,0.20,0.79,2.38,7.21,195.46,333.39,4.46
1992-06-08,0.22,1.54,12.28,0.20,0.78,1.64,8.10,125.23,352.32,2.98
1992-06-09,0.76,2.63,14.07,0.20,0.78,2.72,8.42,207.58,342.92,2.78
1992-06-10,0.00,2.78,14.12,0.18,0.73,2.78,9.03,244.28,336.44,3.60
1992-06-11,0.00,3.49,12.77,0.17,0.69,3.49,7.39,302.34,313.78,3.41
1992-06-12,0.00,4.20,13.45,0.17,0.66,4.20,6.68,343.42,303.23,2.50
1992-06-13,0.07,3.89,15.35,0.16,0.64,3.95,7.57,275.43,330.66,3.59
1992-06-14,0.00,2.98,16.82,0.16,0.64,2.98,9.01,164.02,366.01,5.49
1992-06-15,0.00,3.35,14.92,0.16,0.63,3.35,7.22,205.93,345.02,4.31
1992-06-16,0.00,3.15,12.37,0.16,0.65,3.15,6.19,234.90,324.26,3.08
1992-06-17,0.00,3.81,11.27,0.14,0.55,3.81,6.29,343.96,294.16,2.76
1992-06-18,0.55,3.60,11.55,0.14,0.57,3.70,4.98,236.93,315.49,4.77
1992-06-19,0.00,3.38,12.40,0.14,0.58,3.38,6.38,257.69,319.51,4.26
1992-06-20,0.00,3.59,13.25,0.15,0.59,3.59,7.22,294.72,317.01,2.51
1992-06-21,0.00,3.35,13.39,0.15,0.58,3.35,7.32,265.39,324.81,3.50
1992-06-22,0.00,3.48,13.21,0.14,0.58,3.48,7.13,279.78,320.01,3.17
1992-06-23,0.00,2.90,13.77,0.14,0.58,2.90,6.98,199.66,341.05,2.88
1992-06-24,0.00,3.53,13.60,0.14,0.57,3.53,7.00,267.43,323.92,3.61
1992-06-25,0.00,2.74,13.93,0.13,0.53,2.74,7.87,203.84,342.48,3.16
1992-06-26,0.00,3.85,15.37,0.13,0.52,3.85,8.13,287.18,329.78,4.05
1992-06-27,0.00,2.56,14.17,0.13,0.52,2.56,8.11,189.89,347.02,2.55
1992-06-28,0.02,2.26,14.64,0.13,0.52,2.27,8.06,151.97,357.73,2.28
1992-06-29,7.66,2.88,16.07,0.14,0.58,3.02,9.41,211.94,352.12,3.24
1992-06-30,1.38,1.43,13.31,0.16,0.66,1.62,8.87,117.73,358.61,4.79
1992-07-01,0.01,1.91,11.07,0.15,0.61,1.93,6.72,127.74,345.21,5.87
1992-07-02,2.94,2.17,10.10,0.14,0.55,2.35,5.62,148.19,333.68,3.67
1992-07-03,14.27,0.82,10.43,0.17,0.69,0.98,7.24,66.94,345.55,3.97
1992-07-04,0.15,1.72,11.13,0.27,1.08,1.90,7.25,139.75,343.05,5.83
1992-07-05,0.00,3.00,12.09,0.18,0.74,3.00,6.70,237.91,322.21,4.78
1992-07-06,0.01,2.95,13.63,0.15,0.59,2.96,7.41,231.31,331.96,1.93
1992-07-07,1.88,2.22,15.60,0.14,0.56,2.29,9.71,171.61,357.53,1.84
1992-07-08,0.55,1.67,15.42,0.14,0.57,1.75,9.40,117.02,368.43,1.94
1992-07-09,0.12,1.89,12.13,0.15,0.58,1.95,7.05,139.13,347.09,2.02
1992-07-10,0.00,3.27,13.20,0.13,0.54,3.27,6.72,255.68,321.18,2.45
1992-07-11,10.29,1.50,11.81,0.15,0.59,1.60,7.71,119.83,350.50,2.15
1992-07-12,1.92,3.12,14.03,0.20,0.81,3.34,8.15,256.70,328.49,5.36
1992-07-13,0.07,2.81,12.86,0.16,0.64,2.85,6.94,196.10,335.29,5.18
1992-07-14,0.03,3.26,12.74,0.14,0.57,3.29,5.97,222.35,324.60,3.96
1992-07-15,0.42,1.96,12.17,0.13,0.53,2.05,7.47,157.50,342.60,2.15
1992-07-16,3.48,2.14,16.00,0.14,0.55,2.29,9.68,150.35,363.03,3.51
1992-07-17,1.01,3.61,16.99,0.14,0.56,3.82,8.93,227.18,348.61,5.80
1992-07-18,3.06,2.85,15.67,0.14,0.56,3.08,8.24,148.50,361.25,6.20
1992-07-19,2.35,3.50,16.61,0.14,0.56,3.72,9.05,237.06,344.30,6.06
1992-07-20,3.85,3.07,15.40,0.14,0.56,3.24,8.14,208.07,344.25,4.02
1992-07-21,10.26,1.79,13.97,0.27,1.08,1.92,9.05,147.21,353.33,2.77
1992-07-22,0.00,3.21,13.87,0.27,1.08,3.21,7.23,238.29,327.03,3.97
1992-07-23,5.99,2.04,13.98,0.19,0.74,2.24,8.03,122.22,358.91,4.84
1992-07-24,0.01,3.24,15.33,0.21,0.84,3.25,8.66,251.41,333.14,4.05
1992-07-25,3.63,1.69,12.87,0.18,0.71,1.86,7.85,114.37,355.18,4.10
1992-07-26,1.61,2.53,13.94,0.18,0.70,2.75,7.46,144.24,352.00,5.63
1992-07-27,0.99,3.00,11.66,0.18,0.73,3.22,6.48,250.62,310.87,5.36
1992-07-28,0.00,3.49,13.66,0.16,0.62,3.49,6.58,256.65,316.50,3.90
1992-07-29,0.00,2.04,12.94,0.14,0.57,2.04,6.80,134.11,348.56,2.42
1992-07-30,0.00,2.95,13.16,0.14,0.55,2.95,6.89,226.92,323.47,3.22
1992-07-31,2.31,3.12,13.19,0.13,0.52,3.23,6.97,259.30,314.35,2.18
1992-08-01,0.14,2.39,14.63,0.14,0.54,2.54,7.92,140.58,355.00,4.61
1992-08-02,6.14,2.44,14.79,0.14,0.55,2.63,7.93,141.85,355.15,4.64
1992-08-03,3.33,3.34,14.02,0.17,0.67,3.61,7.06,210.89,329.50,7.45
1992-08-04,4.24,3.14,13.91,0.16,0.63,3.38,6.79,176.58,338.22,6.45
1992-08-05,0.08,2.44,14.94,0.16,0.63,2.58,8.89,179.64,345.67,6.97
1992-08-06,0.00,3.86,13.69,0.16,0.66,3.86,5.85,267.78,303.70,4.67
1992-08-07,0.00,1.71,11.28,0.13,0.51,1.71,6.89,142.93,336.18,1.78
1992-08-08,8.52,1.04,11.40,0.15,0.59,1.20,8.10,98.95,349.57,3.82
1992-08-09,1.17,0.89,12.51,0.19,0.75,1.01,9.08,93.30,354.72,3.04
1992-08-10,0.01,2.12,13.89,0.18,0.71,2.13,8.02,164.04,342.31,2.48
1992-08-11,10.20,2.09,12.86,0.16,0.65,2.26,7.96,180.56,332.74,3.71
1992-08-12,29.30,2.38,12.99,0.68,2.71,2.63,7.64,186.85,330.26,6.43
1992-08-13,1.18,1.95,12.07,2.12,8.46,2.17,7.21,140.98,338.77,5.32
1992-08-14,0.00,3.11,11.72,0.50,2.01,3.11,5.50,252.66,294.68,3.33
1992-08-15,2.67,1.65,12.41,0.29,1.17,1.83,7.64,121.52,346.01,4.21
1992-08-16,1.97,2.44,12.86,0.25,1.01,2.58,7.23,201.23,322.14,3.16
1992-08-17,1.78,1.92,11.65,0.25,0.98,2.11,7.64,189.76,321.71,4.12
1992-08-18,0.00,2.13,11.43,0.25,0.98,2.13,6.94,195.03,316.54,2.55
1992-08-19,0.00,2.17,12.92,0.19,0.77,2.17,7.52,183.26,327.26,2.73
1992-08-20,0.00,2.18,13.12,0.17,0.68,2.18,8.13,200.76,323.87,2.35
1992-08-21,0.37,1.45,13.65,0.16,0.64,1.56,8.63,118.19,351.37,2.50
1992-08-22,11.57,1.35,13.47,0.21,0.83,1.53,8.43,91.84,358.12,4.33
1992-08-23,1.64,2.77,11.70,0.32,1.29,2.99,6.06,215.85,303.63,5.13
1992-08-24,2.34,2.24,11.53,0.22,0.89,2.41,6.59,195.12,311.84,3.44
1992-08-25,4.89,2.97,13.59,0.19,0.77,3.23,6.98,196.76,319.71,7.15
1992-08-26,8.95,1.79,12.11,0.55,2.18,1.99,6.88,107.37,344.32,4.79
1992-08-27,3.60,1.04,11.14,0.81,3.23,1.22,7.73,96.63,343.98,4.26
1992-08-28,0.12,2.00,12.00,0.52,2.07,2.13,7.08,161.15,324.48,4.84
1992-08-29,17.36,1.70,8.90,0.33,1.32,1.87,5.82,164.08,306.62,3.56
1992-08-30,2.74,1.07,11.02,2.44,9.73,1.32,7.71,107.34,338.86,6.35
1992-08-31,0.43,2.33,9.95,0.81,3.24,2.62,5.56,147.18,314.48,8.73
1992-09-01,4.64,2.59,11.07,0.48,1.90,2.86,5.77,176.33,306.83,7.00
1992-09-02,9.20,0.82,10.18,NaN,NaN,0.96,7.42,81.76,342.33,3.56
1992-09-03,0.63,1.91,10.54,NaN,NaN,2.12,6.09,146.20,316.61,4.83
1992-09-04,0.01,2.62,9.71,NaN,NaN,2.65,4.83,157.50,302.61,7.24
1992-09-05,0.45,1.85,9.20,NaN,NaN,2.02,5.17,159.83,300.71,3.17
1992-09-06,9.27,1.38,10.46,NaN,NaN,1.64,6.61,79.50,342.33,6.69
1992-09-07,3.54,2.52,9.72,0.92,3.66,2.83,5.20,168.37,297.33,8.62
1992-09-08,3.32,2.20,9.95,0.65,2.60,2.47,5.39,141.57,309.77,6.64
1992-09-09,0.07,1.92,12.05,0.61,2.45,2.00,6.84,108.59,336.32,7.10
1992-09-10,2.56,1.96,12.97,0.46,1.82,2.20,6.94,89.09,348.32,5.98
1992-09-11,7.03,1.45,12.36,0.40,1.59,1.71,7.97,126.63,331.35,7.49
1992-09-12,9.55,1.94,10.01,0.90,3.59,2.19,5.72,141.86,308.00,5.92
1992-09-13,8.26,1.69,9.45,1.64,6.56,1.88,5.50,137.80,305.91,4.07
1992-09-14,2.16,1.56,10.50,1.90,7.58,1.77,6.54,141.18,311.64,4.85
1992-09-15,0.02,1.51,12.79,0.88,3.50,1.55,8.15,130.81,328.91,8.36
1992-09-16,1.06,1.56,9.69,0.54,2.14,1.70,5.60,152.19,297.75,2.65
1992-09-17,1.91,0.85,11.23,0.43,1.73,1.01,7.50,63.55,348.64,3.96
1992-09-18,0.12,0.70,12.88,0.45,1.78,0.75,8.67,66.98,354.52,1.79
1992-09-19,2.39,0.60,12.10,0.40,1.61,0.66,8.46,63.61,351.83,1.45
1992-09-20,0.32,0.86,11.93,0.40,1.61,0.95,8.20,95.73,336.72,2.25
1992-09-21,22.76,0.87,8.01,0.71,2.83,1.02,5.88,88.60,318.53,3.10
1992-09-22,1.17,0.04,9.30,5.51,22.00,0.13,7.64,33.34,340.33,3.36
1992-09-23,0.34,0.88,9.85,1.50,6.01,0.99,6.58,73.86,333.75,3.18
1992-09-24,2.55,0.63,8.28,0.96,3.83,0.73,6.26,65.96,329.75,2.36
1992-09-25,0.05,0.67,9.00,0.82,3.29,0.70,6.41,71.65,329.68,1.74
1992-09-26,0.64,0.28,8.70,0.63,2.50,0.35,6.60,31.23,337.22,2.76
1992-09-27,0.51,0.48,11.13,0.56,2.25,0.55,8.19,63.76,343.59,1.96
1992-09-28,0.27,0.71,13.34,0.50,1.99,0.76,8.86,80.53,345.27,1.72
1992-09-29,4.60,0.79,12.93,0.44,1.74,0.92,8.72,89.19,338.47,3.41
1992-09-30,12.35,0.47,10.79,3.43,13.70,0.54,7.80,54.32,345.15,2.21
1992-10-01,0.11,0.90,10.29,1.62,6.47,0.94,6.50,92.65,318.79,2.46
1992-10-02,11.34,0.15,8.80,2.32,9.28,0.18,6.94,28.15,337.92,2.51
1992-10-03,2.19,0.51,9.84,2.78,11.10,0.62,7.15,53.64,339.23,3.04
1992-10-04,0.11,0.62,9.44,1.38,5.52,0.71,6.85,67.96,328.17,3.87
1992-10-05,0.07,0.75,7.69,0.90,3.60,0.82,5.59,51.22,327.85,3.96
1992-10-06,0.03,0.63,7.83,0.67,2.67,0.68,5.96,55.24,326.04,4.24
1992-10-07,0.00,0.76,8.00,0.53,2.13,0.76,5.40,65.43,317.91,2.75
1992-10-08,0.01,1.03,8.80,0.46,1.85,1.04,5.22,98.27,296.83,2.96
1992-10-09,0.61,1.22,7.48,0.41,1.64,1.43,4.84,72.01,307.43,5.52
1992-10-10,0.07,0.99,6.90,0.37,1.48,1.08,4.33,67.83,304.97,3.16
1992-10-11,0.18,0.10,6.71,0.35,1.40,0.14,6.07,23.77,327.79,3.76
1992-10-12,0.07,0.62,6.29,0.33,1.32,0.66,4.64,63.07,305.67,2.17
1992-10-13,0.35,0.72,7.71,0.31,1.23,0.84,5.33,51.16,321.82,3.28
1992-10-14,6.39,0.76,7.02,0.34,1.37,0.98,5.36,47.71,320.91,5.62
1992-10-15,13.79,0.80,3.40,0.48,1.93,1.05,3.93,66.05,286.49,5.97
1992-10-16,13.77,0.69,3.49,4.20,16.80,0.91,4.03,57.99,292.53,5.15
1992-10-17,0.33,0.57,3.12,3.15,12.60,0.68,3.72,59.45,287.42,2.90
1992-10-18,0.01,0.48,3.45,1.40,5.61,0.50,4.02,68.92,281.74,2.79
1992-10-19,0.21,0.39,2.45,0.98,3.93,0.46,3.67,80.04,266.25,2.07
1992-10-20,0.73,0.37,3.54,0.90,3.58,0.47,4.38,68.41,282.26,3.07
1992-10-21,0.38,0.44,3.46,0.85,3.38,0.54,4.06,47.02,297.13,2.79
1992-10-22,0.82,0.25,3.98,0.83,3.31,0.32,4.70,35.11,311.23,2.45
1992-10-23,0.67,0.45,3.82,0.73,2.91,0.59,4.36,51.46,294.29,4.06
1992-10-24,2.53,0.54,3.05,0.58,2.32,0.69,3.79,65.80,274.68,3.71
1992-10-25,4.23,0.28,1.77,0.85,3.40,0.38,3.94,37.02,295.96,3.47
1992-10-26,7.17,0.38,1.70,1.08,4.32,0.48,3.51,38.76,291.09,2.70
1992-10-27,3.04,0.00,3.19,2.78,11.10,0.06,5.13,39.79,301.82,4.19
1992-10-28,13.06,0.34,2.93,3.30,13.20,0.48,4.25,36.55,299.87,4.49
1992-10-29,0.40,0.29,3.72,3.35,13.40,0.37,4.38,52.03,287.34,3.06
1992-10-30,0.53,0.31,1.39,1.42,5.67,0.40,3.39,41.72,282.90,2.44
1992-10-31,10.77,0.68,2.60,1.05,4.20,0.87,3.32,45.27,282.08,4.08
1992-11-01,18.16,0.34,5.54,5.13,20.50,0.50,5.20,62.11,283.26,6.02
1992-11-02,7.55,0.57,6.33,12.92,51.60,0.83,5.36,36.92,312.31,8.15
1992-11-03,0.08,0.64,5.44,3.33,13.30,0.79,4.54,58.12,280.83,5.48
1992-11-04,2.17,0.87,7.69,1.82,7.26,1.05,4.86,25.32,328.51,4.10
1992-11-05,0.14,0.45,9.44,1.51,6.02,0.61,6.79,35.01,328.11,6.31
1992-11-06,3.52,0.56,11.06,1.29,5.17,0.77,7.46,36.63,333.32,6.90
1992-11-07,0.00,0.47,8.54,1.86,7.42,0.47,5.90,43.67,309.91,4.18
1992-11-08,1.95,0.45,4.10,1.12,4.48,0.55,3.65,36.67,290.96,2.62
1992-11-09,6.43,0.00,5.11,2.33,9.30,0.00,6.70,22.82,320.57,5.78
1992-11-10,3.42,0.41,3.55,2.34,9.36,0.56,4.10,39.94,285.21,4.47
1992-11-11,2.06,0.22,4.02,2.09,8.36,0.33,4.61,41.72,286.11,4.76
1992-11-12,0.01,0.70,3.04,1.53,6.11,0.74,3.65,48.29,267.43,6.61
1992-11-13,0.00,0.49,1.45,0.99,3.96,0.49,3.01,50.60,253.38,3.97
1992-11-14,7.76,0.31,-0.44,0.88,3.52,0.42,2.93,23.25,283.12,3.09
1992-11-15,2.98,0.00,1.60,2.65,10.60,0.00,4.53,22.25,299.29,2.92
1992-11-16,2.33,0.00,2.24,2.49,9.96,0.00,4.55,19.13,305.63,3.37
1992-11-17,0.54,0.49,2.33,1.55,6.20,0.65,3.32,44.55,261.58,4.29
1992-11-18,3.68,0.09,3.54,1.36,5.42,0.16,4.82,24.90,301.90,6.82
1992-11-19,1.15,1.16,3.64,1.62,6.48,1.48,3.36,39.87,270.62,8.23
1992-11-20,1.29,0.27,2.77,1.08,4.32,0.40,4.04,34.44,279.44,4.96
1992-11-21,11.74,0.28,2.14,1.85,7.40,0.36,3.49,10.00,301.10,2.76
1992-11-22,8.38,0.14,5.69,6.96,27.80,0.19,5.33,16.95,321.96,2.99
1992-11-23,2.86,0.03,8.06,4.68,18.70,0.05,6.79,19.85,329.23,9.06
1992-11-24,8.19,1.00,6.07,3.15,12.60,1.28,4.23,32.30,291.37,6.81
1992-11-25,5.30,0.64,5.15,5.66,22.60,0.88,4.49,24.95,301.33,6.48
1992-11-26,4.75,0.57,3.76,3.28,13.10,0.77,4.03,19.26,303.45,5.40
1992-11-27,4.85,0.28,4.64,3.75,15.00,0.46,4.98,15.71,316.29,7.30
1992-11-28,0.04,0.21,3.26,2.68,10.70,0.23,3.91,34.24,272.95,3.53
1992-11-29,3.70,0.66,3.45,1.60,6.38,0.87,3.75,14.96,307.52,4.99
1992-11-30,10.34,0.00,5.06,2.65,10.60,0.00,6.69,14.92,320.89,4.53
1992-12-01,23.43,0.77,5.07,14.14,56.50,1.05,4.47,15.53,314.97,7.69
1992-12-02,9.54,0.02,6.13,11.64,46.50,0.03,5.93,14.36,324.95,7.08
1992-12-03,0.98,0.42,2.21,4.63,18.50,0.60,3.71,20.00,290.45,5.38
1992-12-04,1.96,0.14,0.96,2.73,10.90,0.21,3.52,23.34,277.93,3.61
1992-12-05,0.31,0.17,1.14,2.10,8.39,0.23,3.57,27.06,271.12,4.47
1992-12-06,7.87,0.47,2.12,2.23,8.89,0.67,3.71,13.80,301.62,5.59
1992-12-07,3.66,0.00,3.02,4.23,16.90,0.00,5.02,14.01,309.12,4.00
1992-12-08,0.48,0.09,2.42,2.63,10.50,0.12,3.76,24.78,279.45,2.55
1992-12-09,0.21,0.00,2.62,1.64,6.54,0.00,4.44,23.07,286.94,1.71
1992-12-10,0.40,0.38,3.41,1.35,5.41,0.54,4.13,14.50,305.89,4.77
1992-12-11,0.19,0.00,4.47,1.19,4.76,0.00,5.29,13.00,316.84,3.44
1992-12-12,0.46,0.70,4.09,1.06,4.25,0.92,3.73,19.57,294.84,5.17
1992-12-13,0.10,0.18,5.88,1.00,4.01,0.22,5.55,13.84,321.15,6.69
1992-12-14,0.02,1.08,7.68,0.94,3.76,1.14,5.13,21.08,311.01,9.59
1992-12-15,2.12,0.91,8.24,0.77,3.06,1.18,5.40,16.34,324.78,7.10
1992-12-16,0.02,0.20,3.16,0.74,2.97,0.22,4.33,14.30,305.12,4.48
1992-12-17,14.47,0.52,2.15,0.71,2.84,0.74,3.54,17.40,290.50,5.65
1992-12-18,12.00,0.00,3.15,9.91,39.60,0.00,5.29,9.12,311.45,5.59
1992-12-19,0.01,0.11,-0.68,2.49,9.93,0.11,2.89,26.61,257.20,2.98
1992-12-20,0.01,0.00,-3.51,1.20,4.81,0.00,2.27,31.88,233.25,1.05
1992-12-21,0.04,0.00,-3.55,0.93,3.71,0.00,2.69,16.75,266.53,1.46
1992-12-22,0.08,0.00,-1.86,0.85,3.38,0.00,3.17,13.99,281.36,0.93
1992-12-23,0.03,0.01,-1.22,0.77,3.07,0.01,3.14,15.21,280.98,1.43
1992-12-24,0.00,0.07,0.19,0.73,2.91,0.07,3.54,14.48,289.99,3.01
1992-12-25,0.69,0.21,1.00,0.70,2.80,0.28,3.01,20.47,276.91,2.52
1992-12-26,0.30,0.00,0.58,1.03,4.13,0.00,4.05,14.58,293.94,1.20
1992-12-27,0.00,0.06,1.15,1.03,4.13,0.06,3.68,13.77,296.34,1.93
1992-12-28,0.00,0.02,-1.39,0.78,3.13,0.02,2.95,19.72,270.79,1.50
1992-12-29,0.00,0.01,-3.98,0.49,1.97,0.01,2.42,23.90,250.51,1.47
1992-12-30,0.02,0.10,-3.98,0.43,1.72,0.11,2.05,19.68,255.65,1.84
1992-12-31,0.00,0.00,-1.97,0.58,2.32,0.00,3.72,24.43,265.76,2.71
1993-01-01,0.02,0.06,1.84,0.59,2.34,0.07,3.92,26.64,273.34,4.24
1993-01-02,0.00,0.24,1.92,0.54,2.14,0.24,3.95,13.74,301.79,4.84
1993-01-03,10.91,0.88,-0.80,0.47,1.89,1.17,2.33,17.86,272.99,6.49
1993-01-04,3.07,0.14,1.79,0.67,2.69,0.21,3.79,25.80,275.77,4.20
1993-01-05,0.28,0.17,3.62,3.40,13.60,0.26,4.74,15.07,309.58,6.97
1993-01-06,0.19,0.20,3.15,1.46,5.83,0.25,4.04,20.34,294.36,3.29
1993-01-07,2.91,0.50,3.92,1.45,5.80,0.75,4.38,17.15,306.03,7.48
1993-01-08,11.86,1.05,4.29,1.67,6.67,1.33,3.46,30.67,274.78,6.90
1993-01-09,4.80,0.00,4.15,6.38,25.50,0.00,5.39,24.50,297.24,8.51
1993-01-10,8.37,0.39,5.25,6.71,26.80,0.63,5.12,15.14,319.43,8.54
1993-01-11,1.64,0.38,-0.16,2.68,10.70,0.66,3.34,21.53,279.29,9.52
1993-01-12,15.24,0.88,1.01,1.83,7.33,1.25,3.16,20.95,284.10,10.70
1993-01-13,10.18,0.01,1.70,13.99,55.90,0.01,4.26,9.17,302.72,5.37
1993-01-14,17.77,1.49,4.57,3.33,13.30,1.81,3.26,26.00,289.16,8.19
1993-01-15,4.20,0.00,4.96,13.97,55.80,0.00,6.27,21.72,311.54,11.86
1993-01-16,1.36,0.35,6.90,3.73,14.90,0.58,5.87,18.28,325.35,9.57
1993-01-17,0.59,1.50,4.85,2.41,9.62,1.86,3.62,32.56,283.04,10.81
1993-01-18,13.34,0.68,2.75,3.95,15.80,0.94,3.58,28.80,283.30,6.40
1993-01-19,4.30,1.18,4.41,5.53,22.10,1.47,3.57,18.38,309.11,6.85
1993-01-20,2.39,0.18,5.30,3.43,13.70,0.33,5.36,26.80,305.95,8.41
1993-01-21,10.67,1.45,6.30,5.31,21.20,1.82,4.39,18.36,321.88,11.14
1993-01-22,3.93,1.66,4.47,3.65,14.60,2.03,3.43,24.01,300.69,11.10
1993-01-23,20.64,1.43,4.91,11.74,46.90,1.76,3.64,19.12,312.95,8.45
1993-01-24,4.09,0.80,3.20,6.56,26.20,1.17,3.96,34.77,283.40,11.61
1993-01-25,1.35,0.82,1.04,2.45,9.78,1.12,2.93,43.83,257.01,7.20
1993-01-26,0.12,0.38,1.72,2.78,11.10,0.51,3.84,22.03,298.62,6.26
1993-01-27,4.44,0.17,2.56,2.21,8.81,0.21,3.74,18.61,303.96,1.69
1993-01-28,4.46,0.00,3.40,4.36,17.40,0.00,5.03,26.28,304.90,2.56
1993-01-29,0.07,0.15,3.37,2.48,9.92,0.17,4.47,22.31,309.25,2.45
1993-01-30,0.13,0.21,3.97,1.61,6.44,0.29,4.81,22.30,313.51,4.80
1993-01-31,0.00,0.28,2.75,1.24,4.95,0.28,3.39,55.86,257.68,2.57
1993-02-01,0.10,0.25,0.92,1.00,3.98,0.28,3.36,39.03,277.67,2.71
1993-02-02,0.01,0.22,3.50,1.01,4.05,0.23,4.60,42.09,290.87,5.62
1993-02-03,0.03,0.61,6.09,0.98,3.90,0.67,5.12,34.13,312.24,7.23
1993-02-04,0.03,0.61,6.78,0.83,3.31,0.66,5.34,36.05,314.39,6.45
1993-02-05,0.88,0.77,6.88,0.76,3.05,0.99,5.01,37.78,312.62,5.60
1993-02-06,0.02,0.34,8.14,0.75,2.99,0.35,6.21,41.26,318.66,4.31
1993-02-07,0.06,0.20,9.21,0.69,2.77,0.22,6.61,39.75,326.33,1.87
1993-02-08,0.32,0.10,6.10,0.65,2.61,0.11,5.76,28.51,323.30,1.55
1993-02-09,0.19,0.19,5.10,0.65,2.60,0.24,5.17,30.21,316.81,2.61
1993-02-10,0.11,0.21,3.11,0.64,2.55,0.25,4.41,35.30,302.27,2.75
1993-02-11,0.00,0.22,2.50,0.62,2.46,0.22,4.14,30.97,303.57,2.41
1993-02-12,0.02,0.30,2.51,0.57,2.29,0.32,3.95,40.82,294.44,2.65
1993-02-13,0.00,0.29,2.51,0.55,2.20,0.29,4.09,45.75,291.57,3.08
1993-02-14,0.15,0.48,4.16,0.53,2.10,0.58,4.37,52.71,293.68,3.85
1993-02-15,0.00,0.51,3.26,0.51,2.02,0.51,3.88,39.54,300.38,3.25
1993-02-16,0.25,0.44,6.00,0.49,1.97,0.59,5.32,37.28,319.17,4.81
1993-02-17,0.02,0.79,8.27,0.48,1.93,0.81,5.42,67.90,303.70,3.94
1993-02-18,0.23,0.81,5.93,0.47,1.87,1.02,4.91,52.80,306.35,7.36
1993-02-19,0.01,1.29,4.74,0.43,1.73,1.33,3.76,73.21,280.60,7.28
1993-02-20,0.05,1.04,4.59,0.41,1.63,1.13,4.17,42.51,308.00,8.37
1993-02-21,0.00,1.26,2.31,0.38,1.51,1.26,2.86,61.12,277.95,6.16
1993-02-22,1.09,0.30,2.07,0.38,1.52,0.36,3.96,47.31,295.13,2.10
1993-02-23,0.20,0.28,2.20,0.40,1.58,0.33,4.02,40.70,301.34,1.95
1993-02-24,0.07,0.49,3.90,0.39,1.57,0.54,4.49,52.20,302.28,4.48
1993-02-25,2.72,0.75,4.98,0.39,1.57,0.97,4.53,39.31,316.60,5.51
1993-02-26,3.10,0.60,2.02,0.44,1.77,0.80,3.69,53.66,291.96,4.64
1993-02-27,1.46,0.78,-1.40,0.43,1.70,1.04,2.59,85.06,252.92,5.71
1993-02-28,2.83,0.71,-1.04,0.39,1.56,1.00,2.81,61.28,272.08,6.73
1993-03-01,2.54,0.68,0.14,0.42,1.69,0.95,3.19,69.96,274.72,6.23
1993-03-02,0.32,0.35,0.45,0.46,1.83,0.53,3.50,24.99,294.66,5.54
1993-03-03,1.02,0.33,1.06,0.54,2.17,0.46,3.55,25.48,297.24,3.69
1993-03-04,0.19,0.73,1.70,0.61,2.42,0.85,3.05,63.27,285.66,2.79
1993-03-05,0.01,0.44,4.60,1.77,7.06,0.45,5.08,74.77,300.49,4.16
1993-03-06,0.00,0.89,5.50,1.08,4.31,0.89,4.25,124.86,271.90,1.99
1993-03-07,0.00,0.60,3.15,0.74,2.97,0.60,4.20,74.75,292.97,3.59
1993-03-08,0.01,0.70,4.42,0.60,2.38,0.72,4.40,70.03,301.93,3.42
1993-03-09,0.03,0.76,2.63,0.51,2.03,0.81,3.87,108.23,272.99,3.34
1993-03-10,1.79,0.58,2.09,0.47,1.87,0.69,3.68,66.05,293.20,2.46
1993-03-11,0.00,0.59,4.76,0.50,1.98,0.59,4.70,64.80,309.18,2.64
1993-03-12,5.35,0.92,6.69,0.47,1.89,1.03,4.79,96.08,301.22,2.30
1993-03-13,0.01,1.04,8.88,0.72,2.87,1.05,5.86,90.06,317.65,3.52
1993-03-14,0.01,0.93,7.25,0.55,2.21,0.95,5.28,79.04,315.66,3.67
1993-03-15,4.66,1.17,8.46,0.49,1.94,1.40,5.71,89.46,317.33,5.44
1993-03-16,0.17,1.69,6.94,0.75,2.98,1.97,4.38,61.57,321.29,7.99
1993-03-17,0.33,0.88,8.88,0.60,2.41,1.18,6.66,104.68,316.10,9.23
1993-03-18,0.19,1.73,6.24,0.55,2.20,1.98,4.33,132.14,284.72,7.93
1993-03-19,0.26,1.54,5.29,0.45,1.78,1.70,4.02,105.08,293.51,7.00
1993-03-20,4.27,1.59,6.45,0.42,1.67,1.89,4.29,73.61,315.10,7.21
1993-03-21,0.01,1.43,7.08,0.62,2.46,1.46,4.96,131.59,294.17,5.37
1993-03-22,2.30,1.47,5.08,0.51,2.02,1.75,4.11,127.88,285.19,6.28
1993-03-23,0.96,1.48,2.83,0.46,1.85,1.80,3.46,155.13,262.53,7.24
1993-03-24,0.19,1.38,3.81,0.40,1.60,1.56,3.88,156.44,268.94,5.39
1993-03-25,0.00,1.40,2.30,0.36,1.44,1.40,2.89,173.93,250.48,2.40
1993-03-26,0.00,1.26,1.43,0.34,1.35,1.26,3.24,186.26,246.85,2.46
1993-03-27,0.13,1.02,2.64,0.33,1.32,1.16,3.58,93.07,292.06,4.10
1993-03-28,1.27,0.85,3.86,0.34,1.37,1.08,3.91,38.99,309.95,5.17
1993-03-29,5.84,1.88,5.38,0.36,1.43,2.19,3.52,70.80,312.76,7.52
1993-03-30,1.69,1.18,7.42,0.68,2.71,1.50,5.70,117.38,311.23,8.82
1993-03-31,4.63,1.49,4.91,0.59,2.37,1.70,4.14,160.84,278.66,3.96
1993-04-01,0.24,1.49,5.65,0.72,2.88,1.65,4.45,166.61,282.69,2.90
1993-04-02,0.04,1.46,5.08,0.52,2.06,1.49,4.38,178.28,276.84,2.11
1993-04-03,3.21,0.95,4.17,0.42,1.69,1.20,4.50,101.51,302.87,5.67
1993-04-04,9.31,1.62,5.18,0.49,1.97,1.83,4.15,168.09,281.19,4.09
1993-04-05,19.11,1.20,5.43,4.13,16.50,1.51,4.85,126.28,301.30,7.66
1993-04-06,0.54,1.32,6.42,5.23,20.90,1.57,4.99,116.81,309.45,5.80
1993-04-07,0.18,0.92,6.08,1.53,6.12,1.00,5.11,91.61,317.75,2.18
1993-04-08,23.27,0.48,4.94,4.28,17.10,0.64,4.98,44.59,318.10,4.44
1993-04-09,22.91,0.55,5.74,21.02,84.00,0.77,5.27,45.12,322.18,6.16
1993-04-10,0.02,1.72,7.63,6.73,26.90,1.75,5.21,177.97,296.10,2.49
1993-04-11,0.51,0.36,4.20,2.16,8.64,0.50,4.96,46.61,314.96,4.63
1993-04-12,4.03,0.80,4.94,2.11,8.43,0.98,5.14,99.02,312.56,4.05
1993-04-13,0.03,0.96,4.67,1.76,7.03,0.99,4.63,96.59,310.98,3.44
1993-04-14,0.00,1.79,4.48,1.18,4.73,1.80,3.55,203.59,270.02,1.54
1993-04-15,0.43,1.33,4.78,0.90,3.60,1.52,4.51,147.35,295.59,3.65
1993-04-16,0.02,1.35,8.44,0.81,3.24,1.41,5.79,98.16,330.44,5.76
1993-04-17,11.01,2.22,8.03,0.73,2.90,2.46,4.80,183.60,298.15,5.23
1993-04-18,14.29,1.04,6.52,5.36,21.40,1.21,5.46,105.56,319.89,3.58
1993-04-19,0.88,1.13,7.71,5.98,23.90,1.33,5.64,88.00,330.98,4.30
1993-04-20,4.63,1.45,8.84,2.27,9.05,1.72,6.27,139.28,322.16,6.72
1993-04-21,0.60,2.22,9.04,2.45,9.77,2.48,5.22,153.98,315.53,6.39
1993-04-22,4.36,1.04,8.74,1.43,5.73,1.25,5.67,51.77,336.05,4.70
1993-04-23,2.44,1.57,9.41,1.99,7.97,1.76,6.31,139.69,325.59,3.86
1993-04-24,2.75,1.76,8.49,1.54,6.14,1.89,5.60,165.41,312.66,2.33
1993-04-25,10.82,0.39,6.21,5.66,22.60,0.53,5.83,53.20,325.29,4.81
1993-04-26,0.01,1.16,7.61,2.43,9.69,1.19,5.78,103.85,328.03,4.26
1993-04-27,0.01,1.18,7.96,1.35,5.39,1.19,6.08,114.63,327.34,3.57
1993-04-28,0.00,2.24,7.74,1.01,4.04,2.24,5.30,234.16,290.72,5.34
1993-04-29,0.00,2.54,8.24,0.78,3.11,2.54,4.94,238.88,289.62,3.73
1993-04-30,0.01,2.59,10.63,0.66,2.62,2.59,6.14,235.86,305.25,2.10
1993-05-01,0.39,1.86,8.94,0.58,2.32,2.03,5.97,171.99,317.31,3.51
1993-05-02,0.34,1.73,6.15,0.52,2.09,1.87,4.33,149.03,306.76,3.10
1993-05-03,0.66,2.26,4.98,0.49,1.94,2.42,3.89,241.10,275.46,2.88
1993-05-04,0.00,2.20,5.83,0.47,1.86,2.20,4.26,227.33,284.69,2.48
1993-05-05,0.00,1.40,8.61,0.43,1.73,1.41,6.04,125.29,329.45,2.23
1993-05-06,0.01,1.84,8.84,0.42,1.69,1.85,5.97,171.41,318.74,2.16
1993-05-07,0.85,2.18,8.35,0.40,1.58,2.29,5.68,213.85,305.32,1.86
1993-05-08,2.63,1.64,7.43,0.45,1.78,1.81,5.17,141.31,318.81,3.33
1993-05-09,0.96,2.32,8.00,0.45,1.80,2.59,5.08,201.70,305.35,6.40
1993-05-10,1.70,1.69,9.06,0.44,1.74,1.96,6.03,133.24,330.45,6.54
1993-05-11,0.07,2.58,10.26,0.43,1.71,2.70,6.40,247.89,308.10,6.46
1993-05-12,0.03,1.69,7.89,0.37,1.48,1.75,5.69,161.30,318.25,5.56
1993-05-13,36.98,0.62,4.96,2.29,9.13,0.80,4.96,60.73,318.13,4.35
1993-05-14,9.71,0.90,4.65,15.24,60.90,1.15,5.01,109.06,316.02,5.88
1993-05-15,2.62,1.86,5.12,4.36,17.40,2.13,4.54,210.11,292.09,5.85
1993-05-16,12.23,2.00,7.10,5.73,22.90,2.24,5.00,184.03,308.10,5.23
1993-05-17,7.74,0.95,10.68,5.76,23.00,1.19,7.99,116.81,344.61,6.43
1993-05-18,0.00,4.02,10.60,3.15,12.60,4.02,4.59,306.13,287.54,5.55
1993-05-19,0.59,1.95,8.75,1.31,5.25,2.09,6.17,189.50,317.93,2.79
1993-05-20,5.36,1.63,6.57,1.13,4.52,1.82,5.15,160.43,313.13,3.53
1993-05-21,0.02,1.19,8.94,1.29,5.14,1.21,6.68,109.81,338.10,2.08
1993-05-22,0.00,2.69,10.02,0.90,3.58,2.69,6.52,255.49,309.31,2.57
1993-05-23,0.00,2.73,11.45,0.68,2.70,2.73,6.99,241.58,319.79,2.98
1993-05-24,0.00,2.66,10.58,0.56,2.24,2.66,6.56,242.32,315.09,3.73
1993-05-25,0.00,1.53,8.73,0.50,1.99,1.53,6.14,132.48,331.88,5.53
1993-05-26,0.00,1.59,6.64,0.46,1.84,1.59,4.61,91.20,323.87,6.85
1993-05-27,0.00,1.54,7.31,0.43,1.73,1.54,5.24,120.90,326.65,4.81
1993-05-28,1.92,2.09,8.02,0.41,1.65,2.21,4.86,176.21,315.37,2.21
1993-05-29,7.85,2.38,10.83,0.42,1.69,2.54,6.76,207.05,325.70,3.18
1993-05-30,7.45,1.58,11.11,0.67,2.66,1.81,7.32,127.70,345.51,5.27
1993-05-31,0.15,1.79,10.76,1.43,5.73,1.96,7.04,150.48,338.78,5.77
1993-06-01,8.00,0.69,9.57,0.95,3.78,0.80,7.01,66.01,341.44,2.88
1993-06-02,0.42,1.38,10.33,1.71,6.85,1.55,7.36,129.20,341.75,3.68
1993-06-03,0.00,1.76,10.54,0.97,3.89,1.76,6.92,148.60,338.00,2.43
1993-06-04,0.01,1.93,12.91,0.66,2.62,1.95,7.76,139.00,351.88,3.26
1993-06-05,0.00,3.28,11.51,0.47,1.89,3.28,6.01,268.82,310.72,3.03
1993-06-06,0.00,3.26,12.66,0.37,1.48,3.26,6.78,262.21,319.93,2.83
1993-06-07,0.00,3.43,13.87,0.32,1.29,3.43,7.65,271.71,325.40,3.90
1993-06-08,0.00,3.51,14.66,0.30,1.18,3.51,8.02,274.84,329.05,2.36
1993-06-09,0.49,2.33,14.70,0.28,1.10,2.44,9.16,184.46,351.38,2.85
1993-06-10,4.50,1.74,13.97,0.27,1.08,1.89,8.67,123.65,360.76,3.45
1993-06-11,5.87,1.80,13.52,0.43,1.71,1.98,8.83,150.32,352.99,4.09
1993-06-12,0.44,1.72,11.03,0.45,1.80,1.87,7.28,145.68,341.83,5.30
1993-06-13,0.80,2.65,9.01,0.36,1.42,2.81,4.89,214.11,310.89,3.07
1993-06-14,0.22,2.19,9.35,0.31,1.23,2.35,5.79,183.07,323.21,3.37
1993-06-15,0.00,1.72,9.68,0.29,1.14,1.72,6.57,150.72,333.92,4.03
1993-06-16,0.65,2.95,12.92,0.27,1.07,3.13,6.52,190.99,338.35,4.49
1993-06-17,4.64,2.30,13.47,0.25,1.01,2.49,7.85,160.87,350.24,4.40
1993-06-18,3.28,2.28,13.08,0.29,1.14,2.46,8.26,191.89,342.13,3.88
1993-06-19,3.64,2.73,11.77,0.33,1.31,2.92,6.83,222.95,326.79,3.98
1993-06-20,0.00,2.72,11.76,0.35,1.41,2.72,6.54,207.79,329.50,3.93
1993-06-21,0.14,2.32,11.18,0.27,1.07,2.45,6.12,160.38,337.38,3.59
1993-06-22,0.17,2.24,11.57,0.24,0.96,2.35,6.79,166.96,338.90,3.87
1993-06-23,1.91,2.71,10.38,0.24,0.95,2.84,5.97,230.82,316.66,2.39
1993-06-24,0.00,2.22,9.41,0.24,0.96,2.22,6.04,196.56,321.13,2.29
1993-06-25,7.29,1.69,10.34,0.25,0.98,1.81,6.40,129.31,341.47,2.21
1993-06-26,0.00,2.56,13.83,0.32,1.26,2.56,9.21,251.85,334.30,5.35
1993-06-27,0.00,4.51,13.17,0.24,0.98,4.51,6.00,356.85,295.25,3.90
1993-06-28,0.00,3.64,13.42,0.21,0.82,3.64,7.64,305.07,316.54,2.27
1993-06-29,0.00,3.58,14.87,0.19,0.78,3.58,8.63,288.22,329.06,2.00
1993-06-30,0.00,2.26,13.95,0.19,0.74,2.26,9.04,189.86,346.89,2.59
1993-07-01,0.00,3.36,14.42,0.18,0.72,3.36,7.69,257.32,330.32,2.70
1993-07-02,0.00,2.44,13.40,0.17,0.70,2.44,7.55,160.95,348.91,5.03
1993-07-03,0.71,2.87,16.34,0.18,0.71,3.10,9.26,177.78,359.99,6.44
1993-07-04,0.17,3.54,15.34,0.18,0.71,3.65,8.03,240.40,338.78,5.62
1993-07-05,0.00,3.09,11.01,0.17,0.68,3.09,5.56,231.34,315.57,4.28
1993-07-06,0.00,3.40,12.31,0.16,0.65,3.40,6.09,237.23,321.03,5.86
1993-07-07,0.29,3.01,13.36,0.16,0.63,3.19,6.84,193.12,338.98,5.14
1993-07-08,5.04,2.14,13.95,0.18,0.72,2.37,8.07,123.96,360.19,6.13
1993-07-09,2.88,2.99,9.82,0.21,0.83,3.19,5.30,249.31,304.63,4.14
1993-07-10,0.79,2.30,9.50,0.19,0.75,2.53,5.51,167.25,325.28,5.20
1993-07-11,2.13,2.69,10.27,0.18,0.73,2.87,5.46,205.33,318.23,3.69
1993-07-12,0.05,2.70,10.11,0.18,0.73,2.73,5.45,216.41,314.46,3.25
1993-07-13,2.07,2.71,10.41,0.17,0.70,2.86,6.17,239.21,312.34,2.94
1993-07-14,4.83,1.28,11.95,0.19,0.74,1.41,8.33,114.09,352.22,2.77
1993-07-15,5.59,1.46,13.24,0.24,0.95,1.62,8.78,119.80,356.90,3.70
1993-07-16,7.06,2.20,15.40,0.65,2.58,2.33,9.75,174.69,355.00,2.98
1993-07-17,0.00,2.55,15.00,0.40,1.60,2.56,8.85,188.30,349.31,4.49
1993-07-18,1.05,2.34,12.15,0.25,1.00,2.48,7.03,184.71,334.68,2.74
1993-07-19,0.25,1.60,12.68,0.22,0.86,1.73,8.31,132.47,351.00,2.86
1993-07-20,1.88,2.12,12.54,0.20,0.82,2.27,7.22,156.09,343.58,2.95
1993-07-21,0.00,2.27,12.50,0.20,0.79,2.27,6.85,154.37,343.05,3.52
1993-07-22,0.67,2.35,13.15,0.18,0.74,2.47,6.89,161.98,343.81,2.58
1993-07-23,5.76,2.44,15.90,0.20,0.81,2.64,10.25,210.71,348.62,5.18
1993-07-24,0.65,3.08,13.23,0.22,0.89,3.27,6.84,222.77,327.10,4.34
1993-07-25,0.46,2.35,11.73,0.20,0.79,2.55,6.81,178.62,332.43,4.95
1993-07-26,1.88,3.18,12.26,0.18,0.72,3.42,6.15,217.98,321.57,6.04
1993-07-27,6.58,1.77,12.15,0.21,0.84,1.92,7.71,143.78,344.23,3.25
1993-07-28,1.64,2.80,14.40,0.27,1.09,2.98,8.14,212.60,336.96,4.05
1993-07-29,0.33,2.20,14.55,0.23,0.91,2.34,8.99,176.55,347.70,3.39
1993-07-30,0.85,2.67,12.39,0.20,0.79,2.85,7.23,224.76,322.60,4.44
1993-07-31,0.21,2.74,12.48,0.18,0.71,2.93,6.67,190.62,330.21,5.30
1993-08-01,0.48,2.12,13.37,0.17,0.68,2.28,7.85,153.13,345.96,4.16
1993-08-02,4.52,2.48,14.13,0.17,0.69,2.67,7.93,171.57,344.16,4.59
1993-08-03,1.41,2.45,13.32,0.21,0.84,2.67,7.45,166.95,340.73,5.38
1993-08-04,16.78,2.19,13.39,0.21,0.82,2.34,7.54,158.85,343.18,3.11
1993-08-05,4.63,1.69,11.96,1.08,4.32,1.88,7.48,128.86,344.79,4.27
1993-08-06,0.24,1.86,11.58,0.52,2.09,2.02,7.07,147.91,336.98,3.35
1993-08-07,2.09,1.61,14.50,0.32,1.29,1.78,9.26,125.30,357.74,3.99
1993-08-08,7.37,1.68,12.57,0.31,1.25,1.86,7.68,119.24,349.70,4.13
1993-08-09,0.32,2.03,14.41,0.49,1.94,2.22,9.11,170.95,344.95,4.75
1993-08-10,4.56,3.02,11.27,0.37,1.48,3.23,5.63,227.70,305.18,5.00
1993-08-11,4.85,1.41,11.01,0.57,2.27,1.57,7.23,115.48,342.49,3.44
1993-08-12,0.86,1.93,10.18,0.61,2.44,2.09,6.59,180.14,318.59,3.31
1993-08-13,0.00,2.71,10.61,0.35,1.39,2.71,5.90,236.53,299.66,4.42
1993-08-14,0.11,1.77,12.34,0.25,1.01,1.84,7.10,128.63,343.52,2.66
1993-08-15,5.32,1.66,12.41,0.23,0.91,1.77,7.71,139.28,341.18,2.14
1993-08-16,0.29,2.08,11.92,0.26,1.02,2.16,7.23,185.99,323.71,2.20
1993-08-17,0.00,2.14,11.13,0.27,1.07,2.14,6.75,198.55,314.74,1.99
1993-08-18,0.01,1.76,13.21,0.21,0.85,1.78,7.54,123.63,348.22,2.82
1993-08-19,0.03,1.84,13.25,0.20,0.79,1.89,7.79,137.72,343.97,3.20
1993-08-20,0.08,2.23,13.88,0.19,0.77,2.31,7.90,167.83,337.00,3.85
1993-08-21,0.29,2.58,12.86,0.18,0.71,2.72,6.58,193.07,320.11,3.56
1993-08-22,0.30,1.83,9.63,0.17,0.68,1.97,5.66,142.76,320.79,3.51
1993-08-23,1.23,1.58,8.68,0.17,0.69,1.77,5.92,148.51,315.47,4.01
1993-08-24,0.30,1.59,8.85,0.17,0.70,1.74,5.36,125.09,321.78,2.91
1993-08-25,0.00,1.40,10.89,0.17,0.67,1.41,6.95,109.18,339.17,3.94
1993-08-26,0.00,1.78,9.71,0.17,0.66,1.78,5.87,161.90,313.13,2.42
1993-08-27,0.04,1.32,11.14,0.17,0.66,1.35,7.07,114.54,337.88,1.83
1993-08-28,0.00,2.12,12.90,0.16,0.65,2.12,7.57,186.91,321.29,2.90
1993-08-29,0.00,1.81,13.21,0.16,0.64,1.81,7.84,139.80,338.63,3.82
1993-08-30,0.00,1.70,11.64,0.16,0.63,1.70,6.71,146.73,326.48,2.00
1993-08-31,0.00,2.12,13.72,0.15,0.61,2.12,7.77,195.20,319.99,1.44
1993-09-01,0.00,2.14,14.45,0.15,0.59,2.14,8.48,190.40,325.30,2.34
1993-09-02,0.39,1.49,13.42,0.15,0.60,1.60,7.84,107.52,348.64,2.78
1993-09-03,0.05,1.30,10.81,0.15,0.62,1.37,6.91,100.06,338.10,4.01
1993-09-04,0.00,1.50,8.77,0.15,0.62,1.50,5.13,107.49,321.67,3.11
1993-09-05,0.00,1.25,8.74,0.15,0.61,1.25,5.37,113.52,319.43,1.57
1993-09-06,0.00,1.09,8.86,0.15,0.61,1.09,6.17,101.98,326.21,2.51
1993-09-07,0.05,1.40,11.18,0.15,0.62,1.48,6.76,76.21,347.08,5.25
1993-09-08,26.33,1.14,11.40,0.37,1.46,1.38,7.07,47.32,349.93,6.63
1993-09-09,2.60,0.65,12.39,1.10,4.38,0.83,8.92,77.69,351.83,5.47
1993-09-10,8.63,0.43,12.66,1.34,5.37,0.56,8.80,40.33,355.87,4.91
1993-09-11,0.89,1.36,12.36,1.00,4.00,1.47,7.51,109.39,338.03,3.11
1993-09-12,2.87,1.27,9.16,0.51,2.05,1.45,6.31,130.75,312.65,3.79
1993-09-13,11.83,0.30,10.75,0.67,2.68,0.49,8.00,38.71,347.09,8.86
1993-09-14,19.09,1.25,8.79,4.56,18.20,1.55,5.89,64.54,336.29,7.92
1993-09-15,5.13,1.18,8.82,4.15,16.60,1.43,5.91,71.13,333.99,6.07
1993-09-16,1.14,0.56,8.91,1.93,7.71,0.69,6.25,37.09,337.75,3.49
1993-09-17,0.01,1.08,8.35,1.04,4.16,1.09,5.74,123.42,306.84,1.54
1993-09-18,0.01,1.06,8.51,0.67,2.66,1.08,5.88,102.62,316.67,3.12
1993-09-19,5.83,1.49,10.88,0.52,2.09,1.73,6.27,66.95,343.86,5.58
1993-09-20,2.48,1.01,12.94,0.86,3.45,1.17,8.57,95.95,342.08,4.00
1993-09-21,1.35,1.18,11.85,0.85,3.39,1.32,7.63,120.58,324.31,3.06
1993-09-22,1.12,1.11,10.56,0.68,2.72,1.18,7.02,131.84,311.45,1.76
1993-09-23,0.01,1.01,10.06,0.59,2.35,1.01,6.61,116.10,314.75,1.63
1993-09-24,0.11,0.60,9.42,0.47,1.86,0.64,6.82,60.57,338.65,1.93
1993-09-25,0.00,1.23,7.41,0.41,1.65,1.23,5.09,156.53,276.24,2.36
1993-09-26,0.00,0.95,7.31,0.36,1.43,0.95,5.66,114.17,299.31,4.38
1993-09-27,0.03,0.93,6.24,0.33,1.31,0.96,4.67,103.92,295.51,2.32
1993-09-28,0.01,0.76,5.72,0.31,1.24,0.77,4.51,107.22,290.09,1.07
1993-09-29,0.57,0.51,7.43,0.30,1.20,0.63,6.09,57.48,328.03,3.32
1993-09-30,2.51,1.13,9.52,0.31,1.23,1.36,6.35,108.50,309.11,5.52
1993-10-01,5.37,0.94,9.52,0.34,1.36,1.15,6.48,73.56,327.44,5.42
1993-10-02,11.30,0.42,9.42,1.28,5.10,0.53,7.21,51.15,339.82,3.52
1993-10-03,6.06,0.58,9.56,2.07,8.29,0.66,7.04,80.14,323.57,2.09
1993-10-04,1.10,1.00,9.91,2.07,8.27,1.14,6.22,103.66,307.70,3.02
1993-10-05,20.43,0.49,6.68,5.16,20.60,0.58,5.75,69.45,313.51,2.53
1993-10-06,16.43,0.37,8.57,6.03,24.10,0.46,6.84,51.69,333.35,3.09
1993-10-07,15.02,0.44,9.97,15.89,63.50,0.56,7.38,50.50,340.16,3.83
1993-10-08,6.54,0.59,8.36,3.48,13.90,0.69,6.16,77.61,313.79,2.46
1993-10-09,9.19,0.27,8.85,9.14,36.50,0.35,7.16,48.72,334.93,3.45
1993-10-10,0.77,0.52,8.99,3.43,13.70,0.61,6.47,65.78,322.99,2.22
1993-10-11,1.65,0.39,7.48,1.87,7.47,0.46,6.11,52.98,323.69,2.36
1993-10-12,1.40,0.54,6.94,1.41,5.62,0.76,5.79,51.24,321.23,6.49
1993-10-13,4.29,0.85,4.60,1.29,5.16,1.05,4.14,70.42,291.66,4.50
1993-10-14,0.08,0.68,3.48,1.28,5.10,0.79,3.97,95.52,267.67,3.76
1993-10-15,0.00,0.70,2.18,1.06,4.22,0.70,3.43,99.81,255.52,3.62
1993-10-16,0.00,0.79,0.48,0.81,3.25,0.80,2.65,112.73,233.28,3.39
1993-10-17,0.01,0.58,1.67,0.65,2.61,0.59,2.80,94.81,249.79,2.00
1993-10-18,0.00,0.60,3.05,0.58,2.31,0.60,3.27,105.52,247.87,2.12
1993-10-19,0.29,0.64,4.46,0.55,2.18,0.77,4.04,59.69,292.85,3.10
1993-10-20,0.90,0.47,6.21,0.54,2.17,0.62,5.36,54.83,308.13,4.43
1993-10-21,2.32,0.93,4.49,0.52,2.07,1.18,3.98,80.86,272.71,5.65
1993-10-22,0.00,0.39,3.67,0.54,2.17,0.39,3.87,64.51,281.90,1.88
1993-10-23,0.02,0.28,4.69,0.49,1.95,0.29,4.32,61.78,289.19,1.33
1993-10-24,0.00,0.24,5.17,0.45,1.80,0.24,5.15,59.50,295.68,2.42
1993-10-25,0.00,0.27,4.76,0.42,1.69,0.27,4.40,41.11,306.42,1.40
1993-10-26,0.00,0.10,4.52,0.40,1.60,0.10,4.85,22.41,315.99,1.34
1993-10-27,0.34,0.30,4.53,0.38,1.53,0.35,4.05,39.72,303.66,1.45
1993-10-28,0.11,0.05,5.20,0.38,1.50,0.06,5.31,17.05,319.99,2.49
1993-10-29,0.06,0.10,5.92,0.37,1.47,0.12,5.04,16.68,322.38,1.38
1993-10-30,1.44,0.37,5.98,0.36,1.43,0.45,4.93,37.48,312.69,2.55
1993-10-31,0.08,0.21,5.72,0.38,1.53,0.24,5.33,30.36,319.27,2.50
1993-11-01,0.01,0.40,6.17,0.39,1.54,0.40,4.86,26.95,322.80,2.32
1993-11-02,2.64,0.61,5.73,0.36,1.44,0.76,4.49,27.04,318.97,3.49
1993-11-03,3.86,0.45,6.48,0.53,2.13,0.57,5.18,26.69,323.97,3.55
1993-11-04,0.28,0.03,8.05,0.70,2.79,0.04,6.77,26.96,332.45,1.37
1993-11-05,0.91,0.08,7.08,0.55,2.18,0.10,5.93,30.86,322.08,1.40
1993-11-06,1.32,0.06,7.41,0.52,2.07,0.08,6.32,28.52,326.08,2.12
1993-11-07,0.06,0.11,6.63,0.53,2.13,0.12,5.71,23.73,326.62,1.48
1993-11-08,0.22,0.01,6.14,0.47,1.89,0.02,5.61,13.39,324.57,1.42
1993-11-09,1.69,0.50,5.93,0.44,1.76,0.66,4.99,23.55,320.96,4.59
1993-11-10,0.03,0.11,2.86,0.46,1.84,0.12,3.94,41.47,281.08,1.82
1993-11-11,0.03,0.09,2.62,0.40,1.61,0.10,4.09,51.77,267.23,2.70
1993-11-12,6.64,0.30,3.50,0.59,2.35,0.42,4.19,40.27,283.93,4.05
1993-11-13,16.80,0.19,1.86,2.35,9.38,0.25,3.56,29.41,288.30,2.16
1993-11-14,0.00,0.63,2.22,4.73,18.90,0.63,3.48,41.59,271.50,6.16
1993-11-15,0.01,0.36,2.00,1.27,5.09,0.37,3.28,28.53,286.59,2.72
1993-11-16,0.00,0.21,3.19,0.87,3.46,0.21,4.37,22.78,304.15,3.84
1993-11-17,0.01,0.35,2.30,0.68,2.72,0.36,3.64,43.05,267.20,4.36
1993-11-18,0.01,0.61,1.37,0.56,2.23,0.62,3.04,22.25,289.87,4.21
1993-11-19,0.00,0.36,1.54,0.48,1.92,0.36,2.88,46.36,251.93,3.04
1993-11-20,4.84,0.12,-0.87,0.45,1.81,0.17,3.12,24.48,277.52,2.71
1993-11-21,5.86,0.00,-0.71,0.51,2.05,0.01,3.50,30.19,271.07,3.39
1993-11-22,0.75,0.01,-1.52,0.49,1.95,0.01,3.14,28.56,267.70,1.70
1993-11-23,0.00,0.00,-3.91,0.47,1.86,0.00,2.80,22.47,266.03,1.67
1993-11-24,0.30,0.13,-4.88,0.41,1.65,0.17,2.02,23.31,254.58,2.17
1993-11-25,1.04,0.00,-1.95,0.49,1.97,0.00,3.60,19.40,281.11,2.41
1993-11-26,0.48,0.02,-0.57,0.57,2.26,0.02,2.88,33.95,256.98,1.03
1993-11-27,0.03,0.00,-0.18,1.64,6.57,0.00,4.07,19.45,288.52,2.06
1993-11-28,0.00,0.22,1.22,2.58,10.30,0.22,3.81,20.04,290.87,5.93
1993-11-29,9.94,0.96,0.73,1.38,5.51,1.31,2.90,15.47,291.71,8.70
1993-11-30,0.40,0.00,1.90,2.06,8.24,0.00,4.25,26.34,283.23,3.62
1993-12-01,3.50,0.51,4.12,2.83,11.30,0.69,4.14,18.97,303.41,4.87
1993-12-02,3.38,0.18,5.76,2.75,11.00,0.29,5.43,20.02,311.95,6.21
1993-12-03,9.76,0.74,8.17,3.73,14.90,0.99,5.73,15.21,331.74,7.21
1993-12-04,0.12,0.60,4.72,5.38,21.50,0.75,4.17,36.13,270.55,6.54
1993-12-05,0.42,0.31,5.41,1.74,6.97,0.46,4.95,23.91,299.80,5.78
1993-12-06,13.41,0.56,6.41,3.48,13.90,0.77,5.10,15.92,319.98,6.02
1993-12-07,0.79,0.37,1.95,4.33,17.30,0.53,3.48,30.81,265.28,5.12
1993-12-08,22.03,0.59,3.24,10.99,43.90,0.81,3.89,13.52,307.22,5.73
1993-12-09,6.90,0.35,2.93,5.21,20.80,0.55,4.08,23.82,284.92,6.59
1993-12-10,0.49,0.13,3.11,4.51,18.00,0.22,4.51,19.93,295.07,6.45
1993-12-11,0.74,0.26,1.55,2.05,8.20,0.40,3.73,19.93,285.39,5.39
1993-12-12,34.45,0.35,0.53,7.16,28.60,0.51,3.30,7.55,293.92,5.00
1993-12-13,3.10,0.03,1.14,13.22,52.80,0.06,4.09,7.50,299.91,7.42
1993-12-14,18.03,0.61,-0.09,7.08,28.30,0.87,2.89,7.46,289.16,6.39
1993-12-15,5.96,0.18,1.12,8.36,33.40,0.28,3.69,19.39,283.74,4.83
1993-12-16,0.03,0.23,1.59,3.70,14.80,0.27,3.81,25.95,272.36,6.81
1993-12-17,2.35,0.67,3.75,2.11,8.43,0.83,3.27,13.96,303.19,3.44
1993-12-18,16.38,0.00,5.52,12.51,50.00,0.00,5.92,13.07,321.45,7.81
1993-12-19,0.23,0.59,6.76,7.66,30.60,0.83,5.31,23.26,303.01,8.89
1993-12-20,0.00,0.07,-0.78,2.31,9.23,0.07,2.92,21.92,266.75,2.34
1993-12-21,1.58,0.31,-1.56,1.38,5.51,0.47,2.74,23.25,259.96,5.13
1993-12-22,2.95,0.00,-0.03,1.60,6.40,0.00,4.11,14.00,292.56,4.53
1993-12-23,9.93,0.12,0.47,1.42,5.69,0.19,3.59,7.79,295.15,4.11
1993-12-24,0.44,0.25,0.25,1.45,5.78,0.38,3.23,21.14,274.09,4.53
1993-12-25,2.28,0.00,-0.59,1.07,4.29,0.00,3.50,17.47,280.65,2.76
1993-12-26,0.10,0.03,-2.25,0.90,3.61,0.04,2.83,18.50,268.73,2.31
1993-12-27,4.30,0.01,-2.13,0.84,3.35,0.01,2.86,16.14,274.46,1.26
1993-12-28,11.13,0.10,0.34,0.89,3.56,0.15,3.58,13.23,293.89,3.33
1993-12-29,8.34,0.00,1.98,9.91,39.60,0.00,4.88,23.48,285.20,6.76
1993-12-30,1.09,0.07,1.13,4.63,18.50,0.10,3.69,19.51,284.73,3.09
1993-12-31,0.06,0.01,-0.98,2.15,8.59,0.01,3.09,26.12,261.09,1.86
1994-01-01,13.40,0.03,-0.31,1.39,5.54,0.04,3.25,26.33,262.78,2.78
1994-01-02,0.28,0.00,0.84,1.93,7.71,0.00,4.09,20.06,284.82,4.05
1994-01-03,9.93,0.05,1.66,6.36,25.40,0.07,4.04,7.93,301.72,3.49
1994-01-04,0.44,0.01,0.55,3.68,14.70,0.01,3.65,17.27,288.33,1.33
1994-01-05,20.05,0.00,0.71,4.33,17.30,0.00,4.00,8.12,297.89,4.13
1994-01-06,3.76,0.07,1.28,4.36,17.40,0.11,3.87,18.83,289.72,3.69
1994-01-07,0.13,0.01,1.37,4.51,18.00,0.02,3.93,23.69,281.24,3.04
1994-01-08,1.56,0.16,-0.12,2.17,8.68,0.21,3.13,8.78,290.49,2.67
1994-01-09,3.06,0.00,2.03,8.11,32.40,0.00,4.46,14.81,304.62,5.74
1994-01-10,0.09,0.08,3.78,7.53,30.10,0.11,4.66,17.85,306.66,3.10
1994-01-11,3.12,0.01,3.31,4.76,19.00,0.02,4.76,17.26,306.86,3.84
1994-01-12,10.29,0.18,4.26,7.91,31.60,0.31,4.94,18.49,309.38,6.98
1994-01-13,7.67,0.65,4.66,9.34,37.30,0.95,4.43,31.13,285.71,9.00
1994-01-14,0.51,0.51,4.13,5.38,21.50,0.70,4.17,29.09,287.22,5.80
1994-01-15,0.97,0.08,1.08,2.34,9.33,0.12,3.63,22.90,285.64,2.54
1994-01-16,0.11,0.26,-0.22,1.57,6.26,0.34,3.02,38.63,250.99,4.51
1994-01-17,0.35,0.71,0.40,1.13,4.51,0.92,2.56,23.34,276.82,4.42
1994-01-18,4.20,0.04,1.88,2.08,8.30,0.07,4.38,17.30,303.84,7.38
1994-01-19,1.42,0.60,2.16,2.10,8.41,0.82,3.32,38.94,263.43,5.61
1994-01-20,0.66,0.23,4.27,1.61,6.42,0.35,4.87,19.23,312.91,5.75
1994-01-21,0.34,0.57,6.85,1.67,6.66,0.77,5.36,24.23,317.14,6.63
1994-01-22,4.67,0.81,4.65,1.33,5.32,1.06,3.98,31.35,291.86,6.09
1994-01-23,0.21,0.87,2.45,2.16,8.63,1.14,3.23,46.08,257.45,7.26
1994-01-24,4.78,0.60,4.19,1.28,5.12,0.73,3.63,20.42,308.45,3.08
1994-01-25,2.48,0.55,3.49,3.25,13.00,0.80,4.11,30.95,292.08,6.82
1994-01-26,9.90,1.35,3.65,3.30,13.20,1.68,3.26,25.75,297.10,8.29
1994-01-27,0.59,0.89,2.96,4.53,18.10,1.23,3.68,34.57,284.49,9.41
1994-01-28,0.11,0.86,0.80,1.67,6.69,1.09,2.82,49.79,250.96,7.27
1994-01-29,4.65,0.32,3.13,1.55,6.18,0.49,4.40,22.36,308.00,6.20
1994-01-30,0.68,0.98,3.17,2.70,10.80,1.23,3.40,46.54,269.96,7.20
1994-01-31,4.05,0.54,4.01,1.34,5.36,0.73,4.16,30.48,300.68,4.90
1994-02-01,9.13,0.37,4.86,5.31,21.20,0.59,5.02,26.56,314.03,7.93
1994-02-02,0.00,0.42,1.79,2.55,10.20,0.43,3.40,58.40,260.59,3.87
1994-02-03,14.26,0.68,0.99,3.68,14.70,1.01,3.40,24.41,296.04,9.34
1994-02-04,0.33,0.23,3.14,6.96,27.80,0.34,4.58,40.84,292.64,7.91
1994-02-05,0.13,0.37,3.80,2.70,10.80,0.42,4.40,28.94,307.77,3.99
1994-02-06,0.67,0.35,2.84,1.66,6.62,0.44,4.05,31.11,301.01,3.59
1994-02-07,0.56,0.15,2.06,1.32,5.26,0.20,4.12,51.66,278.82,2.99
1994-02-08,2.71,0.41,2.15,1.24,4.97,0.56,3.77,46.02,283.73,4.20
1994-02-09,0.01,0.94,3.19,1.41,5.62,0.95,3.60,62.70,271.09,7.20
1994-02-10,0.00,0.36,2.79,0.95,3.79,0.36,3.59,61.06,272.56,2.30
1994-02-11,0.00,0.33,2.11,0.83,3.30,0.33,4.04,43.29,290.32,5.04
1994-02-12,0.00,0.86,2.58,0.73,2.92,0.86,3.31,58.41,274.82,5.30
1994-02-13,0.07,0.70,0.06,0.65,2.61,0.79,2.91,42.96,278.46,5.67
1994-02-14,0.19,0.63,-0.98,0.57,2.28,0.77,2.92,32.57,284.54,8.60
1994-02-15,0.95,0.44,-0.80,0.55,2.20,0.68,3.14,33.31,286.58,6.78
1994-02-16,0.23,0.14,-1.91,0.55,2.18,0.16,2.92,54.16,265.08,1.14
1994-02-17,0.08,0.17,-2.59,0.52,2.08,0.19,2.75,58.10,259.46,1.44
1994-02-18,0.02,0.05,-0.75,0.56,2.22,0.08,3.74,53.25,276.44,3.91
1994-02-19,0.00,0.59,0.12,0.51,2.04,0.59,2.98,65.94,265.79,4.09
1994-02-20,0.90,0.55,-0.27,0.48,1.93,0.75,3.02,51.44,276.75,4.66
1994-02-21,1.55,0.33,-2.32,0.44,1.77,0.45,2.79,62.51,261.03,3.25
1994-02-22,0.59,0.36,-2.27,0.46,1.83,0.50,2.84,77.07,252.38,3.96
1994-02-23,4.79,0.25,-1.73,0.50,1.98,0.42,3.05,21.74,284.07,5.96
1994-02-24,0.05,0.34,-0.11,0.41,1.64,0.36,3.30,43.59,287.67,2.77
1994-02-25,19.56,0.40,-0.42,0.51,2.02,0.55,3.22,40.33,288.88,4.01
1994-02-26,8.14,0.08,0.80,0.83,3.31,0.18,4.22,44.60,295.88,4.10
1994-02-27,17.21,0.23,2.89,15.09,60.30,0.37,4.64,42.47,307.42,6.10
1994-02-28,1.28,0.14,2.94,9.66,38.60,0.20,4.61,27.32,308.82,4.00
1994-03-01,1.06,0.29,2.28,5.16,20.60,0.37,4.22,44.00,303.74,2.33
1994-03-02,9.25,0.81,3.88,4.33,17.30,1.00,4.10,99.14,276.09,4.02
1994-03-03,0.76,0.83,4.04,8.26,33.00,1.11,4.39,104.78,276.11,6.75
1994-03-04,9.01,1.44,5.40,3.95,15.80,1.75,3.92,45.97,315.41,7.55
1994-03-05,1.79,0.78,5.63,6.66,26.60,1.06,5.13,95.43,292.79,7.76
1994-03-06,1.12,1.20,5.53,2.58,10.30,1.52,4.45,64.62,308.12,8.40
1994-03-07,1.44,1.34,7.43,2.12,8.46,1.64,5.03,78.73,310.39,7.48
1994-03-08,7.50,0.87,9.40,4.68,18.70,1.13,6.63,62.71,332.51,7.61
1994-03-09,2.41,1.12,4.97,2.83,11.30,1.41,4.30,81.23,298.12,6.82
1994-03-10,5.28,1.63,4.78,1.92,7.68,1.96,3.75,118.53,274.62,8.09
1994-03-11,0.42,1.02,4.91,2.65,10.60,1.28,4.44,72.54,304.65,6.99
1994-03-12,9.92,1.37,3.56,2.63,10.50,1.68,3.49,92.12,285.09,6.97
1994-03-13,2.32,2.27,5.51,3.85,15.40,2.64,3.43,123.00,275.75,10.31
1994-03-14,3.11,0.65,6.40,3.05,12.20,0.94,5.81,116.18,296.31,8.80
1994-03-15,2.36,1.19,3.80,1.87,7.48,1.44,3.95,134.81,270.00,5.40
1994-03-16,2.65,1.08,2.05,1.97,7.89,1.41,3.55,112.60,273.47,8.05
1994-03-17,0.27,1.25,2.54,1.57,6.28,1.53,3.51,128.52,268.14,7.08
1994-03-18,1.92,0.71,2.37,1.41,5.63,0.89,3.79,64.60,299.97,3.92
1994-03-19,0.34,1.55,2.51,1.19,4.76,1.73,3.13,159.59,252.73,6.14
1994-03-20,0.50,0.91,2.00,0.92,3.66,1.13,3.54,93.45,285.16,4.52
1994-03-21,3.04,1.21,2.88,0.77,3.07,1.39,2.92,91.41,285.90,3.22
1994-03-22,10.77,0.50,5.98,1.15,4.60,0.77,5.88,114.21,302.31,8.71
1994-03-23,11.82,1.01,8.96,10.39,41.50,1.33,6.46,79.67,330.65,9.43
1994-03-24,0.92,1.93,5.16,3.38,13.50,2.26,3.75,147.89,276.15,8.20
1994-03-25,0.42,1.31,6.23,1.64,6.57,1.56,4.96,137.46,292.08,6.09
1994-03-26,0.01,1.49,3.47,1.07,4.28,1.50,3.26,165.37,261.56,3.04
1994-03-27,8.88,1.12,3.02,1.28,5.10,1.38,3.56,66.23,304.64,5.79
1994-03-28,3.96,1.12,6.74,2.58,10.30,1.39,5.22,89.17,317.03,6.41
1994-03-29,0.40,2.21,6.50,2.07,8.29,2.48,4.07,182.21,272.68,7.46
1994-03-30,6.25,0.98,5.66,1.24,4.96,1.24,4.93,78.65,316.89,6.44
1994-03-31,3.46,1.56,5.35,2.46,9.84,1.90,4.32,118.01,298.17,9.31
1994-04-01,0.64,1.33,5.26,2.24,8.95,1.63,4.67,147.59,289.69,7.35
1994-04-02,0.04,1.80,3.49,1.17,4.69,1.91,3.40,175.18,266.52,6.61
1994-04-03,2.53,1.16,3.41,0.85,3.41,1.43,3.73,77.17,305.40,5.83
1994-04-04,3.69,1.67,2.77,0.93,3.71,1.97,3.35,174.15,265.91,6.73
1994-04-05,1.19,1.64,3.42,1.37,5.47,1.92,3.52,163.18,273.91,5.79
1994-04-06,8.11,1.68,3.99,1.18,4.70,1.92,3.64,171.04,274.47,4.72
1994-04-07,2.07,0.80,3.73,2.68,10.70,0.96,4.42,83.42,308.75,3.48
1994-04-08,7.47,0.72,1.38,4.15,16.60,0.94,3.76,85.81,296.40,4.71
1994-04-09,7.17,1.32,1.92,3.20,12.80,1.60,3.23,119.28,284.58,5.64
1994-04-10,0.00,1.61,3.99,2.93,11.70,1.61,4.29,216.19,266.34,3.83
1994-04-11,0.94,1.26,4.31,1.57,6.27,1.42,4.18,133.75,294.69,2.95
1994-04-12,0.47,1.39,6.00,1.26,5.02,1.58,4.77,138.25,302.75,3.54
1994-04-13,0.00,2.15,5.04,0.94,3.76,2.15,3.86,227.90,265.12,5.15
1994-04-14,0.31,2.20,4.19,0.74,2.97,2.44,3.45,207.91,267.05,7.73
1994-04-15,0.03,2.04,4.67,0.62,2.48,2.12,3.72,192.30,276.30,6.57
1994-04-16,0.47,1.52,5.37,0.57,2.26,1.69,4.40,155.08,295.26,3.15
1994-04-17,0.01,1.90,6.01,0.54,2.17,1.93,4.50,201.34,283.89,3.55
1994-04-18,0.07,1.17,4.64,0.52,2.07,1.25,4.05,107.44,306.78,2.18
1994-04-19,0.90,2.00,6.64,0.52,2.07,2.21,4.55,192.48,290.32,4.16
1994-04-20,0.82,1.30,5.36,0.49,1.96,1.41,4.91,145.33,302.41,1.99
1994-04-21,9.24,0.95,4.68,0.50,2.01,1.08,4.79,102.44,312.27,2.36
1994-04-22,9.93,1.16,6.91,1.21,4.85,1.36,5.42,103.11,323.38,4.32
1994-04-23,3.42,1.27,8.07,3.73,14.90,1.44,5.97,120.31,324.85,3.52
1994-04-24,0.04,2.10,8.82,1.59,6.37,2.14,5.67,196.61,304.96,4.79
1994-04-25,5.37,1.73,5.87,0.98,3.90,1.94,4.75,185.80,293.90,4.05
1994-04-26,0.04,2.45,8.10,1.12,4.46,2.54,4.92,203.66,297.79,7.79
1994-04-27,2.06,1.97,11.31,0.70,2.81,2.21,6.86,148.03,333.87,5.73
1994-04-28,6.16,1.95,12.61,1.66,6.62,2.20,7.63,134.59,344.84,6.76
1994-04-29,0.03,2.55,12.99,1.82,7.27,2.59,7.13,173.23,335.17,5.64
1994-04-30,0.00,2.66,9.01,0.91,3.65,2.66,4.97,227.23,296.38,4.08
1994-05-01,2.71,2.26,7.68,0.61,2.43,2.42,5.26,231.12,293.98,2.97
1994-05-02,3.48,1.61,9.98,1.00,3.98,1.76,6.31,128.57,334.31,2.92
1994-05-03,2.47,1.95,8.20,1.00,3.98,2.21,5.22,150.67,318.29,5.64
1994-05-04,1.23,2.07,8.24,0.86,3.45,2.32,5.46,188.34,309.58,5.86
1994-05-05,1.75,1.70,7.59,0.79,3.16,1.94,5.02,121.24,323.57,5.16
1994-05-06,0.58,2.80,8.17,0.70,2.78,3.02,4.89,265.05,286.97,4.70
1994-05-07,0.00,2.17,8.22,0.52,2.08,2.18,5.46,207.60,305.56,3.00
1994-05-08,3.53,2.62,7.24,0.51,2.02,2.75,4.79,267.34,283.67,2.11
1994-05-09,1.59,2.44,7.06,0.60,2.39,2.58,5.20,260.68,287.48,2.38
1994-05-10,0.00,2.14,8.28,0.52,2.09,2.14,5.58,206.20,307.65,5.08
1994-05-11,0.00,2.36,9.42,0.42,1.69,2.36,5.48,183.58,317.76,4.85
1994-05-12,0.00,2.95,10.74,0.37,1.49,2.95,6.41,276.61,303.08,5.38
1994-05-13,0.00,2.91,10.18,0.34,1.34,2.91,6.51,301.10,296.01,5.01
1994-05-14,0.01,3.01,9.64,0.32,1.26,3.02,5.94,304.53,291.01,5.83
1994-05-15,0.00,0.89,6.86,0.30,1.21,0.90,5.43,61.43,327.29,6.60
1994-05-16,0.01,2.05,6.17,0.30,1.19,2.06,4.33,175.22,303.83,5.06
1994-05-17,0.00,2.30,5.85,0.29,1.14,2.31,4.14,210.87,292.99,5.84
1994-05-18,0.12,1.88,4.64,0.28,1.11,1.98,3.76,164.81,298.17,4.25
1994-05-19,0.44,1.86,4.27,0.27,1.09,2.06,3.95,189.82,291.95,4.24
1994-05-20,0.08,2.32,5.61,0.27,1.08,2.49,4.13,223.79,289.71,5.78
1994-05-21,0.21,1.74,7.59,0.26,1.05,1.88,5.61,174.59,315.51,6.61
1994-05-22,0.37,1.97,7.95,0.26,1.04,2.24,5.55,186.91,314.05,6.48
1994-05-23,0.00,2.07,7.32,0.26,1.02,2.07,4.90,179.35,311.17,4.54
1994-05-24,0.00,1.98,6.41,0.25,0.99,1.98,4.41,170.01,308.01,3.59
1994-05-25,0.08,1.92,7.39,0.24,0.96,1.99,4.62,146.13,318.72,3.36
1994-05-26,0.00,1.90,5.99,0.24,0.95,1.91,4.46,172.46,306.36,3.95
1994-05-27,0.01,2.41,5.82,0.24,0.94,2.44,3.99,231.89,289.27,2.85
1994-05-28,0.00,2.54,6.21,0.23,0.93,2.54,4.08,246.86,287.68,2.04
1994-05-29,0.00,2.51,8.73,0.23,0.91,2.52,4.73,206.79,310.32,2.39
1994-05-30,0.00,3.17,9.57,0.22,0.87,3.17,4.95,260.38,301.48,3.98
1994-05-31,0.02,3.11,12.13,0.22,0.87,3.14,6.07,201.90,330.58,5.69
1994-06-01,0.05,2.70,12.29,0.22,0.89,2.75,6.28,186.99,334.75,3.33
1994-06-02,6.49,2.40,11.31,0.22,0.89,2.54,6.46,189.58,330.64,2.64
1994-06-03,5.86,2.38,11.50,0.30,1.20,2.59,6.76,182.58,333.95,4.81
1994-06-04,1.91,3.50,9.56,0.35,1.38,3.74,4.59,272.96,295.40,5.43
1994-06-05,0.18,3.70,9.35,0.26,1.04,3.91,4.66,320.11,283.11,5.16
1994-06-06,0.14,2.46,12.41,0.24,0.94,2.67,7.15,174.54,340.84,5.82
1994-06-07,0.33,3.62,12.04,0.23,0.91,3.85,5.86,262.83,313.86,5.77
1994-06-08,1.34,3.67,8.85,0.21,0.85,3.90,4.34,318.41,280.36,4.70
1994-06-09,0.75,2.21,9.87,0.21,0.84,2.47,6.12,178.90,326.99,6.24
1994-06-10,0.00,3.09,10.42,0.20,0.82,3.09,5.34,247.05,309.84,3.41
1994-06-11,0.00,2.53,10.86,0.20,0.79,2.53,6.03,198.70,326.20,2.83
1994-06-12,0.00,3.07,12.79,0.19,0.77,3.07,6.77,239.29,326.53,2.52
1994-06-13,0.00,4.22,14.03,0.18,0.74,4.22,7.22,342.51,308.06,2.97
1994-06-14,0.00,4.23,11.62,0.17,0.70,4.23,5.10,330.01,291.88,4.61
1994-06-15,4.30,2.78,10.84,0.17,0.70,3.03,5.95,201.44,325.44,6.06
1994-06-16,6.56,1.66,10.22,0.23,0.90,1.82,6.54,126.29,341.83,3.37
1994-06-17,1.45,1.95,11.76,0.28,1.11,2.13,7.01,135.18,347.41,4.08
1994-06-18,1.99,2.05,11.74,0.25,1.00,2.31,6.90,121.62,350.33,6.97
1994-06-19,0.15,3.74,13.73,0.26,1.05,3.91,6.39,245.14,327.87,5.09
1994-06-20,2.69,2.58,13.77,0.23,0.92,2.79,7.75,172.67,348.83,5.28
1994-06-21,4.43,1.90,12.58,0.24,0.95,2.09,7.66,133.94,352.01,4.31
1994-06-22,0.05,4.05,11.43,0.28,1.10,4.12,5.54,324.34,295.46,6.91
1994-06-23,1.10,2.63,10.46,0.21,0.84,2.76,5.51,201.28,322.49,2.80
1994-06-24,1.87,2.87,14.46,0.20,0.81,3.03,7.55,187.90,348.07,3.64
1994-06-25,0.08,1.74,14.05,0.20,0.82,1.77,9.48,150.33,355.52,2.85
1994-06-26,2.62,2.31,12.04,0.19,0.78,2.52,6.59,139.25,347.14,4.97
1994-06-27,0.00,3.32,15.58,0.22,0.89,3.32,8.82,245.83,341.89,5.03
1994-06-28,0.00,4.43,16.64,0.21,0.84,4.43,8.08,307.09,329.64,4.05
1994-06-29,0.01,4.61,13.80,0.18,0.72,4.61,5.84,292.00,313.26,7.38
1994-06-30,0.00,3.40,13.14,0.17,0.68,3.40,6.93,269.69,320.98,2.61
1994-07-01,0.00,3.16,13.14,0.16,0.66,3.16,7.18,247.93,325.99,3.74
1994-07-02,0.09,1.57,12.99,0.17,0.67,1.66,8.41,121.96,356.28,3.78
1994-07-03,0.41,1.72,14.47,0.17,0.69,1.81,8.92,126.18,362.41,1.93
1994-07-04,1.86,0.81,14.99,0.18,0.71,0.87,9.60,66.94,366.75,1.66
1994-07-05,0.01,2.81,14.66,0.18,0.71,2.82,8.18,205.10,344.65,3.20
1994-07-06,2.01,1.99,12.47,0.17,0.67,2.12,7.92,164.38,343.97,2.66
1994-07-07,0.01,2.24,13.26,0.17,0.66,2.24,8.30,183.13,343.55,1.87
1994-07-08,0.00,2.71,14.78,0.16,0.64,2.71,8.72,212.10,344.07,1.88
1994-07-09,0.17,2.44,14.45,0.16,0.63,2.53,7.97,156.88,354.56,3.90
1994-07-10,1.64,1.95,15.23,0.16,0.63,2.12,9.25,131.11,364.42,4.15
1994-07-11,0.11,2.03,15.75,0.17,0.67,2.07,9.52,148.17,363.05,1.85
1994-07-12,0.06,2.37,16.29,0.16,0.65,2.40,9.84,175.58,359.53,2.19
1994-07-13,0.00,3.41,14.65,0.15,0.59,3.41,7.88,263.65,328.38,3.04
1994-07-14,0.33,2.89,13.71,0.14,0.56,3.01,7.82,230.27,332.45,2.72
1994-07-15,0.00,2.68,14.55,0.14,0.56,2.69,7.99,190.16,346.06,3.12
1994-07-16,0.00,3.07,12.45,0.14,0.54,3.07,5.90,230.00,320.83,2.51
1994-07-17,0.00,3.31,12.78,0.13,0.53,3.31,6.85,272.71,314.27,2.79
1994-07-18,0.00,3.12,12.24,0.13,0.52,3.12,7.12,272.73,313.11,2.42
1994-07-19,0.00,3.35,13.43,0.13,0.52,3.35,7.56,283.00,316.23,2.15
1994-07-20,0.01,3.33,16.09,0.13,0.52,3.35,9.21,259.50,337.18,2.26
1994-07-21,2.38,1.83,15.78,0.13,0.54,1.94,9.08,114.80,369.84,2.57
1994-07-22,0.01,3.41,14.65,0.14,0.55,3.42,7.26,252.87,326.61,2.81
1994-07-23,0.00,3.56,13.88,0.13,0.51,3.56,7.60,297.71,312.92,2.86
1994-07-24,2.17,1.69,14.90,0.13,0.53,1.80,9.37,128.63,361.63,2.24
1994-07-25,1.24,2.99,17.04,0.14,0.56,3.14,9.31,197.59,355.07,3.70
1994-07-26,2.80,2.61,17.48,0.14,0.55,2.80,10.11,163.37,365.72,4.91
1994-07-27,0.03,3.13,15.15,0.14,0.56,3.15,8.36,239.05,334.08,3.22
1994-07-28,0.00,3.23,13.87,0.13,0.52,3.23,6.96,249.93,321.14,2.54
1994-07-29,0.00,2.76,13.79,0.12,0.50,2.76,7.54,213.78,332.29,2.71
1994-07-30,5.32,2.99,15.63,0.12,0.49,3.10,8.67,228.45,338.49,2.46
1994-07-31,15.22,1.84,17.55,0.32,1.26,1.93,11.00,134.36,371.26,2.22
1994-08-01,0.69,2.83,17.43,0.51,2.03,2.92,10.15,207.43,352.88,2.75
1994-08-02,1.20,2.64,16.22,0.22,0.87,2.76,8.76,182.06,351.80,2.70
1994-08-03,28.83,1.46,16.65,1.40,5.58,1.56,10.87,113.04,370.82,2.36
1994-08-04,0.09,2.13,17.80,1.39,5.54,2.20,11.59,169.00,363.55,2.69
1994-08-05,0.29,2.60,16.56,0.45,1.81,2.70,9.57,186.38,352.29,3.46
1994-08-06,0.00,2.09,13.12,0.28,1.13,2.09,7.13,147.26,344.00,2.56
1994-08-07,0.00,2.00,13.15,0.22,0.89,2.00,7.28,136.24,347.31,2.94
1994-08-08,0.00,2.24,13.47,0.19,0.77,2.24,7.78,180.96,336.36,2.21
1994-08-09,0.11,1.45,12.00,0.18,0.72,1.52,7.58,108.69,349.71,3.30
1994-08-10,1.78,1.78,12.10,0.18,0.71,1.99,7.11,108.58,349.62,4.98
1994-08-11,0.00,1.96,12.38,0.17,0.69,1.96,7.40,148.07,339.36,4.40
1994-08-12,0.02,1.85,12.23,0.17,0.67,1.86,6.90,128.73,343.32,3.00
1994-08-13,0.00,2.29,9.88,0.16,0.64,2.29,5.53,195.75,308.28,2.94
1994-08-14,0.00,2.17,9.69,0.15,0.60,2.17,5.43,179.33,311.92,3.01
1994-08-15,0.00,2.27,12.26,0.15,0.59,2.27,6.44,182.45,324.17,2.07
1994-08-16,0.44,1.49,12.13,0.15,0.59,1.58,7.03,101.83,350.14,2.36
1994-08-17,1.24,1.84,11.82,0.15,0.61,2.00,7.28,153.39,332.93,3.50
1994-08-18,1.33,2.21,12.01,0.15,0.58,2.37,6.33,154.02,330.66,3.49
1994-08-19,0.62,2.88,13.98,0.15,0.59,3.08,7.25,198.74,326.16,5.32
1994-08-20,0.04,2.70,13.21,0.14,0.57,2.76,6.46,177.73,326.87,4.25
1994-08-21,0.00,2.26,13.22,0.14,0.55,2.26,7.07,191.05,323.90,1.65
1994-08-22,5.56,1.89,12.88,0.14,0.55,2.07,7.94,160.43,334.28,4.01
1994-08-23,5.56,1.22,14.01,0.16,0.65,1.38,9.40,108.73,355.45,4.12
1994-08-24,28.39,1.77,12.06,0.33,1.30,1.92,7.67,162.42,328.72,3.14
1994-08-25,0.49,1.86,12.86,1.99,7.97,1.99,7.56,152.10,334.56,2.70
1994-08-26,5.05,2.82,13.47,0.48,1.90,3.02,7.06,218.79,311.83,4.74
1994-08-27,4.55,2.51,11.26,0.42,1.67,2.74,6.05,197.26,306.39,5.19
1994-08-28,1.20,2.00,10.57,0.43,1.70,2.29,6.19,127.99,328.48,7.58
1994-08-29,2.29,2.59,12.79,0.36,1.43,2.79,6.47,183.22,317.43,4.56
1994-08-30,1.05,1.43,11.38,0.37,1.48,1.52,6.95,125.67,333.50,1.73
1994-08-31,1.44,0.88,10.58,0.27,1.09,0.99,7.62,87.32,343.40,2.45
1994-09-01,0.03,1.84,12.45,0.24,0.94,1.91,7.84,174.59,321.27,4.41
1994-09-02,0.00,2.13,11.19,0.20,0.79,2.13,6.31,196.45,301.95,2.98
1994-09-03,3.56,1.37,11.54,0.18,0.72,1.47,7.30,125.14,332.66,2.03
1994-09-04,0.51,1.65,13.14,0.19,0.77,1.82,7.55,107.48,346.08,3.96
1994-09-05,0.60,2.17,11.29,0.18,0.73,2.33,5.84,173.13,306.74,3.47
1994-09-06,3.62,1.19,9.47,0.19,0.77,1.34,6.42,107.42,327.21,3.33
1994-09-07,4.37,1.38,9.69,0.26,1.04,1.48,6.60,149.39,311.82,1.89
1994-09-08,0.11,1.08,10.56,0.36,1.43,1.21,7.57,123.32,326.95,3.49
1994-09-09,4.35,1.26,8.95,0.26,1.03,1.41,6.29,134.47,312.40,3.08
1994-09-10,7.00,1.73,9.93,0.28,1.11,1.97,6.15,148.76,308.98,5.64
1994-09-11,2.17,1.53,11.36,0.65,2.61,1.73,6.80,108.11,332.92,4.71
1994-09-12,12.57,0.67,9.56,0.57,2.27,0.77,7.23,73.16,339.31,2.74
1994-09-13,0.23,0.97,10.11,1.52,6.07,1.08,6.97,89.64,334.41,3.54
1994-09-14,3.28,1.15,9.28,0.63,2.52,1.38,6.11,67.39,338.43,5.44
1994-09-15,3.74,0.87,9.27,0.52,2.07,1.13,6.29,37.63,339.41,6.83
1994-09-16,0.16,2.34,8.37,0.58,2.30,2.55,4.29,134.18,295.76,7.06
1994-09-17,0.01,1.70,8.51,0.35,1.39,1.71,4.74,100.57,314.12,4.68
1994-09-18,0.08,1.03,8.28,0.27,1.07,1.06,5.06,77.66,324.94,2.13
1994-09-19,8.46,0.73,9.35,0.27,1.08,0.84,6.57,62.67,339.35,2.52
1994-09-20,3.82,0.55,10.06,0.83,3.30,0.70,7.00,34.94,343.72,4.69
1994-09-21,0.00,1.23,11.75,0.83,3.30,1.23,7.49,121.76,322.95,3.36
1994-09-22,0.00,1.24,11.58,0.45,1.80,1.24,6.71,123.51,318.16,1.85
1994-09-23,0.00,1.20,11.74,0.33,1.30,1.20,7.18,127.20,317.61,1.98
1994-09-24,0.12,0.30,9.18,0.27,1.08,0.37,6.96,32.81,339.67,3.95
1994-09-25,0.00,0.91,8.94,0.25,0.99,0.91,5.76,66.05,331.57,2.72
1994-09-26,0.00,1.13,9.80,0.23,0.91,1.13,6.28,103.47,316.34,3.60
1994-09-27,0.00,1.32,10.29,0.21,0.83,1.32,6.26,101.46,318.36,4.63
1994-09-28,0.00,0.42,9.01,0.19,0.77,0.42,7.21,72.53,329.32,5.64
1994-09-29,0.00,1.13,12.22,0.19,0.76,1.13,7.35,57.13,351.20,4.72
1994-09-30,3.23,1.21,12.98,0.19,0.75,1.41,7.72,60.59,352.54,5.08
1994-10-01,1.47,0.53,9.89,0.20,0.81,0.64,6.41,29.16,342.40,2.90
1994-10-02,9.10,0.31,10.46,0.26,1.04,0.39,8.08,53.33,343.58,3.37
1994-10-03,0.96,0.94,4.32,0.57,2.29,1.16,4.12,80.42,293.19,4.81
1994-10-04,0.25,1.06,3.28,0.47,1.86,1.23,3.36,97.80,273.32,3.89
1994-10-05,0.77,1.14,7.03,0.32,1.29,1.33,4.64,96.80,293.36,3.95
1994-10-06,0.19,1.27,9.08,0.27,1.07,1.47,5.72,67.10,323.75,6.64
1994-10-07,0.66,1.08,11.44,0.24,0.97,1.27,6.96,68.89,334.73,4.69
1994-10-08,0.00,0.66,10.24,0.24,0.95,0.66,6.78,74.32,325.04,2.21
1994-10-09,0.00,0.60,8.14,0.22,0.88,0.61,5.56,66.60,317.33,1.81
1994-10-10,0.01,0.74,9.00,0.21,0.82,0.75,5.69,107.66,292.20,1.80
1994-10-11,0.00,0.73,9.26,0.19,0.77,0.73,5.38,101.76,294.20,1.57
1994-10-12,0.00,0.54,8.80,0.19,0.74,0.55,5.95,95.07,298.76,1.26
1994-10-13,0.00,0.57,7.87,0.18,0.72,0.57,5.29,96.29,290.24,1.42
1994-10-14,0.28,0.44,7.74,0.18,0.70,0.48,5.55,86.86,296.58,1.06
1994-10-15,0.49,0.18,7.91,0.18,0.71,0.23,6.78,40.69,332.29,2.99
1994-10-16,0.02,0.56,6.22,0.18,0.71,0.58,4.63,21.95,322.43,3.25
1994-10-17,0.00,0.56,5.00,0.17,0.68,0.56,4.40,40.59,313.65,2.84
1994-10-18,0.00,1.15,6.01,0.17,0.66,1.15,4.15,82.71,281.27,5.21
1994-10-19,13.02,0.69,7.68,0.17,0.68,0.93,5.82,38.89,328.91,6.83
1994-10-20,3.99,0.12,9.39,0.65,2.61,0.18,7.38,26.26,340.68,5.61
1994-10-21,4.40,0.43,9.19,0.62,2.47,0.56,6.75,38.35,336.04,4.29
1994-10-22,7.09,0.23,10.31,0.93,3.71,0.30,7.72,35.49,343.36,3.58
1994-10-23,0.32,0.53,9.38,1.25,4.98,0.69,6.71,36.95,336.72,5.17
1994-10-24,0.16,0.97,7.67,0.61,2.42,1.13,4.97,64.76,299.21,5.02
1994-10-25,0.27,0.63,7.73,0.43,1.70,0.76,5.34,64.05,300.49,3.56
1994-10-26,0.01,0.37,6.58,0.35,1.40,0.38,5.36,52.72,305.54,3.00
1994-10-27,0.30,0.38,5.88,0.31,1.23,0.47,5.03,57.75,295.91,3.07
1994-10-28,0.37,0.55,6.44,0.29,1.15,0.69,4.93,70.47,284.11,3.78
1994-10-29,6.99,0.24,4.59,0.28,1.10,0.30,4.60,35.17,309.06,1.84
1994-10-30,13.12,0.08,6.29,1.71,6.84,0.11,6.00,29.34,324.61,2.88
1994-10-31,1.30,0.45,8.28,2.88,11.50,0.63,6.28,46.53,315.88,6.21
1994-11-01,0.00,1.03,7.53,1.02,4.08,1.03,4.81,66.13,284.76,5.97
1994-11-02,5.83,0.43,4.15,0.62,2.49,0.55,4.33,31.19,307.31,3.53
1994-11-03,2.51,0.00,7.21,1.62,6.49,0.00,6.78,14.95,330.67,4.95
1994-11-04,8.72,0.18,10.05,1.27,5.06,0.22,7.24,31.02,337.36,2.37
1994-11-05,0.99,0.00,7.86,2.83,11.30,0.01,6.90,24.99,333.20,1.59
1994-11-06,0.13,0.14,8.02,1.39,5.54,0.15,5.88,61.38,289.90,2.16
1994-11-07,0.28,0.22,6.48,0.87,3.46,0.29,5.35,41.31,304.11,2.84
1994-11-08,10.09,0.05,7.56,0.80,3.21,0.08,6.49,18.74,331.89,4.26
1994-11-09,3.00,0.09,9.35,2.93,11.70,0.14,7.34,23.05,339.92,5.30
1994-11-10,3.56,0.13,8.73,1.99,7.94,0.18,6.85,22.14,337.40,3.36
1994-11-11,3.14,0.04,8.06,2.07,8.26,0.05,6.56,21.64,334.22,1.45
1994-11-12,15.16,0.16,8.05,5.43,21.70,0.23,6.29,12.28,333.96,3.93
1994-11-13,20.90,0.69,10.14,8.61,34.40,0.88,6.58,21.34,342.74,5.31
1994-11-14,12.42,0.81,9.84,10.16,40.60,1.08,6.49,31.66,326.17,8.06
1994-11-15,3.14,0.80,8.08,5.61,22.40,1.05,5.37,45.20,295.48,6.71
1994-11-16,1.38,0.66,6.72,2.53,10.10,0.86,4.81,42.14,291.09,5.32
1994-11-17,8.47,0.57,5.60,2.03,8.10,0.74,4.51,25.55,309.25,4.34
1994-11-18,13.69,0.53,7.60,6.08,24.30,0.65,5.11,19.44,328.38,3.11
1994-11-19,4.28,0.00,8.17,6.08,24.30,0.00,7.43,27.53,322.57,4.95
1994-11-20,1.48,0.28,8.20,3.45,13.80,0.38,6.08,27.14,319.86,4.09
1994-11-21,0.02,0.33,7.02,1.82,7.26,0.35,4.98,42.66,286.09,3.61
1994-11-22,0.30,0.09,8.30,1.34,5.34,0.12,6.69,21.38,328.93,5.12
1994-11-23,0.85,0.56,10.99,1.12,4.47,0.75,7.34,17.99,346.35,6.42
1994-11-24,0.05,0.18,6.40,0.98,3.90,0.20,4.71,37.74,286.92,2.56
1994-11-25,0.06,0.12,6.81,0.86,3.44,0.15,5.79,17.36,325.93,3.04
1994-11-26,0.01,0.00,9.52,0.80,3.18,0.00,7.56,26.09,325.42,3.53
1994-11-27,0.02,0.04,8.58,0.71,2.84,0.04,6.63,23.23,323.84,3.18
1994-11-28,0.01,0.02,5.04,0.64,2.54,0.03,5.11,28.05,296.68,3.20
1994-11-29,0.01,0.02,2.75,0.60,2.38,0.02,3.90,31.47,276.13,1.40
1994-11-30,0.01,0.00,1.51,0.56,2.25,0.00,4.33,15.62,301.04,2.38
1994-12-01,0.01,0.07,4.16,0.54,2.15,0.07,4.76,15.63,312.48,2.41
1994-12-02,0.98,0.16,5.91,0.52,2.07,0.22,5.27,17.05,317.86,3.34
1994-12-03,6.77,0.00,7.24,1.17,4.67,0.00,6.55,20.49,319.21,6.27
1994-12-04,2.74,0.05,4.00,1.74,6.94,0.07,4.73,13.79,313.20,2.16
1994-12-05,3.39,0.53,2.97,1.48,5.93,0.71,3.77,14.71,304.07,4.82
1994-12-06,4.59,0.57,3.56,1.25,5.01,0.81,3.82,32.56,269.92,6.34
1994-12-07,20.28,0.68,4.55,2.29,9.15,0.93,4.13,26.70,286.03,6.84
1994-12-08,0.15,0.25,3.43,7.13,28.50,0.42,4.46,28.84,279.34,8.58
1994-12-09,2.61,0.70,5.09,2.26,9.01,0.93,4.27,17.29,307.60,5.73
1994-12-10,10.47,0.58,8.59,3.28,13.10,0.84,6.25,14.40,333.75,8.66
1994-12-11,10.74,0.12,10.55,10.24,40.90,0.22,7.86,15.16,342.02,9.19
1994-12-12,0.39,0.73,9.66,6.21,24.80,0.99,6.31,22.01,321.59,7.73
1994-12-13,1.92,0.09,4.84,2.43,9.71,0.13,4.85,19.57,302.90,3.23
1994-12-14,0.00,0.03,0.03,1.54,6.14,0.03,3.17,21.64,272.43,1.65
1994-12-15,1.25,0.33,1.58,1.30,5.18,0.46,3.46,7.42,298.76,3.88
1994-12-16,0.47,0.30,3.75,1.33,5.31,0.39,3.53,32.74,263.42,3.45
1994-12-17,9.81,0.00,5.38,2.31,9.24,0.00,5.82,12.80,321.41,7.70
1994-12-18,5.07,0.41,3.20,3.85,15.40,0.59,3.90,27.84,273.94,5.83
1994-12-19,0.07,0.41,2.08,2.70,10.80,0.51,3.56,23.52,276.99,5.36
1994-12-20,0.00,0.15,1.82,1.44,5.76,0.15,3.61,21.82,280.09,3.20
1994-12-21,0.00,0.01,-0.90,1.00,3.99,0.01,3.01,27.44,255.70,1.99
1994-12-22,0.02,0.11,-1.05,0.79,3.15,0.13,2.65,21.43,264.76,2.19
1994-12-23,0.07,0.00,0.49,0.79,3.17,0.00,3.90,22.86,275.26,4.69
1994-12-24,0.14,0.01,4.14,0.94,3.75,0.01,4.96,17.25,304.81,3.75
1994-12-25,2.87,0.36,4.98,1.02,4.07,0.52,4.80,12.88,317.34,5.20
1994-12-26,6.69,0.42,3.25,1.96,7.84,0.59,3.91,18.80,294.02,4.82
1994-12-27,8.93,0.11,2.88,2.02,8.08,0.14,3.56,18.36,291.90,1.59
1994-12-28,11.98,0.00,4.84,9.49,37.90,0.00,5.86,13.96,317.36,4.70
1994-12-29,13.27,0.71,5.16,7.18,28.70,0.98,4.39,22.16,296.89,7.19
1994-12-30,7.01,0.48,4.44,8.61,34.40,0.71,4.52,17.99,303.93,6.97
1994-12-31,0.38,0.41,0.78,4.18,16.70,0.58,3.30,20.29,279.99,5.70
1995-01-01,0.08,0.28,-1.47,1.74,6.97,0.37,2.89,29.00,251.17,6.58
1995-01-02,0.03,0.21,-1.34,1.11,4.42,0.23,2.80,31.39,246.63,4.63
1995-01-03,0.15,0.04,-3.00,0.84,3.37,0.06,2.57,28.15,246.86,2.90
1995-01-04,3.53,0.11,-0.18,0.87,3.46,0.19,3.56,14.18,291.69,5.09
1995-01-05,2.10,0.00,3.08,2.25,9.00,0.00,5.29,17.42,304.28,6.03
1995-01-06,1.46,0.13,3.24,1.75,6.98,0.18,3.86,33.31,267.24,3.18
1995-01-07,1.92,0.28,4.29,1.64,6.57,0.40,4.67,14.84,313.36,4.76
1995-01-08,1.62,0.31,4.07,2.03,8.11,0.43,4.19,25.27,289.51,4.07
1995-01-09,1.53,0.54,5.54,1.95,7.79,0.82,5.05,14.96,320.36,8.90
1995-01-10,8.47,0.57,3.42,3.10,12.40,0.76,3.76,8.72,307.47,4.75
1995-01-11,0.03,0.30,0.10,1.98,7.93,0.33,2.98,39.37,244.81,4.67
1995-01-12,0.92,0.59,1.65,1.11,4.44,0.76,2.96,21.77,283.43,3.97
1995-01-13,0.08,0.00,3.18,1.16,4.65,0.00,5.16,17.58,308.00,4.59
1995-01-14,0.82,0.33,6.72,1.17,4.66,0.48,5.55,22.18,315.37,5.71
1995-01-15,0.49,0.68,3.67,0.97,3.88,0.82,3.85,16.90,307.77,5.29
1995-01-16,4.60,0.22,5.10,1.10,4.41,0.38,5.29,17.07,318.72,8.27
1995-01-17,5.48,0.93,2.99,1.77,7.08,1.22,3.46,17.17,303.87,6.81
1995-01-18,1.12,0.50,1.77,2.23,8.90,0.78,3.67,31.06,276.58,8.37
1995-01-19,12.26,0.54,1.50,4.31,17.20,0.79,3.50,21.86,291.26,6.58
1995-01-20,7.46,0.32,1.39,3.38,13.50,0.47,3.62,27.31,283.11,5.06
1995-01-21,18.83,0.58,1.76,8.36,33.40,0.86,3.57,10.67,300.04,7.51
1995-01-22,2.38,0.75,2.01,4.96,19.80,1.07,3.48,32.64,277.66,8.68
1995-01-23,0.57,0.50,2.29,3.18,12.70,0.79,3.92,29.79,286.67,8.95
1995-01-24,0.11,0.51,3.02,2.13,8.52,0.65,3.92,25.87,296.41,5.49
1995-01-25,5.30,0.03,-0.17,1.52,6.06,0.04,3.39,11.60,291.73,1.78
1995-01-26,0.67,0.26,-0.05,1.41,5.63,0.38,3.29,41.15,261.54,5.24
1995-01-27,11.02,0.48,-0.44,1.09,4.37,0.65,2.72,12.10,286.71,4.06
1995-01-28,1.53,0.00,0.57,6.58,26.30,0.00,4.39,25.28,293.27,2.72
1995-01-29,1.08,0.13,2.34,4.20,16.80,0.20,4.34,24.85,301.21,4.49
1995-01-30,23.31,0.66,1.24,2.95,11.80,0.82,2.42,48.13,253.84,3.41
1995-01-31,10.29,0.00,1.93,24.73,98.80,0.02,6.10,21.49,307.69,7.68
1995-02-01,0.31,0.72,5.29,5.48,21.90,0.95,4.46,46.34,290.73,6.22
1995-02-02,5.71,0.77,3.10,2.41,9.64,0.96,3.23,43.95,279.65,4.16
1995-02-03,0.07,0.00,4.49,4.28,17.10,0.00,5.42,48.49,292.19,7.91
1995-02-04,0.00,0.71,6.31,2.33,9.30,0.71,4.64,52.26,292.24,4.75
1995-02-05,0.17,0.59,6.59,1.60,6.38,0.76,5.23,28.64,322.12,5.48
1995-02-06,1.15,0.92,8.04,1.40,5.61,1.22,5.60,43.29,314.38,8.43
1995-02-07,0.04,0.59,4.49,1.20,4.81,0.64,4.17,34.95,304.68,4.01
1995-02-08,0.01,0.43,-0.53,0.94,3.76,0.45,2.81,43.07,271.26,3.38
1995-02-09,2.09,0.31,-1.77,0.79,3.17,0.42,2.70,44.42,265.93,3.02
1995-02-10,3.11,0.05,-0.70,1.26,5.02,0.09,3.53,16.47,290.45,4.70
1995-02-11,17.29,0.33,3.63,8.06,32.20,0.48,4.57,28.98,311.47,5.03
1995-02-12,10.01,1.31,5.56,7.98,31.90,1.65,4.18,43.95,304.11,9.25
1995-02-13,5.79,0.49,4.89,4.93,19.70,0.67,4.77,36.70,311.45,5.06
1995-02-14,10.87,0.98,5.00,4.73,18.90,1.26,4.21,57.58,291.60,6.87
1995-02-15,5.61,1.40,5.00,5.33,21.30,1.76,3.91,65.16,284.29,9.73
1995-02-16,1.48,0.92,4.10,3.90,15.60,1.19,3.97,59.42,287.66,6.64
1995-02-17,0.70,0.73,3.60,2.27,9.06,0.95,3.92,61.56,284.90,5.07
1995-02-18,15.04,0.80,3.40,5.28,21.10,1.06,3.88,74.28,274.78,6.07
1995-02-19,5.16,1.15,4.05,5.48,21.90,1.45,3.69,75.55,275.90,6.98
1995-02-20,13.15,0.85,3.34,7.41,29.60,1.09,3.71,56.27,290.02,5.42
1995-02-21,17.93,1.02,2.85,5.46,21.80,1.32,3.51,86.48,264.93,6.98
1995-02-22,13.38,0.28,3.26,19.92,79.60,0.48,4.68,39.64,308.15,8.20
1995-02-23,0.80,0.88,3.05,4.66,18.60,1.15,3.78,88.24,268.69,6.65
1995-02-24,0.20,0.39,1.58,2.58,10.30,0.46,3.55,71.33,275.58,1.86
1995-02-25,0.01,0.57,1.65,1.76,7.04,0.58,3.52,88.85,264.64,3.26
1995-02-26,0.90,0.75,0.85,1.29,5.15,0.91,2.93,117.93,239.41,3.10
1995-02-27,1.26,0.85,4.52,1.39,5.54,1.15,4.41,52.67,306.20,7.77
1995-02-28,6.69,1.02,6.43,2.11,8.44,1.34,5.03,52.32,317.01,8.98
1995-03-01,1.55,0.60,2.09,2.80,11.20,0.77,3.76,79.64,279.02,3.80
1995-03-02,1.50,0.79,0.52,1.55,6.21,0.98,2.98,101.12,256.64,3.82
1995-03-03,0.46,0.61,-1.42,1.22,4.87,0.70,2.71,120.54,238.86,2.40
1995-03-04,7.78,0.62,-1.21,1.00,4.01,0.82,2.87,92.60,257.52,4.28
1995-03-05,0.85,0.49,1.12,2.55,10.20,0.69,3.82,83.69,277.30,5.36
1995-03-06,0.88,1.30,1.69,1.54,6.17,1.58,2.92,115.25,256.13,6.37
1995-03-07,2.01,0.60,0.53,1.11,4.44,0.83,3.55,101.56,265.82,5.55
1995-03-08,1.03,0.63,0.35,1.00,3.99,0.79,3.30,92.76,269.25,3.46
1995-03-09,3.51,0.90,2.58,1.10,4.41,1.12,3.74,119.55,265.97,4.41
1995-03-10,1.54,1.47,5.32,2.25,9.00,1.73,3.99,78.58,300.07,7.45
1995-03-11,0.11,0.61,6.46,2.43,9.72,0.71,5.51,64.36,318.72,3.75
1995-03-12,0.00,0.97,3.78,1.21,4.83,0.97,3.77,108.22,279.06,3.04
1995-03-13,1.27,0.85,6.57,0.89,3.56,1.01,5.18,83.38,309.70,3.53
1995-03-14,1.23,0.75,5.11,0.90,3.58,0.94,4.86,80.56,305.03,4.40
1995-03-15,1.09,1.23,1.52,0.93,3.70,1.53,3.12,127.54,260.62,6.45
1995-03-16,7.16,1.14,2.53,0.84,3.34,1.46,3.53,91.98,284.86,7.37
1995-03-17,3.82,1.19,2.84,2.88,11.50,1.53,3.72,112.16,278.21,8.79
1995-03-18,3.12,1.27,3.17,1.77,7.09,1.56,3.66,121.94,275.22,6.62
1995-03-19,0.00,1.36,2.16,1.30,5.20,1.36,3.17,142.55,259.97,5.48
1995-03-20,0.00,1.58,2.64,0.88,3.52,1.58,2.99,144.50,260.08,5.50
1995-03-21,0.00,0.81,2.38,0.64,2.57,0.81,3.40,74.59,294.83,2.54
1995-03-22,0.00,1.29,4.86,0.59,2.37,1.29,4.19,127.75,284.96,4.86
1995-03-23,0.38,1.74,7.47,0.56,2.25,1.98,4.37,108.75,304.81,5.16
1995-03-24,2.48,1.48,6.03,0.59,2.37,1.80,4.50,96.23,306.31,8.21
1995-03-25,2.79,1.73,4.21,0.71,2.82,2.02,3.23,99.39,291.86,6.24
1995-03-26,6.65,0.85,5.63,0.89,3.55,1.10,5.04,71.14,318.39,6.15
1995-03-27,1.62,1.24,0.43,1.10,4.40,1.52,3.03,165.72,251.56,5.73
1995-03-28,2.92,0.49,0.12,0.96,3.84,0.68,3.60,68.38,293.10,4.73
1995-03-29,1.46,1.29,0.71,0.89,3.57,1.49,3.14,192.64,244.67,3.52
1995-03-30,2.02,0.52,4.03,1.61,6.45,0.71,4.56,39.72,313.08,5.31
1995-03-31,0.05,0.84,8.44,1.46,5.83,0.94,6.60,101.00,324.36,5.73
1995-04-01,0.00,1.43,10.45,0.95,3.78,1.43,6.93,130.30,323.69,6.27
1995-04-02,0.00,2.76,10.24,0.68,2.73,2.76,5.28,204.59,288.76,7.59
1995-04-03,2.50,1.05,7.79,0.61,2.42,1.28,5.78,84.50,327.57,5.39
1995-04-04,0.60,1.42,5.17,0.70,2.78,1.59,3.67,107.33,301.07,3.16
1995-04-05,0.24,0.97,7.30,0.62,2.48,1.17,5.87,102.87,320.07,5.97
1995-04-06,0.00,2.05,9.23,0.57,2.29,2.05,5.32,170.98,301.82,4.33
1995-04-07,0.00,2.09,9.59,0.51,2.03,2.09,5.59,156.90,310.26,6.27
1995-04-08,0.00,1.75,4.51,0.41,1.62,1.75,3.41,187.09,270.29,2.27
1995-04-09,0.65,1.06,5.39,0.39,1.54,1.23,4.51,86.85,315.34,3.31
1995-04-10,0.00,2.03,9.30,0.39,1.54,2.03,5.49,178.90,303.06,3.67
1995-04-11,0.06,1.89,9.00,0.36,1.42,1.96,5.57,161.93,308.74,4.59
1995-04-12,0.00,2.21,6.50,0.33,1.33,2.21,4.36,247.47,265.48,2.20
1995-04-13,0.00,2.32,7.48,0.32,1.26,2.32,4.95,259.12,269.38,1.69
1995-04-14,0.02,1.92,8.33,0.30,1.21,1.95,5.56,196.41,296.82,3.26
1995-04-15,0.00,2.01,7.56,0.29,1.16,2.02,4.79,170.11,299.71,5.24
1995-04-16,0.13,1.70,7.00,0.28,1.13,1.92,4.52,105.51,318.20,5.48
1995-04-17,5.06,1.08,5.76,0.30,1.19,1.32,4.91,88.52,320.16,5.23
1995-04-18,2.36,1.58,2.03,0.36,1.45,1.81,3.41,196.81,266.11,4.14
1995-04-19,0.19,1.79,2.24,0.37,1.46,1.98,3.18,209.30,261.89,3.83
1995-04-20,0.38,1.57,3.44,0.32,1.28,1.78,3.56,155.28,285.57,3.92
1995-04-21,0.63,1.64,3.77,0.30,1.21,1.77,4.04,196.04,277.79,2.34
1995-04-22,12.56,0.89,3.13,0.85,3.40,1.16,4.43,120.27,300.07,6.34
1995-04-23,1.51,1.59,6.60,1.13,4.51,1.83,5.36,184.90,298.51,4.88
1995-04-24,0.61,1.11,6.51,0.60,2.40,1.34,5.29,96.62,323.78,5.24
1995-04-25,0.22,1.50,7.70,0.49,1.95,1.69,5.91,173.40,308.86,7.39
1995-04-26,0.12,1.90,4.83,0.40,1.58,2.04,3.92,168.67,291.30,6.41
1995-04-27,0.02,1.76,3.90,0.35,1.38,1.78,3.42,163.50,286.96,3.45
1995-04-28,0.00,1.87,3.69,0.31,1.25,1.87,3.75,215.86,273.63,2.37
1995-04-29,0.13,1.62,4.81,0.30,1.19,1.77,4.25,167.45,294.60,3.16
1995-04-30,0.00,1.98,9.56,0.29,1.16,1.98,5.83,170.17,318.71,2.79
1995-05-01,0.00,2.35,11.11,0.28,1.10,2.35,6.65,204.32,319.39,3.22
1995-05-02,0.00,2.58,12.87,0.26,1.04,2.58,6.68,187.16,331.56,3.05
1995-05-03,0.00,2.87,13.72,0.25,0.99,2.87,7.63,236.07,325.12,2.06
1995-05-04,0.00,3.46,14.53,0.24,0.94,3.46,7.73,277.52,318.17,2.89
1995-05-05,0.00,3.06,12.59,0.23,0.91,3.06,6.43,252.96,312.79,2.01
1995-05-06,1.04,2.80,10.30,0.22,0.89,2.89,5.68,252.76,301.68,1.67
1995-05-07,0.05,1.85,11.70,0.23,0.91,1.95,7.33,149.11,339.58,4.04
1995-05-08,3.58,2.35,9.37,0.23,0.91,2.59,5.36,169.28,319.99,5.67
1995-05-09,2.43,1.93,6.56,0.25,0.98,2.13,4.48,164.10,307.07,3.94
1995-05-10,0.17,1.65,5.56,0.25,0.98,1.76,4.50,156.29,305.59,3.93
1995-05-11,0.05,1.74,3.71,0.23,0.92,1.81,3.44,164.88,291.23,2.97
1995-05-12,0.58,2.16,3.52,0.22,0.88,2.35,3.72,251.38,270.79,3.42
1995-05-13,0.12,2.44,3.60,0.22,0.86,2.53,3.32,269.64,264.02,3.31
1995-05-14,6.68,1.84,4.37,0.24,0.95,2.02,4.04,193.56,290.60,3.10
1995-05-15,0.05,2.21,4.51,0.27,1.06,2.27,3.76,231.42,280.32,2.71
1995-05-16,2.09,1.63,3.70,0.23,0.93,1.83,4.00,177.32,292.49,3.52
1995-05-17,0.85,1.41,4.13,0.25,1.00,1.58,4.36,152.27,302.03,2.92
1995-05-18,8.34,1.89,4.45,0.30,1.18,2.07,4.36,215.87,288.25,3.14
1995-05-19,0.90,2.58,6.96,0.41,1.63,2.80,4.45,239.68,291.96,4.54
1995-05-20,0.44,2.31,8.16,0.30,1.18,2.51,4.90,189.76,311.31,4.00
1995-05-21,0.02,2.00,8.94,0.26,1.03,2.03,5.58,163.96,323.41,3.33
1995-05-22,2.33,2.21,11.29,0.24,0.95,2.37,5.84,135.32,341.42,3.47
1995-05-23,0.10,2.67,11.76,0.24,0.96,2.74,6.47,207.54,327.47,3.14
1995-05-24,7.43,2.80,10.88,0.24,0.97,2.98,5.81,213.55,320.48,3.92
1995-05-25,1.70,2.97,11.26,0.33,1.30,3.15,6.84,270.53,312.35,3.65
1995-05-26,3.62,2.89,11.41,0.29,1.16,3.04,6.38,237.21,319.28,3.20
1995-05-27,5.69,2.37,12.63,0.34,1.35,2.58,7.21,162.65,344.16,4.95
1995-05-28,2.15,3.23,13.19,0.47,1.86,3.46,7.27,248.95,326.81,5.84
1995-05-29,1.58,2.73,11.72,0.33,1.32,2.96,6.66,211.85,327.98,5.24
1995-05-30,9.39,2.70,11.91,1.13,4.52,2.87,6.79,215.13,328.50,3.43
1995-05-31,0.97,2.01,10.34,0.94,3.75,2.14,6.62,170.99,331.73,2.63
1995-06-01,3.96,2.22,10.77,0.51,2.03,2.37,6.46,179.45,330.67,2.95
1995-06-02,2.71,2.12,10.20,0.48,1.91,2.26,6.34,177.56,328.59,2.76
1995-06-03,2.50,1.35,9.75,0.41,1.65,1.50,7.03,124.76,339.93,3.25
1995-06-04,1.50,1.67,10.50,0.42,1.66,1.84,6.82,134.41,341.02,3.44
1995-06-05,0.32,1.98,9.28,0.40,1.58,2.12,5.48,153.12,328.65,2.54
1995-06-06,2.91,2.01,11.84,0.33,1.30,2.15,6.98,148.13,344.26,2.85
1995-06-07,1.86,3.17,9.68,0.37,1.48,3.39,5.00,249.88,304.42,4.99
1995-06-08,0.39,2.29,8.68,0.35,1.41,2.53,5.17,160.87,323.49,6.47
1995-06-09,0.12,3.38,9.91,0.31,1.22,3.47,5.18,278.66,299.13,5.69
1995-06-10,2.56,1.52,9.58,0.26,1.04,1.67,6.45,124.63,339.04,2.95
1995-06-11,2.13,1.85,9.48,0.28,1.12,2.07,6.12,146.07,333.15,4.83
1995-06-12,0.00,2.94,8.33,0.30,1.21,2.94,4.69,253.01,297.70,4.56
1995-06-13,0.00,2.56,9.52,0.26,1.04,2.56,5.42,203.22,317.78,4.18
1995-06-14,0.00,2.79,11.03,0.22,0.89,2.79,6.36,227.94,321.07,5.39
1995-06-15,0.00,3.05,11.05,0.21,0.82,3.05,6.35,263.04,312.86,4.58
1995-06-16,0.92,2.33,10.20,0.20,0.80,2.51,6.24,196.35,324.91,3.55
1995-06-17,1.39,2.34,12.60,0.20,0.80,2.54,7.85,196.87,338.39,4.80
1995-06-18,0.32,3.58,10.93,0.20,0.80,3.74,5.26,273.17,305.19,4.91
1995-06-19,3.93,2.13,13.90,0.20,0.78,2.33,8.52,157.84,353.34,4.88
1995-06-20,0.08,2.63,15.14,0.23,0.93,2.69,9.06,199.24,350.59,3.51
1995-06-21,0.00,3.71,11.56,0.23,0.91,3.71,5.61,303.73,301.51,3.02
1995-06-22,0.00,4.16,13.12,0.19,0.76,4.16,6.74,347.54,301.71,2.42
1995-06-23,0.10,4.10,12.52,0.17,0.69,4.17,6.81,357.14,297.78,2.76
1995-06-24,0.01,2.51,13.29,0.17,0.68,2.52,8.12,205.73,339.80,4.60
1995-06-25,0.00,2.74,13.42,0.17,0.68,2.74,8.38,237.01,334.04,3.83
1995-06-26,0.00,4.14,14.00,0.16,0.64,4.14,7.62,346.88,308.94,4.12
1995-06-27,0.00,4.90,14.16,0.15,0.61,4.90,5.24,344.80,297.18,3.80
1995-06-28,0.00,4.68,15.76,0.15,0.59,4.68,6.80,340.11,312.50,2.75
1995-06-29,0.00,4.27,15.11,0.14,0.58,4.27,8.15,341.83,316.03,2.21
1995-06-30,0.00,2.71,14.67,0.15,0.58,2.71,8.51,201.11,347.18,3.72
1995-07-01,0.00,2.95,11.78,0.15,0.59,2.95,6.02,218.85,324.07,3.50
1995-07-02,0.03,2.44,12.00,0.15,0.59,2.46,6.48,177.87,336.64,2.69
1995-07-03,0.05,3.02,12.06,0.15,0.60,3.07,5.71,206.57,327.08,3.45
1995-07-04,0.00,3.12,12.64,0.15,0.58,3.12,6.84,242.53,323.94,4.43
1995-07-05,0.30,1.96,12.22,0.15,0.59,2.05,7.35,136.43,348.92,4.65
1995-07-06,5.46,2.55,15.58,0.16,0.65,2.76,9.44,189.14,353.79,5.84
1995-07-07,0.68,2.80,15.81,0.20,0.79,2.98,8.63,176.04,357.07,4.47
1995-07-08,0.02,2.78,13.03,0.18,0.70,2.79,6.76,200.19,335.42,2.88
1995-07-09,0.00,3.64,14.23,0.16,0.62,3.64,7.64,285.73,321.26,4.39
1995-07-10,0.00,3.67,14.18,0.14,0.58,3.67,7.27,275.29,322.12,4.41
1995-07-11,11.61,2.09,15.95,0.30,1.21,2.25,10.00,155.30,362.34,4.03
1995-07-12,0.00,2.68,16.93,0.25,1.00,2.68,10.53,205.60,356.48,1.72
1995-07-13,0.83,3.36,15.53,0.19,0.76,3.46,8.42,255.11,335.57,2.29
1995-07-14,1.83,2.16,15.29,0.17,0.69,2.31,9.37,160.90,357.69,3.36
1995-07-15,3.69,2.41,14.51,0.20,0.79,2.54,8.80,189.54,347.13,2.77
1995-07-16,3.05,2.73,14.39,0.19,0.74,2.87,7.52,185.52,345.49,3.04
1995-07-17,3.30,2.57,14.98,0.18,0.74,2.77,8.99,197.38,347.29,4.83
1995-07-18,0.39,2.40,15.76,0.17,0.69,2.52,9.76,185.94,353.89,4.00
1995-07-19,0.00,2.95,18.00,0.16,0.65,2.95,10.21,187.85,363.94,4.35
1995-07-20,1.12,2.98,18.94,0.15,0.60,3.17,10.38,154.78,375.98,5.26
1995-07-21,0.00,3.50,14.72,0.14,0.58,3.50,7.21,234.56,331.97,4.63
1995-07-22,0.00,3.92,13.19,0.13,0.54,3.92,5.86,271.00,310.17,5.22
1995-07-23,0.41,2.92,14.87,0.13,0.53,3.13,7.92,178.06,348.80,6.06
1995-07-24,0.17,2.45,14.38,0.14,0.56,2.54,7.88,177.36,346.52,2.36
1995-07-25,0.00,4.02,17.11,0.14,0.55,4.02,9.10,297.40,329.82,3.65
1995-07-26,0.00,3.48,16.33,0.13,0.52,3.48,9.06,260.28,335.69,4.18
1995-07-27,0.02,3.09,17.93,0.13,0.51,3.10,10.19,226.08,352.85,1.90
1995-07-28,0.18,2.03,16.88,0.13,0.52,2.09,10.31,146.55,366.24,2.38
1995-07-29,0.00,3.88,18.73,0.13,0.51,3.88,10.29,281.62,342.38,2.50
1995-07-30,0.00,2.89,17.26,0.12,0.48,2.89,10.55,225.36,349.85,2.09
1995-07-31,0.00,2.99,18.24,0.12,0.47,2.99,10.57,214.25,356.37,2.70
1995-08-01,0.18,3.36,19.16,0.12,0.47,3.42,10.74,229.01,356.03,3.23
1995-08-02,0.00,3.78,19.05,0.11,0.45,3.78,10.70,273.22,344.18,2.98
1995-08-03,0.00,3.32,16.58,0.11,0.46,3.32,8.81,236.73,338.03,3.64
1995-08-04,0.00,3.36,14.47,0.12,0.47,3.36,6.93,241.76,321.49,3.56
1995-08-05,0.00,3.13,13.43,0.11,0.46,3.13,7.07,262.12,311.69,2.25
1995-08-06,0.00,2.83,13.68,0.11,0.45,2.83,8.03,244.79,320.83,3.04
1995-08-07,0.00,2.61,13.66,0.11,0.45,2.61,7.01,184.36,334.64,3.12
1995-08-08,0.00,3.15,12.35,0.11,0.46,3.15,6.55,278.89,298.75,2.35
1995-08-09,0.00,3.31,14.09,0.11,0.45,3.31,7.62,284.26,307.60,2.21
1995-08-10,0.00,3.50,15.46,0.11,0.44,3.50,7.92,281.66,313.81,2.45
1995-08-11,0.00,3.57,17.86,0.11,0.42,3.57,9.01,243.81,337.68,3.43
1995-08-12,2.37,2.09,18.39,0.11,0.45,2.24,10.94,127.93,374.27,3.94
1995-08-13,0.07,2.96,15.22,0.12,0.47,3.02,7.99,213.91,331.99,3.78
1995-08-14,0.00,2.95,16.01,0.11,0.46,2.95,8.18,198.61,339.93,3.65
1995-08-15,0.00,2.95,16.96,0.11,0.45,2.95,9.49,221.12,340.03,3.18
1995-08-16,0.00,3.35,17.80,0.11,0.44,3.35,9.47,256.76,332.16,2.22
1995-08-17,0.00,2.66,16.96,0.11,0.42,2.66,9.62,209.56,342.60,1.85
1995-08-18,0.17,2.72,18.03,0.11,0.42,2.77,9.80,189.97,352.66,2.61
1995-08-19,0.00,2.43,18.60,0.10,0.42,2.43,10.40,168.81,361.72,2.24
1995-08-20,0.00,2.94,18.70,0.11,0.43,2.94,10.28,222.58,345.85,1.82
1995-08-21,0.00,3.37,19.29,0.10,0.41,3.37,10.03,241.29,341.08,2.49
1995-08-22,0.24,2.71,18.66,0.10,0.40,2.78,9.67,180.67,355.87,2.42
1995-08-23,0.02,3.06,15.71,0.10,0.40,3.08,7.78,221.75,324.22,3.40
1995-08-24,1.04,2.08,14.37,0.10,0.41,2.28,7.74,108.02,356.70,4.92
1995-08-25,1.48,3.20,15.84,0.11,0.44,3.43,7.39,146.31,348.94,6.46
1995-08-26,3.04,1.42,12.39,0.12,0.47,1.54,7.20,99.42,349.13,2.41
1995-08-27,0.64,2.84,12.25,0.12,0.49,3.07,5.88,178.02,316.35,5.78
1995-08-28,0.64,2.49,10.83,0.11,0.45,2.66,5.10,166.70,311.03,4.10
1995-08-29,0.43,1.25,12.22,0.11,0.44,1.34,7.35,90.48,350.50,2.23
1995-08-30,0.00,1.27,13.59,0.11,0.45,1.27,8.55,102.73,352.99,2.31
1995-08-31,0.04,1.53,14.51,0.11,0.45,1.56,8.53,119.52,351.21,1.96
1995-09-01,0.90,1.19,13.73,0.11,0.45,1.26,8.14,89.77,357.11,1.57
1995-09-02,1.81,1.09,12.05,0.12,0.46,1.22,7.86,88.19,349.24,2.95
1995-09-03,4.24,1.11,12.21,0.13,0.50,1.26,8.35,109.00,342.67,3.50
1995-09-04,15.58,1.51,11.86,0.14,0.57,1.67,7.05,114.04,337.16,3.31
1995-09-05,4.39,0.56,10.90,0.26,1.02,0.67,7.32,43.01,347.77,2.94
1995-09-06,7.91,1.01,12.33,0.24,0.97,1.10,7.97,85.05,350.21,2.02
1995-09-07,37.94,0.79,12.46,0.64,2.55,0.95,8.67,75.21,353.87,4.05
1995-09-08,11.34,0.64,13.21,3.90,15.60,0.73,9.52,72.45,357.42,2.43
1995-09-09,2.07,1.15,12.88,1.25,4.99,1.25,8.13,99.00,346.29,2.14
1995-09-10,2.44,1.40,12.57,0.69,2.76,1.48,7.96,139.00,328.76,1.70
1995-09-11,1.21,0.89,12.32,0.46,1.82,1.01,8.20,72.13,353.12,3.28
1995-09-12,0.28,1.38,12.33,0.37,1.48,1.45,7.75,134.94,327.44,2.12
1995-09-13,0.05,1.43,11.49,0.28,1.13,1.44,7.58,158.76,313.38,1.63
1995-09-14,0.00,1.16,11.01,0.23,0.93,1.16,7.57,129.79,322.37,2.40
1995-09-15,0.00,1.40,11.87,0.21,0.83,1.40,6.87,106.67,333.29,2.98
1995-09-16,0.12,1.12,11.20,0.19,0.76,1.15,7.01,102.68,331.85,2.18
1995-09-17,0.14,1.03,12.42,0.18,0.71,1.10,8.09,91.92,342.77,3.21
1995-09-18,0.35,1.26,12.76,0.17,0.68,1.40,8.09,118.17,332.44,3.32
1995-09-19,0.09,1.00,12.35,0.16,0.65,1.05,8.01,91.78,341.29,2.86
1995-09-20,0.00,1.47,11.37,0.16,0.62,1.47,6.62,152.98,304.83,2.15
1995-09-21,0.00,1.06,11.40,0.15,0.60,1.06,7.46,110.31,326.70,2.59
1995-09-22,0.00,1.19,12.61,0.15,0.59,1.19,7.80,98.81,336.99,3.56
1995-09-23,12.11,1.41,11.13,0.16,0.62,1.66,6.96,112.94,321.42,6.36
1995-09-24,2.68,1.71,10.65,0.27,1.08,1.94,5.98,117.28,313.17,5.37
1995-09-25,5.69,1.00,9.84,0.25,0.99,1.26,6.73,75.03,332.75,6.87
1995-09-26,2.49,1.72,10.59,0.46,1.83,1.92,5.66,120.82,307.66,4.48
1995-09-27,0.06,1.81,7.67,0.30,1.18,1.96,4.52,129.83,285.41,6.35
1995-09-28,0.00,1.32,5.88,0.23,0.92,1.32,4.28,130.35,276.66,4.47
1995-09-29,0.00,1.08,7.46,0.20,0.78,1.08,5.05,124.48,288.32,2.65
1995-09-30,4.17,0.86,8.22,0.18,0.72,1.00,5.64,72.41,321.63,3.14
1995-10-01,2.06,0.85,10.29,0.20,0.82,1.09,7.34,112.19,311.56,6.62
1995-10-02,10.05,1.16,11.60,0.22,0.89,1.40,7.31,78.15,334.46,6.33
1995-10-03,14.71,0.84,12.29,1.31,5.23,1.00,7.92,61.23,347.19,4.14
1995-10-04,4.69,1.20,12.57,1.27,5.08,1.44,7.95,101.95,324.56,6.73
1995-10-05,12.30,1.64,11.12,0.93,3.71,1.89,6.25,118.27,301.85,6.12
1995-10-06,5.91,1.11,11.84,3.48,13.90,1.37,7.44,50.68,349.26,7.30
1995-10-07,1.66,1.09,12.90,1.67,6.68,1.23,7.28,67.95,342.27,3.26
1995-10-08,0.01,2.15,15.27,0.96,3.85,2.18,7.83,113.21,322.67,6.78
1995-10-09,0.46,1.37,15.22,0.59,2.36,1.50,8.77,94.75,336.08,4.86
1995-10-10,0.03,0.90,10.68,0.45,1.79,0.95,6.92,109.57,302.38,3.76
1995-10-11,1.41,0.78,10.12,0.37,1.46,0.91,6.47,54.36,334.69,3.42
1995-10-12,6.94,0.46,12.31,0.35,1.38,0.57,8.55,50.65,348.16,3.86
1995-10-13,0.05,0.46,12.20,0.93,3.72,0.49,8.13,47.48,349.02,2.21
1995-10-14,0.06,0.41,11.95,0.52,2.06,0.44,8.25,60.68,338.58,2.13
1995-10-15,0.45,0.51,12.55,0.40,1.59,0.61,8.62,69.32,335.07,3.88
1995-10-16,2.27,0.86,12.04,0.34,1.36,1.03,7.47,48.29,345.32,4.59
1995-10-17,0.87,0.94,13.78,0.32,1.27,1.17,8.76,67.05,340.20,6.94
1995-10-18,0.27,1.20,9.15,0.30,1.20,1.43,5.48,60.57,317.24,5.57
1995-10-19,3.16,0.87,11.37,0.28,1.10,1.06,7.14,43.43,343.55,5.13
1995-10-20,0.02,0.77,8.26,0.33,1.32,0.80,5.26,84.86,290.61,3.20
1995-10-21,0.76,0.76,5.60,0.30,1.18,0.87,4.07,71.11,285.15,3.15
1995-10-22,7.13,0.07,8.03,0.42,1.69,0.15,6.94,37.24,331.33,5.43
1995-10-23,0.01,0.57,11.72,1.22,4.87,0.59,7.80,39.09,346.38,4.80
1995-10-24,2.22,1.07,12.23,0.55,2.19,1.34,7.56,46.00,341.85,7.86
1995-10-25,0.95,1.59,8.96,0.41,1.62,1.84,4.97,77.21,290.71,7.54
1995-10-26,1.72,0.51,9.77,0.33,1.33,0.70,7.01,33.41,339.84,6.45
1995-10-27,0.06,0.85,7.70,0.33,1.31,0.97,5.02,82.14,279.21,4.67
1995-10-28,0.00,0.39,6.73,0.30,1.18,0.39,4.87,64.99,290.03,2.17
1995-10-29,0.02,0.25,4.83,0.27,1.06,0.27,4.39,54.33,290.06,1.68
1995-10-30,0.54,0.32,7.31,0.25,0.99,0.38,5.61,30.70,326.96,2.34
1995-10-31,4.07,0.00,9.34,0.26,1.02,0.04,7.62,28.80,339.29,3.14
1995-11-01,0.03,0.33,8.56,0.33,1.33,0.35,6.13,40.67,321.29,2.76
1995-11-02,0.03,0.55,6.69,0.29,1.16,0.58,4.31,69.30,273.96,2.85
1995-11-03,0.23,0.35,4.60,0.26,1.03,0.42,4.42,45.01,293.15,2.96
1995-11-04,0.01,0.16,3.05,0.24,0.95,0.17,3.60,62.22,262.69,1.56
1995-11-05,0.02,0.35,3.09,0.22,0.90,0.37,3.75,35.93,292.60,2.56
1995-11-06,0.66,0.34,4.52,0.22,0.89,0.42,4.14,37.20,297.43,2.39
1995-11-07,0.12,0.00,7.53,0.23,0.90,0.00,7.02,35.72,318.99,2.72
1995-11-08,4.43,0.22,9.79,0.23,0.92,0.28,7.14,25.23,339.90,3.34
1995-11-09,0.19,0.10,4.47,0.30,1.18,0.11,4.41,40.46,291.54,1.48
1995-11-10,3.24,0.04,3.59,0.29,1.14,0.06,4.75,12.82,311.90,3.15
1995-11-11,13.98,0.07,6.68,1.06,4.23,0.12,6.05,12.55,327.66,6.56
1995-11-12,0.06,0.11,8.82,1.74,6.94,0.14,7.04,22.46,336.31,5.85
1995-11-13,0.00,0.02,9.04,0.80,3.20,0.02,6.91,12.61,338.95,1.90
1995-11-14,14.40,0.03,7.64,0.60,2.41,0.04,6.08,26.02,323.89,1.08
1995-11-15,31.46,0.00,6.57,10.71,42.80,0.00,6.21,21.44,325.13,5.33
1995-11-16,11.55,0.47,2.74,8.51,34.00,0.68,3.95,27.37,293.96,6.04
1995-11-17,9.19,0.35,0.43,2.93,11.70,0.51,3.24,43.74,257.59,5.17
1995-11-18,0.16,0.54,1.26,1.85,7.41,0.68,2.93,42.95,257.51,4.25
1995-11-19,0.05,0.10,3.45,3.23,12.90,0.11,4.50,33.86,286.97,3.80
1995-11-20,1.52,0.23,3.84,4.73,18.90,0.31,4.34,19.80,308.46,2.84
1995-11-21,1.79,0.15,5.60,5.18,20.70,0.22,5.46,17.71,321.69,4.64
1995-11-22,0.39,0.36,7.72,2.42,9.68,0.47,5.71,27.82,314.19,4.46
1995-11-23,5.84,0.18,8.16,1.61,6.44,0.31,6.59,21.48,327.39,8.13
1995-11-24,0.47,0.63,9.85,2.33,9.32,0.82,6.53,22.71,331.87,6.30
1995-11-25,4.06,0.37,7.56,1.37,5.48,0.50,5.49,29.61,307.30,4.38
1995-11-26,0.86,0.00,4.53,1.50,5.99,0.00,5.87,18.57,313.98,2.86
1995-11-27,0.54,0.10,5.01,1.21,4.82,0.15,5.28,16.99,316.85,4.82
1995-11-28,1.15,0.04,5.92,0.98,3.93,0.06,5.59,21.02,313.75,3.72
1995-11-29,0.84,0.11,6.93,1.04,4.16,0.16,5.97,17.93,323.67,4.58
1995-11-30,0.00,0.60,6.14,0.88,3.50,0.60,4.94,15.69,321.54,5.77
1995-12-01,0.64,0.38,5.43,0.73,2.93,0.52,4.83,16.63,315.94,4.43
1995-12-02,0.26,0.18,6.29,0.67,2.66,0.26,5.57,14.58,324.98,4.13
1995-12-03,5.94,0.00,7.69,0.82,3.28,0.00,6.78,15.06,331.39,4.94
1995-12-04,1.14,0.27,5.14,1.37,5.49,0.37,4.79,8.20,318.38,3.94
1995-12-05,4.37,0.51,2.12,1.17,4.68,0.70,3.52,15.49,297.93,4.85
1995-12-06,7.02,0.21,1.43,1.48,5.93,0.34,3.87,14.64,298.30,5.31
1995-12-07,0.55,0.00,0.24,1.68,6.72,0.01,3.68,18.53,284.84,2.41
1995-12-08,0.06,0.01,-1.88,1.12,4.47,0.01,3.02,19.46,271.33,1.90
1995-12-09,0.47,0.03,0.08,1.03,4.12,0.04,3.41,19.74,279.38,2.24
1995-12-10,0.00,0.00,2.68,2.50,9.97,0.00,4.56,27.37,279.17,2.24
1995-12-11,0.07,0.01,1.11,1.27,5.09,0.01,3.79,13.32,297.97,0.92
1995-12-12,1.07,0.10,2.24,0.98,3.93,0.14,3.77,17.51,292.99,2.28
1995-12-13,2.36,0.08,2.47,0.92,3.68,0.13,4.36,10.98,306.03,4.68
1995-12-14,2.25,0.31,3.54,1.02,4.08,0.44,4.20,17.50,299.43,4.55
1995-12-15,3.06,0.48,3.30,1.09,4.37,0.66,3.91,14.30,304.13,4.72
1995-12-16,0.06,0.27,3.55,1.30,5.18,0.34,4.32,19.79,294.66,5.26
1995-12-17,0.30,0.38,3.62,0.98,3.90,0.50,3.99,13.48,307.42,3.59
1995-12-18,1.27,0.05,3.02,0.83,3.31,0.06,4.20,15.13,302.13,1.82
1995-12-19,0.00,0.10,1.61,0.82,3.29,0.11,3.82,13.16,299.34,2.62
1995-12-20,0.00,0.18,-2.30,0.68,2.70,0.18,2.42,31.53,238.70,3.63
1995-12-21,13.58,0.17,-1.99,0.58,2.32,0.23,2.58,7.33,280.02,2.59
1995-12-22,16.94,0.00,-0.40,7.21,28.80,0.00,4.45,12.78,294.89,5.62
1995-12-23,0.17,0.38,0.95,3.23,12.90,0.52,3.24,19.19,280.68,4.63
1995-12-24,2.48,0.00,-2.46,1.50,5.98,0.01,2.94,21.88,261.69,2.84
1995-12-25,0.22,0.11,-3.08,1.01,4.02,0.20,2.83,19.32,264.12,6.55
1995-12-26,0.49,0.13,-5.15,0.75,3.01,0.18,2.02,27.58,235.08,3.38
1995-12-27,0.00,0.06,-6.20,0.54,2.17,0.06,1.49,33.80,215.16,1.60
1995-12-28,0.00,0.04,-6.28,0.57,2.26,0.04,1.69,25.45,233.01,1.41
1995-12-29,0.00,0.15,-5.43,0.59,2.35,0.15,1.44,26.16,231.37,1.88
1995-12-30,0.00,0.08,-4.68,0.59,2.36,0.09,2.57,7.63,270.39,7.20
1995-12-31,6.01,0.20,-0.05,0.82,3.29,0.34,3.53,12.39,292.88,6.58
1996-01-01,1.46,0.09,1.87,7.26,29.00,0.14,4.16,13.42,302.85,4.24
1996-01-02,0.12,0.00,2.21,2.70,10.80,0.00,4.42,13.63,304.95,1.93
1996-01-03,0.45,0.12,2.53,1.94,7.77,0.18,4.26,15.71,301.42,4.16
1996-01-04,4.63,0.26,2.76,2.34,9.33,0.40,4.16,8.02,306.56,5.37
1996-01-05,1.60,0.15,4.21,2.90,11.60,0.24,4.88,8.12,314.77,5.88
1996-01-06,6.14,0.28,3.03,2.42,9.67,0.47,4.43,14.19,308.50,7.73
1996-01-07,1.01,0.37,4.37,3.90,15.60,0.57,4.75,14.57,314.57,7.25
1996-01-08,3.88,0.42,6.08,2.63,10.50,0.62,5.21,8.46,323.49,6.60
1996-01-09,0.55,0.45,7.37,2.09,8.37,0.62,5.57,22.32,314.25,5.86
1996-01-10,0.09,0.02,4.62,1.35,5.38,0.02,4.95,23.52,299.94,2.69
1996-01-11,6.04,0.08,4.19,1.49,5.96,0.13,4.92,8.87,314.81,4.68
1996-01-12,5.25,0.35,6.86,1.90,7.58,0.51,5.66,15.65,327.45,5.72
1996-01-13,0.94,0.40,6.98,2.26,9.03,0.57,5.46,25.74,308.67,5.83
1996-01-14,0.00,0.36,6.93,1.43,5.71,0.36,5.48,9.33,327.72,4.80
1996-01-15,0.38,0.09,6.12,1.08,4.33,0.12,5.46,19.21,318.86,2.61
1996-01-16,0.02,0.00,4.93,0.95,3.80,0.00,5.25,9.68,318.73,1.95
1996-01-17,0.00,0.13,5.69,0.85,3.39,0.13,5.40,17.24,321.71,3.34
1996-01-18,0.00,0.23,5.19,0.77,3.08,0.23,4.97,19.47,315.21,3.61
1996-01-19,0.10,0.09,3.50,0.71,2.82,0.12,4.66,10.25,311.25,4.32
1996-01-20,0.75,0.44,2.76,0.68,2.71,0.69,4.14,18.36,305.79,7.68
1996-01-21,0.86,0.52,0.82,0.68,2.71,0.76,3.38,18.57,295.03,6.62
1996-01-22,0.01,0.51,1.74,0.66,2.65,0.54,3.64,19.34,299.19,6.28
1996-01-23,0.00,0.71,1.29,0.63,2.52,0.71,3.29,20.22,294.92,7.10
1996-01-24,0.01,0.81,1.17,0.55,2.21,0.83,3.21,19.86,295.27,8.20
1996-01-25,1.71,0.67,-0.50,0.50,1.99,1.00,2.92,25.31,279.52,8.67
1996-01-26,5.29,0.31,-1.51,0.46,1.83,0.53,3.04,29.27,271.80,7.42
1996-01-27,7.78,0.29,-1.16,0.45,1.80,0.53,3.22,22.61,284.55,8.81
1996-01-28,0.15,0.46,0.12,0.62,2.47,0.62,3.14,36.68,269.47,5.92
1996-01-29,0.00,0.45,-0.37,0.58,2.33,0.45,3.06,22.08,288.64,5.13
1996-01-30,0.01,0.40,0.43,0.59,2.36,0.42,3.31,23.40,291.91,4.67
1996-01-31,0.01,0.30,-0.47,0.61,2.45,0.31,3.10,30.54,278.53,3.87
1996-02-01,0.00,0.23,-0.74,0.60,2.38,0.23,3.10,27.78,282.85,3.02
1996-02-02,3.36,0.26,0.26,0.60,2.41,0.37,3.39,33.09,283.00,3.75
1996-02-03,1.64,0.23,0.49,0.69,2.77,0.32,3.53,37.59,280.56,3.76
1996-02-04,0.00,0.14,-0.64,0.70,2.78,0.14,3.11,49.10,263.18,2.16
1996-02-05,8.35,0.29,-1.67,0.56,2.25,0.47,2.95,14.75,283.67,5.97
1996-02-06,4.26,0.08,-2.56,0.54,2.14,0.13,3.01,15.08,280.80,4.79
1996-02-07,0.32,0.04,-3.37,0.65,2.59,0.06,2.79,36.11,267.41,1.41
1996-02-08,4.67,0.20,-1.22,0.58,2.33,0.29,3.10,60.57,254.66,3.39
1996-02-09,10.46,0.40,0.80,1.22,4.89,0.67,3.67,34.21,290.54,8.60
1996-02-10,6.06,0.41,3.47,8.13,32.50,0.61,4.46,31.80,307.15,6.46
1996-02-11,29.54,0.29,3.54,9.26,37.00,0.40,4.46,40.17,300.35,3.56
1996-02-12,6.43,0.35,2.42,19.52,78.00,0.56,4.23,30.10,304.99,7.12
1996-02-13,2.51,0.54,1.64,7.66,30.60,0.76,3.61,47.61,284.29,5.58
1996-02-14,0.08,0.52,0.07,3.33,13.30,0.61,2.92,49.54,273.62,3.55
1996-02-15,0.44,0.82,5.12,5.38,21.50,1.09,4.53,33.95,315.36,6.99
1996-02-16,0.41,1.22,5.70,8.48,33.90,1.55,4.41,76.56,281.09,9.65
1996-02-17,9.74,0.92,4.01,4.38,17.50,1.21,4.01,59.93,288.19,7.29
1996-02-18,2.54,0.72,2.15,5.18,20.70,1.04,3.75,49.85,289.28,8.74
1996-02-19,1.28,0.73,-0.74,2.22,8.88,1.07,2.91,62.65,265.01,8.82
1996-02-20,1.21,0.76,-0.75,1.43,5.73,1.03,2.74,85.86,247.38,6.05
1996-02-21,4.78,0.31,-1.41,1.21,4.82,0.40,2.95,56.63,269.37,2.54
1996-02-22,0.23,0.46,1.85,1.96,7.83,0.56,3.69,62.96,281.44,3.24
1996-02-23,2.55,0.62,2.93,1.88,7.51,0.84,3.99,40.22,304.47,5.53
1996-02-24,5.47,0.47,3.47,2.88,11.50,0.63,4.37,48.47,302.80,4.41
1996-02-25,0.20,0.52,0.69,2.58,10.30,0.62,3.32,78.18,267.57,3.38
1996-02-26,0.07,0.47,-0.05,1.54,6.17,0.53,3.25,96.39,253.74,2.93
1996-02-27,0.00,0.58,1.88,1.24,4.97,0.59,3.59,99.93,260.86,2.83
1996-02-28,0.02,0.70,1.93,1.04,4.15,0.72,3.38,117.88,249.10,2.71
1996-02-29,0.00,0.76,4.64,0.97,3.87,0.76,4.36,90.17,283.23,3.80
1996-03-01,0.12,0.80,4.47,1.00,4.00,0.90,4.21,76.63,292.60,3.88
1996-03-02,2.16,0.64,5.16,1.24,4.96,0.80,4.69,58.66,309.14,3.56
1996-03-03,0.73,0.64,5.56,2.38,9.52,0.84,5.03,50.07,317.63,5.49
1996-03-04,0.00,0.64,4.33,1.59,6.35,0.65,4.36,56.51,307.14,3.43
1996-03-05,0.01,0.70,4.09,1.01,4.02,0.71,4.04,62.00,302.24,2.85
1996-03-06,0.84,0.73,5.02,0.83,3.31,0.86,4.45,81.91,296.98,2.64
1996-03-07,0.01,0.87,3.69,0.80,3.20,0.89,4.13,112.27,274.79,4.31
1996-03-08,1.84,0.97,1.98,0.69,2.76,1.25,3.38,71.22,287.70,6.17
1996-03-09,0.01,0.78,2.46,0.64,2.56,0.80,3.84,90.24,282.64,4.97
1996-03-10,0.00,0.66,2.78,0.58,2.30,0.66,3.93,72.57,294.22,3.21
1996-03-11,7.30,0.48,2.09,0.71,2.85,0.68,3.88,34.26,302.75,5.40
1996-03-12,1.60,0.43,-0.69,0.99,3.95,0.70,3.22,30.55,288.83,7.81
1996-03-13,1.46,0.66,-1.16,0.84,3.35,0.95,2.95,60.37,282.17,7.17
1996-03-14,0.18,0.81,-0.39,0.75,2.98,1.08,3.02,80.93,276.09,7.07
1996-03-15,0.00,0.58,0.89,0.77,3.09,0.58,3.38,32.13,295.71,5.91
1996-03-16,7.92,0.38,1.14,1.42,5.68,0.58,3.74,32.67,298.44,5.77
1996-03-17,1.04,0.47,1.40,3.03,12.10,0.64,3.94,64.14,297.11,4.38
1996-03-18,1.41,0.52,1.86,3.03,12.10,0.69,3.99,62.13,300.47,4.02
1996-03-19,0.43,0.48,1.72,2.90,11.60,0.58,3.96,60.02,301.14,2.65
1996-03-20,0.05,0.55,1.11,1.88,7.50,0.62,3.66,68.70,294.09,2.84
1996-03-21,0.04,0.54,2.46,1.56,6.23,0.58,4.21,61.69,305.14,4.92
1996-03-22,0.93,0.60,1.62,1.36,5.43,0.77,3.84,69.59,297.41,3.94
1996-03-23,0.04,0.30,2.82,1.20,4.80,0.31,4.42,46.89,307.60,1.25
1996-03-24,0.11,0.71,2.78,1.10,4.39,0.77,4.16,88.56,296.35,3.08
1996-03-25,1.15,0.63,2.14,0.97,3.89,0.82,4.03,75.58,299.12,4.38
1996-03-26,0.25,1.04,1.80,0.93,3.71,1.29,3.32,75.36,294.80,5.81
1996-03-27,0.80,1.34,1.67,0.81,3.24,1.56,2.72,112.64,275.40,3.98
1996-03-28,0.01,1.40,3.34,0.75,2.99,1.43,3.45,111.71,287.42,5.49
1996-03-29,0.12,1.21,1.90,0.61,2.43,1.33,3.32,137.28,272.03,4.10
1996-03-30,0.00,0.96,1.57,0.54,2.17,0.96,3.26,94.57,287.75,3.31
1996-03-31,0.07,1.04,2.39,0.51,2.02,1.11,3.39,113.39,284.81,2.42
1996-04-01,0.07,1.00,1.77,0.48,1.90,1.06,3.39,128.62,278.05,1.69
1996-04-02,0.06,1.13,3.02,0.47,1.87,1.15,3.53,137.80,280.45,1.43
1996-04-03,0.00,1.29,4.68,0.43,1.72,1.29,3.94,125.97,293.70,2.63
1996-04-04,0.00,2.01,4.02,0.41,1.62,2.01,3.17,205.19,257.83,4.07
1996-04-05,0.00,2.20,3.88,0.38,1.53,2.20,3.02,238.78,244.80,3.82
1996-04-06,0.00,1.14,3.34,0.37,1.49,1.14,3.96,131.40,288.81,2.58
1996-04-07,0.00,0.82,4.66,0.37,1.49,0.82,4.60,88.20,311.87,1.32
1996-04-08,0.00,1.23,7.11,0.37,1.48,1.23,5.22,104.78,318.62,3.84
1996-04-09,0.00,1.78,9.94,0.39,1.54,1.79,5.96,160.94,313.57,2.47
1996-04-10,2.09,0.84,7.38,0.39,1.56,0.93,5.85,80.30,330.09,1.92
1996-04-11,0.92,0.84,5.04,0.41,1.64,1.02,5.03,94.23,314.18,3.72
1996-04-12,0.06,0.93,1.83,0.42,1.69,1.06,3.41,47.23,299.49,7.51
1996-04-13,0.00,1.46,2.77,0.37,1.46,1.46,3.12,105.82,293.68,4.79
1996-04-14,1.49,0.79,4.01,0.34,1.36,0.99,4.14,53.06,311.47,4.39
1996-04-15,0.22,1.34,9.02,0.35,1.39,1.49,5.96,100.98,332.39,3.93
1996-04-16,7.91,1.32,10.60,0.39,1.56,1.52,6.82,92.06,343.84,4.53
1996-04-17,2.05,1.55,8.15,0.79,3.14,1.76,5.53,129.08,319.57,4.65
1996-04-18,2.45,1.64,6.72,0.78,3.10,1.93,4.92,140.59,308.60,6.76
1996-04-19,0.41,2.58,8.40,0.61,2.43,2.85,4.90,227.25,287.86,6.27
1996-04-20,0.86,1.28,8.36,0.46,1.83,1.43,5.73,104.63,329.53,3.00
1996-04-21,4.01,1.14,8.04,0.55,2.20,1.28,6.07,108.77,327.94,2.85
1996-04-22,13.61,2.71,8.98,0.64,2.56,2.95,4.81,218.85,294.02,5.30
1996-04-23,1.56,1.14,6.64,3.10,12.40,1.31,5.26,101.93,322.70,3.32
1996-04-24,3.73,1.89,7.97,1.57,6.28,2.15,5.23,152.70,313.46,6.19
1996-04-25,1.58,2.07,8.81,1.17,4.66,2.33,5.44,161.72,315.23,6.18
1996-04-26,1.66,1.95,10.47,0.92,3.67,2.18,6.39,148.28,329.18,5.46
1996-04-27,0.70,2.51,8.44,0.81,3.22,2.74,4.79,206.45,298.59,4.96
1996-04-28,0.25,1.84,5.55,0.62,2.47,1.98,4.13,172.65,295.12,3.31
1996-04-29,5.60,1.51,5.75,0.64,2.55,1.72,4.63,141.28,307.53,3.91
1996-04-30,34.43,1.20,4.54,2.83,11.30,1.42,4.50,117.89,309.05,4.50
1996-05-01,6.78,0.78,4.00,17.82,71.20,1.06,4.44,61.64,312.56,6.94
1996-05-02,0.41,2.04,3.85,3.13,12.50,2.36,3.68,212.41,278.10,7.44
1996-05-03,0.10,2.42,3.52,1.63,6.50,2.58,3.25,258.75,262.05,5.84
1996-05-04,0.00,1.89,3.76,1.07,4.26,1.90,3.39,185.29,283.93,3.20
1996-05-05,0.27,2.26,5.29,0.81,3.24,2.38,4.11,239.92,279.53,3.06
1996-05-06,1.61,1.66,5.99,0.85,3.39,1.81,4.82,167.78,304.80,2.69
1996-05-07,0.00,1.65,5.42,0.72,2.88,1.65,4.46,163.26,302.56,2.97
1996-05-08,0.04,2.07,5.29,0.60,2.40,2.13,4.22,214.55,288.03,3.26
1996-05-09,0.01,2.66,4.61,0.52,2.07,2.68,3.56,282.01,264.43,5.82
1996-05-10,4.13,2.20,4.67,0.47,1.87,2.46,3.85,223.50,282.11,5.36
1996-05-11,3.34,0.69,4.80,0.67,2.66,0.85,4.71,60.37,316.73,3.75
1996-05-12,0.32,0.80,5.99,0.88,3.50,0.90,5.16,75.89,322.92,2.18
1996-05-13,0.00,3.01,8.46,0.64,2.55,3.01,4.88,286.83,285.77,2.40
1996-05-14,0.00,2.93,9.02,0.49,1.95,2.93,4.91,267.04,293.29,1.98
1996-05-15,0.01,1.98,6.03,0.42,1.66,2.01,4.18,170.82,303.64,3.62
1996-05-16,0.69,1.97,4.45,0.38,1.53,2.15,3.64,187.00,291.04,3.13
1996-05-17,0.35,2.11,4.06,0.37,1.49,2.32,3.84,230.55,280.43,3.93
1996-05-18,2.24,1.83,4.42,0.37,1.47,2.03,4.11,191.79,292.88,3.80
1996-05-19,1.61,1.32,6.21,0.39,1.56,1.56,5.16,125.46,319.91,5.13
1996-05-20,0.70,2.75,7.65,0.38,1.53,2.96,4.68,252.05,293.12,5.38
1996-05-21,0.64,2.92,8.34,0.34,1.36,3.13,4.75,257.75,294.75,4.38
1996-05-22,11.53,1.38,8.00,0.67,2.68,1.58,5.91,123.31,330.14,4.23
1996-05-23,1.07,3.00,9.94,0.88,3.51,3.23,5.64,259.43,304.98,5.23
1996-05-24,0.22,3.11,9.58,0.54,2.16,3.17,5.40,278.09,298.26,3.82
1996-05-25,0.40,2.72,9.71,0.40,1.61,2.91,5.44,218.26,313.73,4.56
1996-05-26,9.23,1.69,8.57,0.45,1.81,1.87,6.02,153.67,326.36,3.57
1996-05-27,0.07,2.95,8.87,0.75,3.00,3.08,5.17,265.76,298.38,4.29
1996-05-28,4.46,1.47,8.98,0.54,2.17,1.67,6.18,118.25,336.67,4.27
1996-05-29,2.39,2.62,12.62,0.80,3.18,2.79,6.72,177.61,340.11,3.91
1996-05-30,2.32,1.99,12.51,0.66,2.64,2.17,7.44,138.31,349.86,4.09
1996-05-31,0.18,4.22,10.76,0.56,2.22,4.38,5.04,323.10,290.92,10.49
1996-06-01,4.68,3.06,9.39,0.43,1.73,3.32,5.07,245.56,304.06,6.21
1996-06-02,0.01,2.90,9.44,0.65,2.58,2.91,5.29,252.19,303.79,3.03
1996-06-03,1.91,2.15,9.22,0.43,1.70,2.37,5.81,179.05,322.97,4.88
1996-06-04,0.66,4.09,12.37,0.38,1.53,4.30,5.91,320.00,300.32,5.45
1996-06-05,0.12,2.80,12.92,0.33,1.31,2.93,6.85,181.97,340.72,5.32
1996-06-06,1.84,3.57,13.69,0.29,1.17,3.70,6.84,274.33,321.20,2.62
1996-06-07,0.80,3.10,13.99,0.31,1.23,3.20,7.33,228.38,335.35,2.74
1996-06-08,0.00,4.44,12.71,0.28,1.10,4.44,5.57,344.43,293.88,4.20
1996-06-09,0.69,3.15,12.24,0.24,0.95,3.34,5.70,202.76,329.70,4.18
1996-06-10,0.22,2.82,13.51,0.23,0.93,3.02,7.43,197.46,341.13,4.98
1996-06-11,2.07,1.84,12.47,0.24,0.94,2.05,7.75,134.86,351.16,4.86
1996-06-12,0.04,3.89,10.81,0.24,0.96,3.98,5.31,321.68,292.48,5.67
1996-06-13,0.00,3.29,10.94,0.22,0.86,3.29,5.70,276.02,306.48,2.58
1996-06-14,0.00,4.15,13.06,0.20,0.82,4.15,6.34,340.33,301.07,2.29
1996-06-15,0.00,4.43,13.71,0.19,0.78,4.43,6.78,364.64,299.57,2.19
1996-06-16,0.00,4.20,15.47,0.19,0.74,4.20,7.56,313.11,322.06,2.77
1996-06-17,0.00,4.14,14.23,0.18,0.72,4.14,6.32,283.97,319.57,4.32
1996-06-18,0.00,2.25,10.72,0.18,0.71,2.25,5.85,156.70,335.59,3.20
1996-06-19,0.00,2.62,10.32,0.18,0.72,2.62,5.55,203.04,321.66,3.03
1996-06-20,0.00,2.52,8.83,0.18,0.72,2.52,4.72,193.43,314.84,3.22
1996-06-21,0.00,2.63,8.54,0.18,0.71,2.63,4.58,201.34,311.03,3.80
1996-06-22,0.00,2.79,10.16,0.18,0.70,2.79,5.31,220.55,315.77,2.81
1996-06-23,0.00,3.45,11.24,0.17,0.67,3.45,5.98,295.50,304.22,2.36
1996-06-24,0.00,3.95,13.41,0.17,0.66,3.95,6.94,322.24,309.70,2.71
1996-06-25,2.30,3.37,13.85,0.16,0.65,3.52,7.63,265.37,327.44,3.44
1996-06-26,0.06,2.13,12.89,0.17,0.68,2.21,7.77,162.45,347.04,3.04
1996-06-27,1.12,2.41,12.69,0.17,0.68,2.52,6.49,163.77,343.86,2.38
1996-06-28,1.31,2.01,12.80,0.17,0.68,2.20,7.66,140.20,351.48,4.42
1996-06-29,0.00,2.57,11.38,0.17,0.69,2.58,6.16,152.04,340.11,6.96
1996-06-30,0.99,2.44,11.72,0.17,0.66,2.64,6.56,170.43,337.93,4.57
1996-07-01,10.64,1.93,10.39,0.20,0.80,2.09,6.48,154.35,335.46,3.15
1996-07-02,6.44,2.45,11.15,0.24,0.96,2.62,6.27,186.71,330.22,3.43
1996-07-03,13.49,2.08,11.43,0.28,1.11,2.28,7.12,169.20,337.40,4.49
1996-07-04,6.36,2.51,10.96,0.85,3.41,2.71,6.43,201.98,325.90,4.61
1996-07-05,1.88,2.82,11.47,0.53,2.12,3.04,6.20,207.53,325.78,5.12
1996-07-06,0.69,2.64,11.26,0.31,1.25,2.84,5.86,176.80,331.60,4.44
1996-07-07,0.16,2.46,11.16,0.25,1.01,2.57,6.27,188.52,329.26,3.47
1996-07-08,0.40,2.60,11.24,0.21,0.85,2.76,6.13,200.34,326.06,3.17
1996-07-09,0.00,2.32,13.36,0.20,0.79,2.32,7.83,170.17,346.11,4.01
1996-07-10,0.00,2.83,15.03,0.18,0.73,2.83,8.69,208.58,345.48,4.84
1996-07-11,5.92,2.45,15.06,0.18,0.72,2.64,8.70,163.24,356.07,4.89
1996-07-12,0.10,2.39,13.90,0.22,0.88,2.47,8.36,187.76,344.61,2.81
1996-07-13,0.08,3.20,15.22,0.20,0.80,3.33,8.50,232.70,339.71,5.73
1996-07-14,0.00,4.10,13.55,0.18,0.71,4.10,6.42,316.10,304.06,4.34
1996-07-15,0.00,3.52,11.66,0.16,0.63,3.52,5.75,286.48,301.87,3.55
1996-07-16,0.00,3.46,11.91,0.15,0.61,3.46,6.33,297.27,302.43,2.71
1996-07-17,0.00,3.96,13.54,0.15,0.59,3.96,6.76,329.34,301.23,2.23
1996-07-18,0.00,3.06,14.01,0.15,0.59,3.06,7.52,239.66,329.31,2.25
1996-07-19,0.00,2.85,15.62,0.15,0.59,2.85,8.01,202.74,346.53,1.92
1996-07-20,0.00,4.40,17.33,0.14,0.58,4.40,7.57,305.93,323.62,2.66
1996-07-21,0.06,3.41,17.12,0.14,0.56,3.44,8.06,215.89,349.12,2.81
1996-07-22,0.76,2.71,17.40,0.14,0.56,2.82,9.29,172.30,363.46,2.68
1996-07-23,2.66,2.17,15.20,0.15,0.59,2.30,9.32,166.34,354.41,2.95
1996-07-24,0.00,2.50,12.41,0.15,0.59,2.50,7.02,184.84,334.15,4.85
1996-07-25,0.75,2.93,14.54,0.14,0.56,3.10,7.86,213.91,337.11,3.65
1996-07-26,0.02,2.56,15.12,0.14,0.56,2.57,8.22,166.31,352.46,3.82
1996-07-27,0.00,2.20,13.06,0.13,0.54,2.20,6.61,133.33,349.46,2.95
1996-07-28,4.68,2.19,13.58,0.14,0.54,2.28,7.42,161.40,345.23,1.93
1996-07-29,0.37,1.92,13.91,0.15,0.60,2.01,8.76,156.33,349.29,2.44
1996-07-30,0.21,1.93,13.74,0.15,0.61,2.10,8.23,134.98,353.31,4.28
1996-07-31,0.36,2.78,12.79,0.14,0.57,2.93,6.60,175.98,335.13,5.52
1996-08-01,0.41,2.68,12.66,0.14,0.54,2.85,6.76,187.40,330.75,4.94
1996-08-02,0.06,2.52,12.52,0.13,0.54,2.57,6.93,192.29,328.94,3.83
1996-08-03,0.01,2.58,13.64,0.13,0.52,2.59,7.12,176.02,338.46,3.56
1996-08-04,0.00,3.42,14.07,0.13,0.51,3.42,7.05,270.36,311.39,3.25
1996-08-05,0.01,3.24,16.20,0.12,0.50,3.26,7.87,180.98,348.95,5.08
1996-08-06,4.16,1.51,14.03,0.13,0.52,1.65,8.72,107.18,360.30,3.24
1996-08-07,0.67,1.49,13.45,0.14,0.56,1.65,8.79,124.00,352.90,3.56
1996-08-08,2.44,1.56,13.96,0.15,0.60,1.69,8.28,103.83,360.56,2.77
1996-08-09,2.84,2.47,14.80,0.15,0.59,2.62,8.42,184.41,341.47,3.56
1996-08-10,10.45,2.09,14.21,0.21,0.84,2.24,8.80,174.40,342.01,3.24
1996-08-11,0.06,2.23,13.75,0.22,0.88,2.28,8.44,193.03,333.93,1.83
1996-08-12,0.07,3.03,14.62,0.16,0.65,3.09,8.20,257.33,317.51,2.38
1996-08-13,0.00,2.09,13.67,0.15,0.58,2.09,8.25,170.86,338.62,3.40
1996-08-14,0.00,2.54,13.90,0.14,0.55,2.54,7.79,207.85,327.00,2.60
1996-08-15,0.00,2.70,15.02,0.13,0.54,2.70,8.23,218.24,329.03,2.21
1996-08-16,0.00,2.53,16.14,0.13,0.52,2.53,8.67,180.96,345.58,2.72
1996-08-17,0.00,2.41,15.76,0.13,0.52,2.41,8.53,180.00,343.43,2.22
1996-08-18,0.04,3.84,18.85,0.12,0.48,3.89,8.73,237.05,337.48,3.88
1996-08-19,0.15,2.58,18.08,0.12,0.48,2.68,9.19,159.89,360.15,2.68
1996-08-20,21.57,1.69,16.13,0.14,0.55,1.81,9.98,126.55,361.13,3.00
1996-08-21,1.13,1.73,14.42,0.57,2.27,1.82,9.22,152.02,345.32,1.99
1996-08-22,9.41,2.27,14.47,0.29,1.15,2.43,7.93,161.44,340.07,3.58
1996-08-23,3.99,2.13,13.87,0.41,1.65,2.28,8.28,180.96,331.61,3.19
1996-08-24,1.05,1.33,12.21,0.28,1.11,1.44,7.94,115.44,344.08,2.34
1996-08-25,0.78,1.75,12.66,0.20,0.80,1.89,7.57,142.08,336.54,2.91
1996-08-26,5.98,1.74,12.25,0.19,0.78,1.85,7.69,159.06,328.97,2.60
1996-08-27,8.11,1.31,12.50,0.34,1.36,1.47,8.15,112.12,345.49,3.51
1996-08-28,1.45,1.50,12.58,0.49,1.97,1.64,8.02,131.14,339.11,3.26
1996-08-29,0.04,2.19,12.31,0.26,1.03,2.26,6.92,164.34,323.48,5.04
1996-08-30,0.00,1.84,11.59,0.19,0.76,1.84,6.44,125.37,332.79,3.86
1996-08-31,0.00,2.13,11.69,0.17,0.67,2.13,5.97,151.30,321.27,3.49
1996-09-01,7.04,1.47,12.22,0.17,0.67,1.65,7.28,97.42,346.28,3.93
1996-09-02,0.22,1.42,16.39,0.21,0.84,1.52,10.31,109.93,362.18,3.04
1996-09-03,0.26,0.83,14.49,0.20,0.78,0.90,9.87,76.90,363.18,2.02
1996-09-04,0.29,1.51,12.85,0.18,0.70,1.65,7.98,132.68,335.56,2.92
1996-09-05,0.04,1.21,11.91,0.16,0.65,1.24,7.26,87.03,347.11,2.72
1996-09-06,0.00,1.36,10.87,0.16,0.62,1.36,6.50,122.10,326.88,1.78
1996-09-07,0.01,1.62,10.97,0.15,0.59,1.62,6.16,147.77,314.97,1.97
1996-09-08,0.00,1.71,11.52,0.14,0.56,1.71,6.82,148.62,318.27,3.52
1996-09-09,0.00,1.46,10.89,0.14,0.55,1.46,6.46,100.93,333.77,3.93
1996-09-10,0.06,1.68,11.94,0.13,0.54,1.76,6.61,119.81,329.87,3.49
1996-09-11,0.08,1.30,11.87,0.14,0.54,1.39,7.14,81.04,346.52,4.04
1996-09-12,0.01,2.23,10.23,0.13,0.52,2.25,5.22,134.65,309.87,5.84
1996-09-13,0.00,2.03,9.31,0.13,0.50,2.03,4.97,171.36,287.32,4.10
1996-09-14,0.00,1.22,10.25,0.12,0.49,1.22,6.16,119.12,319.08,1.66
1996-09-15,0.00,1.50,11.70,0.12,0.49,1.50,6.85,159.92,307.97,1.47
1996-09-16,0.00,1.80,12.00,0.12,0.48,1.80,6.54,176.32,299.01,2.46
1996-09-17,0.00,1.91,11.95,0.12,0.48,1.91,6.60,143.24,313.45,5.04
1996-09-18,0.01,1.94,11.49,0.12,0.48,1.96,6.20,126.68,317.20,5.51
1996-09-19,0.00,1.73,10.60,0.12,0.48,1.73,6.23,138.43,307.36,5.65
1996-09-20,0.06,1.86,11.38,0.12,0.48,1.98,6.27,105.52,325.70,6.32
1996-09-21,0.13,1.34,11.01,0.12,0.48,1.54,6.60,78.88,337.53,5.11
1996-09-22,0.00,1.10,9.57,0.12,0.48,1.10,5.70,78.23,328.98,2.73
1996-09-23,0.00,1.28,10.07,0.12,0.48,1.28,5.32,85.39,325.41,2.60
1996-09-24,1.73,1.30,10.78,0.12,0.48,1.48,6.25,68.61,339.27,4.30
1996-09-25,0.00,1.40,12.27,0.12,0.50,1.40,7.15,108.49,326.10,4.06
1996-09-26,2.88,1.19,11.90,0.13,0.51,1.42,7.41,74.40,341.83,5.94
1996-09-27,1.68,1.96,11.26,0.13,0.53,2.19,5.91,136.36,300.20,5.66
1996-09-28,14.65,1.41,11.13,0.14,0.56,1.66,6.56,67.86,339.38,6.25
1996-09-29,0.41,1.10,11.64,0.32,1.29,1.33,7.26,58.20,347.31,5.77
1996-09-30,0.86,1.38,9.45,0.22,0.88,1.61,5.75,98.25,311.37,5.47
1996-10-01,0.20,0.96,8.36,0.17,0.69,1.05,5.51,113.05,295.79,2.48
1996-10-02,0.92,0.94,8.76,0.15,0.61,1.07,5.73,108.56,299.67,2.59
1996-10-03,12.97,0.99,10.20,0.30,1.21,1.26,6.77,53.16,340.82,7.24
1996-10-04,0.38,1.24,7.65,0.45,1.79,1.49,5.16,80.91,308.20,6.69
1996-10-05,3.59,1.31,8.20,0.23,0.93,1.52,4.98,98.19,297.17,4.68
1996-10-06,0.45,0.90,11.47,0.20,0.81,1.09,7.38,56.89,343.07,5.13
1996-10-07,0.68,0.73,11.49,0.20,0.81,0.89,7.68,62.27,339.43,4.54
1996-10-08,0.02,0.72,7.66,0.19,0.75,0.75,5.60,94.35,297.34,2.88
1996-10-09,0.00,0.96,8.76,0.17,0.69,0.96,5.55,68.25,317.82,3.79
1996-10-10,0.00,0.64,7.17,0.16,0.63,0.64,5.02,66.45,309.97,2.10
1996-10-11,2.95,1.17,9.60,0.15,0.59,1.41,5.97,45.09,337.35,6.32
1996-10-12,0.35,0.79,11.36,0.17,0.67,0.90,7.37,46.54,345.42,5.08
1996-10-13,0.02,0.97,12.31,0.21,0.86,1.02,7.55,85.54,321.78,4.54
1996-10-14,4.06,0.76,12.18,0.18,0.70,0.92,7.73,43.56,350.28,4.37
1996-10-15,1.40,0.79,8.82,0.18,0.71,0.99,6.08,67.28,314.73,5.14
1996-10-16,5.13,0.82,6.73,0.23,0.92,1.07,5.21,54.42,312.56,6.58
1996-10-17,4.96,0.62,7.11,0.33,1.32,0.73,5.16,83.36,290.15,2.83
1996-10-18,4.21,0.92,9.45,0.30,1.18,1.14,6.15,64.35,316.59,5.67
1996-10-19,0.45,1.16,9.19,0.43,1.72,1.40,5.64,82.57,297.54,6.07
1996-10-20,2.21,0.35,11.04,0.30,1.19,0.45,7.82,34.74,347.92,3.66
1996-10-21,0.26,0.78,9.00,0.33,1.30,0.92,5.72,78.20,298.14,3.82
1996-10-22,0.05,0.37,9.37,0.25,1.01,0.41,6.69,36.73,336.82,2.67
1996-10-23,0.00,1.14,12.73,0.22,0.87,1.15,7.05,58.12,332.24,4.70
1996-10-24,3.38,0.79,11.99,0.20,0.79,0.95,7.41,39.17,345.88,4.57
1996-10-25,7.61,0.99,10.70,0.23,0.91,1.22,6.58,61.02,317.89,6.13
1996-10-26,5.07,0.77,7.77,0.41,1.62,0.99,5.50,52.60,309.62,5.73
1996-10-27,8.85,0.97,10.08,0.87,3.48,1.24,6.49,49.72,323.56,7.78
1996-10-28,12.90,0.47,9.26,2.19,8.76,0.65,6.74,37.50,331.41,5.94
1996-10-29,0.10,1.14,5.29,1.73,6.91,1.31,3.86,74.61,266.83,6.36
1996-10-30,0.41,0.67,7.45,0.64,2.57,0.85,5.43,30.88,326.28,5.07
1996-10-31,1.80,0.69,9.94,0.52,2.06,0.91,6.71,32.25,337.30,6.38
1996-11-01,1.87,1.05,9.97,0.52,2.06,1.31,6.16,36.15,331.20,6.91
1996-11-02,3.32,1.20,12.92,0.46,1.84,1.48,7.66,49.49,331.33,8.37
1996-11-03,7.67,1.36,11.22,0.62,2.49,1.67,6.57,45.00,325.40,9.17
1996-11-04,4.51,0.67,8.50,1.36,5.42,0.87,5.76,53.72,300.98,5.50
1996-11-05,17.99,0.77,5.86,2.24,8.93,1.03,4.69,52.97,286.26,7.04
1996-11-06,4.53,1.25,6.91,3.60,14.40,1.60,4.79,45.01,298.68,10.51
1996-11-07,0.02,0.28,1.99,1.29,5.17,0.30,3.59,46.68,272.02,3.07
1996-11-08,5.11,0.43,2.79,0.99,3.95,0.60,3.94,39.06,284.84,5.07
1996-11-09,0.13,0.36,2.88,1.02,4.07,0.47,3.73,54.48,263.66,3.78
1996-11-10,0.29,0.02,-0.23,0.69,2.77,0.03,3.48,41.85,266.60,1.76
1996-11-11,25.99,0.34,2.03,4.91,19.60,0.52,3.93,30.02,290.93,5.86
1996-11-12,1.68,0.80,3.74,4.05,16.20,1.08,3.83,37.97,284.78,6.90
1996-11-13,1.91,0.19,2.01,1.54,6.15,0.24,3.63,35.27,280.27,2.52
1996-11-14,0.01,0.05,6.13,1.16,4.65,0.05,5.51,28.82,311.73,2.02
1996-11-15,0.01,0.00,7.73,0.89,3.57,0.00,6.33,11.28,332.61,1.48
1996-11-16,3.80,0.21,8.18,0.76,3.05,0.28,6.38,19.38,334.09,3.86
1996-11-17,0.03,0.41,3.09,0.83,3.31,0.44,3.91,27.75,292.85,4.30
1996-11-18,0.02,0.03,-2.12,0.67,2.68,0.04,2.77,52.55,232.18,2.27
1996-11-19,17.31,0.28,-0.95,0.86,3.43,0.44,3.13,10.39,287.42,5.92
1996-11-20,1.92,0.38,0.30,1.91,7.63,0.58,3.34,22.83,284.85,5.93
1996-11-21,0.97,0.17,-0.32,1.04,4.14,0.25,3.15,33.83,263.60,3.64
1996-11-22,0.00,0.13,-0.07,1.05,4.21,0.13,3.36,27.74,274.46,3.58
1996-11-23,0.08,0.14,-0.66,0.83,3.30,0.17,3.18,35.36,258.51,4.29
1996-11-24,12.90,0.09,-0.61,0.75,3.00,0.13,3.44,16.30,290.24,3.66
1996-11-25,9.29,0.35,2.66,6.81,27.20,0.54,4.13,18.44,301.68,6.30
1996-11-26,0.06,0.10,0.48,3.63,14.50,0.12,3.32,30.95,267.47,2.88
1996-11-27,0.11,0.01,-0.53,1.62,6.49,0.01,3.30,27.06,269.80,1.67
1996-11-28,3.56,0.05,-0.56,1.17,4.69,0.07,3.30,27.35,268.35,3.20
1996-11-29,0.11,0.29,2.56,1.71,6.85,0.39,3.89,30.54,276.15,5.10
1996-11-30,1.00,0.32,3.76,2.53,10.10,0.44,4.20,24.89,291.43,4.45
1996-12-01,3.41,0.48,4.82,3.48,13.90,0.69,4.51,24.21,296.91,6.14
1996-12-02,3.19,0.90,3.79,2.22,8.87,1.22,3.74,30.52,276.27,8.58
1996-12-03,27.98,0.29,1.82,5.68,22.70,0.46,3.92,8.20,301.86,6.56
1996-12-04,0.81,0.45,2.56,6.08,24.30,0.68,3.94,16.47,299.55,6.79
1996-12-05,0.01,0.02,0.56,2.63,10.50,0.02,3.44,25.31,271.80,1.98
1996-12-06,0.00,0.00,-2.13,1.36,5.43,0.00,3.00,20.97,267.81,1.08
1996-12-07,0.27,0.13,0.25,1.10,4.40,0.19,3.54,14.75,291.39,3.83
1996-12-08,0.25,0.06,4.25,3.85,15.40,0.09,4.93,14.41,312.79,3.48
1996-12-09,0.29,0.01,3.98,2.16,8.63,0.01,4.87,14.06,311.97,1.94
1996-12-10,0.05,0.02,3.11,1.36,5.44,0.02,4.53,14.09,307.16,2.11
1996-12-11,0.21,0.06,3.10,1.09,4.37,0.08,4.22,13.07,307.96,1.68
1996-12-12,1.16,0.14,1.85,0.93,3.72,0.19,3.82,14.41,298.21,2.84
1996-12-13,0.74,0.02,-0.99,0.87,3.49,0.04,3.10,33.31,245.85,3.51
1996-12-14,0.76,0.51,3.04,0.97,3.87,0.75,4.01,13.62,305.08,6.61
1996-12-15,0.92,0.25,5.01,1.13,4.50,0.34,4.70,18.30,305.03,3.95
1996-12-16,0.50,0.02,3.94,1.01,4.03,0.02,4.77,13.84,310.78,2.02
1996-12-17,1.94,0.00,1.10,0.95,3.79,0.00,3.87,25.48,271.94,1.69
1996-12-18,26.30,0.00,3.93,5.51,22.00,0.00,4.99,7.33,313.96,3.33
1996-12-19,2.34,0.67,2.55,9.31,37.20,0.95,3.68,7.33,303.65,7.55
1996-12-20,0.04,1.08,1.94,2.60,10.40,1.18,3.04,12.68,297.58,8.14
1996-12-21,0.00,0.67,0.73,1.43,5.71,0.67,2.82,18.59,278.19,5.26
1996-12-22,0.51,0.17,-0.04,1.06,4.24,0.23,3.05,22.67,268.53,3.24
1996-12-23,0.67,0.19,0.50,0.97,3.89,0.26,3.43,14.09,291.31,3.52
1996-12-24,0.61,0.19,-0.20,0.84,3.36,0.26,3.05,15.55,283.47,2.82
1996-12-25,0.66,0.01,-0.29,0.76,3.05,0.01,3.41,16.76,282.80,1.67
1996-12-26,1.24,0.15,-1.26,0.67,2.69,0.24,3.10,9.28,285.98,4.13
1996-12-27,5.73,0.03,0.71,0.67,2.69,0.05,3.61,31.89,257.66,4.06
1996-12-28,0.74,0.00,0.92,1.34,5.36,0.00,3.93,16.49,291.06,2.46
1996-12-29,6.23,0.08,0.46,1.20,4.80,0.12,3.71,14.13,293.54,3.77
1996-12-30,6.55,0.36,0.93,2.55,10.20,0.55,3.49,17.19,287.98,5.97
1996-12-31,2.56,0.24,-1.00,1.38,5.51,0.39,3.15,17.46,278.91,5.94
1997-01-01,0.17,0.27,-1.32,1.02,4.08,0.37,2.86,15.40,279.81,4.05
1997-01-02,2.55,0.01,-0.73,0.89,3.57,0.02,3.42,14.65,287.28,2.29
1997-01-03,0.83,0.20,-0.61,0.84,3.34,0.30,3.14,19.36,276.39,4.23
1997-01-04,0.58,0.26,-0.44,0.76,3.02,0.39,3.23,14.28,288.75,4.83
1997-01-05,1.99,0.11,-0.30,0.71,2.85,0.16,3.25,17.42,283.19,2.91
1997-01-06,0.87,0.02,0.07,0.90,3.59,0.03,3.59,15.98,289.84,2.29
1997-01-07,0.10,0.02,-1.54,0.90,3.58,0.03,3.05,16.26,280.83,1.61
1997-01-08,0.40,0.06,-1.13,0.78,3.13,0.08,3.13,15.86,284.06,2.14
1997-01-09,0.11,0.05,0.11,0.74,2.94,0.07,3.50,18.20,286.50,2.60
1997-01-10,0.17,0.06,-0.73,0.70,2.79,0.08,3.23,17.27,284.30,2.22
1997-01-11,2.14,0.08,0.42,1.72,6.89,0.13,3.75,15.38,295.45,4.08
1997-01-12,0.87,0.54,8.12,7.03,28.10,0.75,5.98,18.34,328.23,7.11
1997-01-13,0.16,0.66,8.19,2.73,10.90,0.82,5.77,22.86,319.92,7.13
1997-01-14,0.04,0.58,6.09,1.52,6.08,0.65,4.51,32.62,289.15,4.95
1997-01-15,0.04,0.00,4.38,1.05,4.18,0.00,4.89,28.76,293.00,1.95
1997-01-16,0.05,0.03,1.10,0.87,3.49,0.03,3.92,21.99,289.60,3.06
1997-01-17,0.11,0.10,2.75,0.78,3.13,0.13,4.43,17.13,307.19,3.78
1997-01-18,0.02,0.11,3.84,0.72,2.89,0.11,4.59,19.49,308.48,2.51
1997-01-19,1.10,0.12,2.45,0.65,2.61,0.18,4.26,18.01,304.98,3.37
1997-01-20,0.00,0.02,0.50,0.64,2.56,0.02,3.48,38.91,260.82,2.15
1997-01-21,0.08,0.03,-0.78,0.54,2.16,0.04,3.19,43.33,249.45,2.66
1997-01-22,0.26,0.03,-1.58,0.53,2.11,0.04,3.08,26.47,272.64,1.83
1997-01-23,0.29,0.02,-0.36,0.49,1.95,0.02,3.46,20.82,288.69,1.04
1997-01-24,1.32,0.17,3.36,0.52,2.07,0.24,4.50,22.41,305.65,3.63
1997-01-25,0.39,0.01,2.82,0.59,2.37,0.01,4.38,32.11,289.24,1.34
1997-01-26,0.33,0.07,3.12,0.55,2.19,0.10,4.14,39.28,279.63,2.16
1997-01-27,0.12,0.16,3.48,0.52,2.09,0.20,4.39,26.46,301.91,2.65
1997-01-28,0.02,0.04,1.56,0.47,1.88,0.04,3.70,50.83,258.55,1.79
1997-01-29,0.02,0.03,1.19,0.43,1.72,0.04,3.71,28.58,288.84,0.98
1997-01-30,0.00,0.04,1.35,0.42,1.68,0.04,3.58,39.48,274.88,1.18
1997-01-31,0.30,0.11,1.33,0.42,1.66,0.15,3.79,28.38,291.74,2.18
1997-02-01,0.90,0.25,1.70,0.45,1.79,0.37,3.82,14.45,300.98,4.40
1997-02-02,0.02,0.45,2.56,0.46,1.82,0.47,3.72,64.03,259.19,4.67
1997-02-03,19.16,0.54,2.72,0.93,3.71,0.80,4.01,27.99,301.58,7.27
1997-02-04,3.16,0.22,3.59,5.33,21.30,0.30,4.54,27.91,307.90,3.23
1997-02-05,0.29,0.19,1.08,1.97,7.89,0.26,3.66,51.33,271.06,3.01
1997-02-06,2.99,0.91,6.75,1.55,6.21,1.22,5.12,31.10,320.54,8.76
1997-02-07,0.02,0.88,4.20,1.76,7.05,0.92,3.89,72.60,263.72,6.50
1997-02-08,2.25,0.88,3.92,1.02,4.07,1.17,3.95,35.44,301.71,7.19
1997-02-09,11.75,0.88,6.25,1.00,4.01,1.13,4.72,53.30,297.09,6.40
1997-02-10,5.35,1.03,4.94,6.48,25.90,1.39,4.35,53.49,291.52,10.39
1997-02-11,5.17,0.57,3.82,2.58,10.30,0.79,4.24,52.38,289.09,5.56
1997-02-12,10.82,0.26,5.80,7.66,30.60,0.37,5.48,32.37,320.39,4.21
1997-02-13,0.02,0.96,3.93,3.45,13.80,1.00,3.93,52.47,289.81,7.83
1997-02-14,0.01,0.62,1.79,1.51,6.04,0.64,3.43,84.54,252.97,4.74
1997-02-15,1.79,0.68,2.88,1.06,4.25,0.86,3.57,86.78,256.79,4.15
1997-02-16,10.73,0.83,4.28,2.03,8.12,1.15,4.32,40.17,306.48,8.66
1997-02-17,23.85,0.76,6.43,14.24,56.90,1.06,5.23,30.70,325.01,8.70
1997-02-18,2.13,0.80,2.52,6.76,27.00,1.11,3.72,70.06,274.25,7.78
1997-02-19,23.44,0.78,3.54,14.49,57.90,1.12,4.19,35.89,308.55,9.80
1997-02-20,17.94,1.00,4.97,13.59,54.30,1.33,4.42,54.42,301.10,9.19
1997-02-21,0.05,1.37,5.95,7.06,28.20,1.48,4.32,87.03,279.65,8.91
1997-02-22,6.82,1.40,8.50,2.60,10.40,1.73,5.45,56.76,318.77,9.84
1997-02-23,3.48,1.30,7.25,4.00,16.00,1.61,4.88,77.63,296.88,7.92
1997-02-24,8.98,1.17,3.97,3.45,13.80,1.51,3.88,73.19,284.39,9.05
1997-02-25,2.26,1.19,4.41,4.63,18.50,1.50,3.93,91.19,274.45,7.66
1997-02-26,3.85,0.43,2.38,3.10,12.40,0.55,3.96,48.21,298.37,3.11
1997-02-27,7.69,0.79,4.76,3.23,12.90,1.06,4.51,40.81,315.71,6.79
1997-02-28,1.97,1.46,6.75,4.51,18.00,1.79,4.62,99.43,284.37,8.66
1997-03-01,16.45,1.24,6.74,5.13,20.50,1.61,4.99,49.01,321.24,11.16
1997-03-02,0.63,1.63,5.12,7.63,30.50,2.00,3.97,116.49,268.50,10.71
1997-03-03,0.01,0.92,3.56,2.29,9.15,0.94,3.90,95.36,277.27,5.03
1997-03-04,0.00,0.76,3.03,1.48,5.90,0.76,3.79,93.23,277.16,3.28
1997-03-05,3.65,0.92,5.33,1.45,5.79,1.16,4.55,65.94,306.25,5.57
1997-03-06,0.17,1.26,3.44,1.32,5.29,1.43,3.36,112.34,266.56,5.06
1997-03-07,0.49,0.95,7.24,1.03,4.12,1.20,5.41,59.65,321.85,6.90
1997-03-08,0.02,1.08,4.08,0.89,3.56,1.11,3.78,150.85,252.57,2.81
1997-03-09,0.10,0.79,4.43,0.77,3.06,0.86,4.33,105.64,283.07,2.60
1997-03-10,0.02,0.69,5.62,0.71,2.84,0.72,4.96,85.83,301.70,2.56
1997-03-11,0.00,0.85,5.85,0.63,2.53,0.86,4.79,110.80,289.52,2.15
1997-03-12,0.16,0.89,6.78,0.60,2.40,1.06,5.22,84.35,309.47,4.00
1997-03-13,1.30,1.02,7.91,0.60,2.41,1.26,5.59,67.75,324.38,5.62
1997-03-14,1.14,1.25,9.05,0.63,2.51,1.47,5.90,102.00,313.21,5.11
1997-03-15,1.80,0.64,7.91,0.62,2.46,0.82,6.26,69.33,326.20,4.78
1997-03-16,0.04,0.99,8.68,0.67,2.68,1.05,6.11,82.35,323.51,5.29
1997-03-17,2.14,0.74,8.23,0.60,2.41,0.87,6.03,64.03,330.70,3.10
1997-03-18,2.14,1.19,7.10,0.70,2.80,1.45,5.27,107.13,304.31,6.14
1997-03-19,0.30,1.38,6.11,0.73,2.90,1.61,4.53,119.98,292.14,5.59
1997-03-20,0.01,1.29,4.77,0.56,2.22,1.31,4.05,119.75,285.78,4.74
1997-03-21,0.03,1.11,3.19,0.47,1.87,1.15,3.52,130.38,273.17,2.61
1997-03-22,3.51,1.16,5.94,0.47,1.86,1.38,4.55,85.42,309.76,4.72
1997-03-23,3.87,0.89,6.15,0.56,2.25,1.05,5.12,91.04,310.83,3.29
1997-03-24,1.45,0.87,5.94,0.92,3.67,1.01,5.00,89.30,310.91,2.83
1997-03-25,1.25,1.06,7.49,0.80,3.18,1.29,5.45,73.27,325.95,5.41
1997-03-26,1.16,1.96,8.19,0.90,3.61,2.29,4.96,112.75,310.66,9.12
1997-03-27,2.23,1.51,5.82,0.88,3.52,1.82,4.37,97.05,306.38,7.75
1997-03-28,0.01,2.11,4.94,0.84,3.34,2.13,3.59,185.79,261.99,7.84
1997-03-29,0.01,1.87,6.79,0.53,2.10,1.89,4.31,149.36,288.91,5.53
1997-03-30,0.01,1.77,6.43,0.43,1.73,1.78,4.24,145.07,289.89,5.12
1997-03-31,0.58,1.93,6.90,0.39,1.55,1.99,4.42,170.78,282.90,5.32
1997-04-01,0.00,1.91,8.44,0.36,1.45,1.91,4.99,135.45,307.27,5.76
1997-04-02,1.29,1.76,8.29,0.34,1.37,2.02,5.08,118.72,314.22,5.90
1997-04-03,0.60,2.10,4.93,0.34,1.34,2.41,3.68,190.31,268.16,7.34
1997-04-04,1.64,1.09,3.56,0.33,1.30,1.31,3.95,97.51,300.00,4.59
1997-04-05,1.79,1.72,8.96,0.36,1.44,2.02,5.69,113.78,322.55,8.12
1997-04-06,0.04,0.87,6.02,0.36,1.43,0.92,5.10,84.22,319.66,2.38
1997-04-07,0.14,1.05,8.81,0.34,1.35,1.09,5.88,78.64,335.75,2.68
1997-04-08,0.00,1.85,8.91,0.32,1.26,1.85,4.83,134.46,313.25,3.32
1997-04-09,0.37,1.96,7.76,0.29,1.16,1.99,4.64,190.02,288.65,2.48
1997-04-10,0.00,2.33,8.42,0.28,1.10,2.33,5.01,225.44,281.27,4.22
1997-04-11,0.01,1.84,5.87,0.26,1.04,1.85,4.20,162.40,290.74,5.26
1997-04-12,0.02,1.85,5.19,0.26,1.02,1.87,4.04,207.62,272.81,2.33
1997-04-13,0.00,1.43,7.65,0.25,1.01,1.43,5.25,122.57,316.60,3.46
1997-04-14,0.03,1.39,8.70,0.25,1.01,1.44,5.73,108.45,327.39,3.63
1997-04-15,0.02,2.24,6.32,0.25,0.98,2.27,4.23,245.48,267.40,2.35
1997-04-16,0.00,1.33,6.92,0.24,0.95,1.33,4.73,121.85,313.32,1.72
1997-04-17,0.01,0.51,7.35,0.24,0.95,0.52,5.40,49.28,329.39,1.32
1997-04-18,0.05,1.18,7.05,0.24,0.95,1.24,5.25,102.90,322.37,2.79
1997-04-19,0.04,1.58,3.83,0.23,0.92,1.66,3.45,122.85,296.10,4.58
1997-04-20,0.95,1.99,4.22,0.23,0.90,2.17,3.22,192.35,274.46,3.15
1997-04-21,0.99,1.52,4.10,0.23,0.91,1.73,3.85,146.94,292.63,3.79
1997-04-22,0.23,1.34,3.97,0.25,1.00,1.49,3.70,125.82,298.19,2.49
1997-04-23,1.48,2.06,6.88,0.22,0.89,2.34,4.44,152.97,305.01,6.61
1997-04-24,0.01,1.97,8.01,0.23,0.92,2.01,4.97,124.48,320.82,7.34
1997-04-25,0.00,1.56,4.83,0.22,0.87,1.57,4.14,137.09,301.37,5.12
1997-04-26,0.26,0.73,5.49,0.21,0.85,0.89,4.91,53.67,320.18,4.97
1997-04-27,2.02,1.44,8.83,0.22,0.89,1.56,6.20,134.38,325.82,2.21
1997-04-28,2.09,1.86,10.39,0.26,1.05,2.10,6.65,156.59,327.50,5.95
1997-04-29,0.04,2.29,9.82,0.25,0.99,2.37,5.69,167.70,319.56,6.29
1997-04-30,0.14,2.40,10.91,0.22,0.87,2.45,6.18,195.83,317.88,3.63
1997-05-01,0.00,3.55,13.80,0.20,0.79,3.55,6.45,250.49,315.88,4.41
1997-05-02,0.00,3.23,12.63,0.19,0.75,3.23,6.60,269.13,307.68,2.96
1997-05-03,9.79,1.42,9.45,0.19,0.76,1.59,6.62,129.67,332.55,3.62
1997-05-04,23.85,1.53,9.84,1.44,5.77,1.77,6.87,148.93,330.06,5.60
1997-05-05,3.07,1.03,3.95,3.15,12.60,1.31,4.52,114.01,308.86,6.47
1997-05-06,4.71,2.13,2.07,1.05,4.19,2.40,3.06,251.25,259.10,5.16
1997-05-07,7.52,1.49,3.11,1.18,4.72,1.71,3.92,170.18,289.34,4.00
1997-05-08,2.44,1.56,3.94,2.01,8.05,1.73,4.39,185.52,291.13,2.99
1997-05-09,0.82,2.23,5.08,1.00,4.00,2.35,4.25,245.23,279.61,2.03
1997-05-10,4.23,1.36,5.69,0.68,2.71,1.57,5.03,143.99,311.18,4.24
1997-05-11,6.01,1.71,6.45,1.12,4.46,1.96,5.25,190.71,303.69,5.09
1997-05-12,2.03,2.10,7.91,1.11,4.42,2.39,5.16,170.23,314.32,7.31
1997-05-13,2.01,2.28,8.73,0.94,3.77,2.55,5.51,197.40,312.24,6.41
1997-05-14,0.00,2.93,9.72,0.67,2.66,2.93,5.37,249.65,302.29,4.30
1997-05-15,0.00,2.97,10.10,0.45,1.80,2.97,5.61,261.43,302.13,2.94
1997-05-16,4.29,1.80,9.07,0.38,1.50,1.98,6.03,155.06,326.37,3.89
1997-05-17,2.84,1.11,9.32,0.61,2.42,1.29,7.01,112.02,339.11,3.90
1997-05-18,1.25,1.23,9.91,0.74,2.96,1.36,7.44,124.03,339.53,2.85
1997-05-19,5.16,1.26,9.51,0.62,2.47,1.42,7.12,127.96,336.80,3.35
1997-05-20,1.94,1.32,8.91,0.93,3.70,1.51,6.73,137.36,331.80,4.18
1997-05-21,0.66,1.40,6.66,0.78,3.12,1.64,5.15,117.56,323.75,5.19
1997-05-22,0.70,1.98,5.89,0.54,2.16,2.16,4.35,185.34,301.65,3.28
1997-05-23,0.11,2.71,5.94,0.42,1.67,2.79,4.24,283.77,277.63,3.53
1997-05-24,0.00,3.00,7.00,0.35,1.40,3.00,4.60,307.31,277.84,3.01
1997-05-25,1.27,3.10,9.84,0.31,1.22,3.25,5.42,272.07,300.77,2.97
1997-05-26,0.07,2.83,11.56,0.29,1.16,2.89,6.79,240.65,320.46,4.37
1997-05-27,0.00,2.33,9.91,0.27,1.09,2.33,6.28,208.04,320.12,2.90
1997-05-28,0.00,3.32,10.65,0.25,1.00,3.32,6.15,299.47,301.27,2.55
1997-05-29,0.00,4.14,13.17,0.23,0.93,4.14,7.37,355.41,302.77,2.12
1997-05-30,0.00,3.94,14.28,0.22,0.87,3.94,7.31,311.10,316.94,2.27
1997-05-31,0.00,2.64,11.21,0.21,0.82,2.64,6.99,235.33,321.84,3.35
1997-06-01,0.00,3.67,10.80,0.19,0.78,3.68,5.95,337.34,290.20,4.80
1997-06-02,0.10,2.69,9.56,0.19,0.77,2.81,5.97,256.69,305.98,5.99
1997-06-03,0.00,3.22,10.56,0.19,0.77,3.23,6.20,298.73,300.60,4.34
1997-06-04,0.00,3.19,11.37,0.18,0.73,3.19,6.38,275.07,310.12,2.54
1997-06-05,3.63,2.74,12.99,0.18,0.72,2.90,6.94,195.01,337.93,3.43
1997-06-06,2.31,2.49,14.37,0.20,0.80,2.69,8.51,181.26,349.87,5.21
1997-06-07,11.10,3.02,15.35,0.23,0.92,3.24,8.67,208.86,348.36,6.03
1997-06-08,1.24,3.49,14.12,0.33,1.31,3.71,7.63,263.12,328.47,5.70
1997-06-09,0.98,3.31,11.72,0.24,0.97,3.37,6.33,275.62,311.72,3.27
1997-06-10,2.62,3.07,14.05,0.20,0.80,3.23,7.66,227.95,336.72,3.52
1997-06-11,30.20,1.38,11.15,2.75,11.00,1.56,7.64,117.92,348.57,4.18
1997-06-12,2.50,1.42,11.79,2.60,10.40,1.57,8.15,126.28,349.88,3.18
1997-06-13,9.68,1.64,12.00,1.58,6.30,1.79,7.86,133.63,349.32,3.23
1997-06-14,0.05,1.52,8.63,1.79,7.17,1.61,5.96,124.57,334.22,3.69
1997-06-15,0.12,1.70,8.79,0.80,3.20,1.80,5.87,144.51,330.14,2.14
1997-06-16,0.38,2.58,10.25,0.54,2.15,2.65,6.39,229.22,317.96,2.03
1997-06-17,2.38,2.62,11.49,0.50,2.01,2.72,6.93,222.59,326.02,1.80
1997-06-18,2.18,1.90,11.77,0.44,1.74,2.06,7.01,133.76,347.79,3.35
1997-06-19,5.10,1.59,11.23,0.53,2.12,1.72,7.50,132.75,345.91,2.74
1997-06-20,7.81,2.14,10.55,1.04,4.14,2.33,6.88,192.44,328.91,4.04
1997-06-21,0.25,1.49,10.55,1.95,7.81,1.74,7.46,151.19,338.80,6.04
1997-06-22,0.94,1.80,11.19,0.78,3.11,2.02,7.36,155.05,340.74,5.06
1997-06-23,0.00,2.29,10.30,0.52,2.09,2.29,6.19,181.27,328.79,4.41
1997-06-24,0.08,2.50,9.65,0.39,1.54,2.59,5.81,215.98,316.80,2.80
1997-06-25,8.77,0.80,9.20,0.42,1.69,0.98,6.69,67.79,339.53,4.65
1997-06-26,5.22,1.59,8.26,0.94,3.76,1.90,5.85,133.46,330.37,8.29
1997-06-27,15.75,1.68,9.03,1.29,5.14,2.00,6.05,125.01,336.00,8.68
1997-06-28,9.39,1.23,10.47,8.21,32.80,1.50,7.55,129.16,343.05,7.13
1997-06-29,0.00,1.97,10.11,3.43,13.70,1.97,6.85,184.07,328.67,3.78
1997-06-30,18.14,1.43,9.08,3.83,15.30,1.63,6.44,125.60,336.58,4.21
1997-07-01,2.08,0.84,9.10,7.33,29.30,1.03,6.55,67.31,338.95,4.68
1997-07-02,6.41,1.85,10.80,2.49,9.93,1.98,6.92,153.78,338.11,2.39
1997-07-03,3.24,1.49,10.51,2.45,9.79,1.60,7.40,133.07,342.01,2.06
1997-07-04,3.42,2.67,12.19,1.59,6.37,2.78,7.61,232.23,326.89,2.23
1997-07-05,0.00,2.87,13.72,1.08,4.31,2.87,7.93,227.47,334.84,3.18
1997-07-06,0.01,3.19,16.04,0.69,2.75,3.20,9.29,238.01,344.85,4.79
1997-07-07,0.00,3.20,16.23,0.52,2.07,3.20,9.46,241.42,345.07,4.01
1997-07-08,0.00,3.61,16.64,0.42,1.67,3.61,9.14,268.53,339.73,2.46
1997-07-09,0.51,3.53,15.55,0.36,1.45,3.59,9.29,285.85,331.76,2.16
1997-07-10,0.00,2.86,14.18,0.32,1.28,2.86,8.60,237.94,335.15,3.26
1997-07-11,0.00,3.00,14.19,0.29,1.16,3.00,8.22,240.92,333.44,2.67
1997-07-12,5.27,2.00,15.17,0.28,1.10,2.10,9.08,145.10,360.87,2.07
1997-07-13,9.54,2.31,15.21,0.59,2.36,2.43,9.41,180.14,353.22,2.54
1997-07-14,0.08,2.80,13.72,0.49,1.95,2.86,7.49,210.01,336.70,2.97
1997-07-15,1.13,2.18,14.60,0.33,1.32,2.32,8.83,162.56,353.76,3.30
1997-07-16,0.03,2.22,14.94,0.30,1.20,2.27,9.01,158.84,356.15,4.60
1997-07-17,0.14,2.34,13.36,0.28,1.11,2.41,7.92,182.78,342.16,3.03
1997-07-18,0.02,2.58,13.71,0.26,1.02,2.62,8.38,216.15,336.31,4.11
1997-07-19,0.00,3.65,15.01,0.23,0.92,3.65,8.25,294.85,321.67,2.00
1997-07-20,0.11,2.94,14.16,0.21,0.85,2.96,8.46,244.10,331.24,1.87
1997-07-21,0.00,3.42,14.78,0.20,0.81,3.42,8.23,277.71,324.41,1.52
1997-07-22,2.19,2.61,14.20,0.20,0.80,2.70,8.28,208.92,338.99,1.73
1997-07-23,4.86,2.24,15.43,0.21,0.83,2.33,9.29,171.13,354.52,1.88
1997-07-24,6.37,1.79,14.57,0.88,3.50,1.90,9.44,145.48,356.20,2.41
1997-07-25,0.33,2.84,14.77,0.59,2.35,2.98,8.37,210.90,340.30,4.50
1997-07-26,8.07,1.69,13.29,0.48,1.91,1.81,8.64,140.51,350.96,2.60
1997-07-27,3.21,3.20,14.67,0.71,2.84,3.38,8.15,249.11,328.98,4.26
1997-07-28,0.37,2.59,15.31,0.64,2.57,2.75,8.93,191.06,347.72,4.15
1997-07-29,3.40,2.97,15.59,0.37,1.49,3.14,8.61,212.38,342.67,4.07
1997-07-30,3.85,2.75,14.04,0.34,1.35,2.98,8.07,208.30,335.78,6.14
1997-07-31,1.45,2.24,13.69,0.34,1.36,2.47,8.09,156.76,347.38,6.24
1997-08-01,0.03,2.53,15.57,0.32,1.28,2.58,9.27,190.59,347.71,4.66
1997-08-02,0.00,2.00,12.89,0.28,1.11,2.00,7.15,141.58,345.78,2.46
1997-08-03,0.00,1.90,13.64,0.24,0.96,1.90,8.12,143.57,349.56,2.39
1997-08-04,0.00,2.75,13.29,0.22,0.87,2.75,7.87,238.21,321.57,3.30
1997-08-05,0.00,2.53,13.89,0.21,0.82,2.53,8.00,196.67,335.30,4.08
1997-08-06,0.00,3.09,15.94,0.20,0.79,3.09,9.18,243.95,333.33,3.93
1997-08-07,0.00,2.89,16.87,0.19,0.76,2.89,10.14,229.04,342.93,2.96
1997-08-08,0.04,3.23,18.53,0.18,0.73,3.25,10.11,226.24,349.96,2.79
1997-08-09,4.09,2.24,17.42,0.19,0.76,2.38,10.43,156.18,363.32,3.43
1997-08-10,0.00,2.61,17.43,0.20,0.82,2.61,10.62,200.67,352.05,3.34
1997-08-11,0.33,1.30,17.65,0.19,0.75,1.42,11.14,84.49,377.99,3.37
1997-08-12,0.03,2.89,18.71,0.18,0.74,2.89,11.30,223.40,352.21,1.65
1997-08-13,6.58,1.46,17.21,0.21,0.82,1.54,11.41,120.39,369.34,1.80
1997-08-14,0.00,3.04,17.48,0.37,1.48,3.05,10.43,241.09,339.73,3.36
1997-08-15,0.00,2.82,17.48,0.22,0.86,2.82,9.99,212.72,345.72,2.63
1997-08-16,0.00,3.24,18.23,0.19,0.75,3.24,9.74,232.91,341.75,2.83
1997-08-17,0.09,2.05,17.23,0.18,0.71,2.09,10.38,151.35,361.06,2.59
1997-08-18,0.01,2.02,16.41,0.17,0.69,2.03,10.17,159.36,354.60,2.90
1997-08-19,0.00,2.43,18.08,0.17,0.68,2.43,10.86,183.75,355.80,2.69
1997-08-20,1.96,2.25,18.61,0.17,0.66,2.40,10.89,143.10,368.87,3.75
1997-08-21,7.06,1.54,16.70,0.20,0.80,1.71,10.57,108.82,368.52,4.27
1997-08-22,0.08,2.97,15.35,0.22,0.87,3.06,8.09,227.49,322.93,3.68
1997-08-23,2.38,1.04,13.09,0.19,0.76,1.10,8.70,89.09,356.97,1.43
1997-08-24,0.12,1.29,12.85,0.19,0.76,1.34,8.36,111.56,348.85,2.06
1997-08-25,0.00,1.83,13.36,0.18,0.73,1.83,8.05,158.19,335.69,1.97
1997-08-26,0.52,2.40,13.63,0.17,0.68,2.54,7.55,197.31,321.80,3.16
1997-08-27,5.28,1.29,13.42,0.18,0.73,1.49,8.62,95.55,355.52,4.96
1997-08-28,0.09,1.69,12.64,0.21,0.84,1.80,7.70,139.80,336.46,3.24
1997-08-29,0.70,2.05,12.93,0.19,0.74,2.23,7.67,171.82,326.18,4.18
1997-08-30,0.22,2.12,12.80,0.17,0.69,2.24,7.22,179.03,321.09,2.93
1997-08-31,5.40,0.95,11.70,0.18,0.72,1.09,8.03,84.03,349.78,3.35
1997-09-01,1.51,1.41,13.10,0.20,0.82,1.58,8.43,121.79,343.25,3.89
1997-09-02,8.73,1.78,12.93,0.20,0.82,1.97,7.62,131.28,337.43,4.49
1997-09-03,4.05,1.19,13.66,0.33,1.30,1.43,8.87,83.21,358.22,6.61
1997-09-04,4.01,2.36,12.71,0.39,1.56,2.61,7.25,192.54,311.14,6.53
1997-09-05,0.62,2.23,12.61,0.33,1.32,2.44,7.08,168.98,318.36,5.88
1997-09-06,3.64,0.91,11.47,0.26,1.05,1.12,7.34,44.53,350.46,5.62
1997-09-07,0.06,1.97,13.87,0.30,1.19,2.04,7.93,126.87,340.74,5.91
1997-09-08,0.01,2.51,13.81,0.24,0.94,2.53,7.38,162.45,324.08,6.97
1997-09-09,0.00,2.42,11.57,0.20,0.79,2.42,5.78,185.66,298.29,4.50
1997-09-10,0.00,2.00,11.51,0.18,0.70,2.00,6.30,191.63,297.19,2.52
1997-09-11,3.83,1.39,11.87,0.18,0.73,1.54,7.35,116.38,332.80,3.47
1997-09-12,2.17,1.77,9.43,0.19,0.77,2.02,5.79,151.52,302.82,5.76
1997-09-13,0.26,1.83,7.51,0.19,0.74,2.08,4.91,169.25,283.11,6.49
1997-09-14,2.94,1.55,11.09,0.17,0.68,1.80,6.78,108.84,329.49,6.27
1997-09-15,6.18,2.03,12.75,0.19,0.76,2.32,7.30,125.17,329.81,8.49
1997-09-16,4.70,1.02,12.45,0.40,1.60,1.26,7.95,49.58,355.15,7.02
1997-09-17,0.00,1.65,11.19,0.48,1.90,1.65,6.60,158.46,304.75,3.30
1997-09-18,0.01,1.19,9.19,0.27,1.06,1.20,6.16,119.49,312.56,3.29
1997-09-19,0.00,1.44,8.51,0.21,0.85,1.44,5.50,137.96,297.93,4.10
1997-09-20,0.00,1.19,9.24,0.19,0.77,1.19,6.04,124.64,308.20,2.64
1997-09-21,0.01,1.32,10.07,0.20,0.80,1.33,6.36,159.34,295.06,1.68
1997-09-22,0.00,1.09,9.69,0.17,0.70,1.09,6.48,128.12,308.03,1.89
1997-09-23,0.00,1.11,9.65,0.17,0.67,1.11,6.48,138.83,301.84,1.69
1997-09-24,0.01,1.13,10.09,0.16,0.66,1.14,6.48,140.82,301.29,1.43
1997-09-25,0.00,1.11,10.64,0.16,0.64,1.11,6.97,135.89,306.66,1.93
1997-09-26,0.04,0.62,10.52,0.16,0.64,0.66,7.20,58.36,344.05,1.94
1997-09-27,0.00,0.27,10.83,0.16,0.66,0.27,7.17,31.23,347.36,1.26
1997-09-28,1.85,1.08,12.19,0.16,0.65,1.23,7.28,72.97,343.05,3.41
1997-09-29,0.00,1.33,12.91,0.16,0.65,1.34,7.43,79.20,342.45,4.45
1997-09-30,0.28,0.35,10.41,0.16,0.63,0.39,6.84,31.34,345.21,1.72
1997-10-01,0.06,1.55,13.01,0.15,0.61,1.64,7.50,90.49,334.57,6.29
1997-10-02,0.00,1.24,10.50,0.15,0.59,1.24,6.20,92.61,318.65,4.06
1997-10-03,0.00,1.23,12.19,0.15,0.60,1.23,7.35,88.56,330.16,5.00
1997-10-04,0.04,1.41,13.99,0.15,0.60,1.51,8.36,76.59,345.75,7.07
1997-10-05,1.17,1.40,13.33,0.15,0.60,1.61,7.73,98.21,328.04,5.23
1997-10-06,2.31,0.75,11.96,0.15,0.62,0.92,7.92,57.21,346.11,4.69
1997-10-07,7.01,0.74,8.96,0.17,0.69,0.87,6.13,77.02,317.33,2.94
1997-10-08,6.49,0.83,9.68,0.25,0.99,0.98,6.41,80.34,317.96,3.63
1997-10-09,11.48,0.84,10.54,0.39,1.56,0.99,6.89,92.39,314.02,3.61
1997-10-10,1.27,1.18,9.20,1.21,4.83,1.45,5.97,86.66,308.35,6.99
1997-10-11,1.02,0.77,7.23,0.48,1.93,0.94,5.41,82.05,300.96,4.20
1997-10-12,0.47,1.03,5.43,0.32,1.28,1.25,4.23,81.31,288.21,4.93
1997-10-13,0.00,1.10,5.48,0.26,1.02,1.10,4.19,89.69,280.91,5.34
1997-10-14,5.32,0.23,4.57,0.24,0.95,0.30,4.76,22.85,315.92,2.73
1997-10-15,4.76,0.14,7.84,0.36,1.45,0.18,6.40,22.40,333.18,3.06
1997-10-16,0.78,0.38,10.81,0.68,2.72,0.49,7.77,39.44,346.23,4.08
1997-10-17,0.12,0.95,14.09,0.53,2.12,1.08,8.70,46.51,356.13,5.78
1997-10-18,0.02,0.52,11.75,0.36,1.44,0.53,7.71,85.51,315.36,2.27
1997-10-19,0.42,0.43,8.82,0.28,1.13,0.53,6.55,51.88,324.93,3.47
1997-10-20,0.22,1.10,5.66,0.25,1.01,1.34,4.20,48.76,306.43,5.89
1997-10-21,0.01,0.64,5.18,0.23,0.93,0.65,4.26,60.38,294.03,3.12
1997-10-22,0.19,0.44,4.25,0.22,0.86,0.53,4.23,68.15,282.81,2.54
1997-10-23,0.06,0.62,4.96,0.20,0.81,0.68,4.15,55.51,294.84,3.09
1997-10-24,0.01,0.47,2.86,0.18,0.74,0.48,3.52,78.17,262.57,2.49
1997-10-25,0.00,0.43,5.14,0.18,0.71,0.43,4.60,55.32,295.68,2.79
1997-10-26,0.03,0.21,5.70,0.18,0.72,0.22,4.91,33.69,318.14,1.05
1997-10-27,0.13,0.23,5.72,0.18,0.73,0.27,5.15,46.23,306.54,1.88
1997-10-28,0.00,0.40,2.94,0.18,0.72,0.40,3.56,87.07,248.99,2.49
1997-10-29,2.20,0.39,1.19,0.17,0.69,0.48,3.01,79.25,245.42,2.47
1997-10-30,0.04,0.33,6.17,0.18,0.72,0.37,5.21,45.67,306.15,3.04
1997-10-31,0.08,0.13,7.02,0.20,0.80,0.15,5.87,49.32,307.08,1.86
1997-11-01,1.14,0.24,9.18,0.19,0.75,0.31,6.74,39.38,326.50,2.84
1997-11-02,0.00,0.06,8.66,0.19,0.75,0.06,6.58,15.28,337.01,1.89
1997-11-03,0.39,0.41,7.35,0.19,0.76,0.53,5.62,29.44,325.59,3.52
1997-11-04,3.48,0.72,6.83,0.19,0.76,0.95,5.18,27.99,323.27,6.00
1997-11-05,2.07,0.20,8.54,0.27,1.06,0.27,6.68,26.62,334.25,3.72
1997-11-06,0.08,0.06,8.13,0.33,1.33,0.07,6.57,27.20,331.04,1.56
1997-11-07,5.45,0.10,4.74,0.27,1.06,0.13,5.01,31.39,307.94,2.01
1997-11-08,3.01,0.14,4.58,0.40,1.59,0.20,5.14,23.09,316.72,4.10
1997-11-09,1.38,0.08,3.76,0.55,2.18,0.10,4.74,26.81,307.23,2.05
1997-11-10,0.82,0.15,5.42,0.47,1.89,0.20,5.27,29.82,310.91,3.18
1997-11-11,0.40,0.17,6.09,0.42,1.69,0.23,5.40,37.18,303.75,3.47
1997-11-12,0.12,0.06,4.73,0.35,1.38,0.08,4.92,52.03,277.02,2.92
1997-11-13,0.00,0.09,3.54,0.30,1.18,0.09,4.42,39.38,285.50,2.60
1997-11-14,0.70,0.26,4.62,0.26,1.05,0.36,4.84,20.84,315.48,4.01
1997-11-15,0.22,0.14,8.08,0.27,1.06,0.18,6.33,24.12,328.10,2.96
1997-11-16,2.68,0.63,12.34,0.27,1.08,0.83,7.99,19.63,354.30,6.36
1997-11-17,9.64,0.86,11.03,0.35,1.39,1.12,7.04,19.57,347.33,7.59
1997-11-18,3.20,0.60,10.17,2.24,8.96,0.85,7.00,21.40,340.06,8.05
1997-11-19,10.20,0.33,8.70,1.75,6.99,0.49,6.57,21.24,332.64,6.42
1997-11-20,13.28,0.36,7.86,5.68,22.70,0.56,6.23,17.43,332.88,7.80
1997-11-21,0.03,0.07,5.52,2.49,9.94,0.08,5.09,44.29,279.47,3.49
1997-11-22,0.00,0.00,3.45,1.05,4.19,0.00,4.69,36.16,281.68,2.23
1997-11-23,6.96,0.09,4.57,0.75,2.98,0.13,5.04,20.68,310.49,3.78
1997-11-24,1.80,0.41,6.42,2.24,8.93,0.60,5.47,17.60,323.74,6.73
1997-11-25,4.82,0.59,6.02,1.26,5.05,0.83,5.03,15.49,322.74,6.85
1997-11-26,4.93,0.18,6.83,1.96,7.85,0.27,5.88,16.12,327.76,4.86
1997-11-27,2.90,0.04,6.96,2.73,10.90,0.06,6.12,16.09,328.19,3.39
1997-11-28,9.89,0.01,6.76,3.30,13.20,0.01,6.02,8.97,327.97,3.45
1997-11-29,3.35,0.18,6.97,3.68,14.70,0.28,5.96,8.83,328.77,6.45
1997-11-30,0.34,0.14,2.87,2.01,8.02,0.18,4.08,29.09,280.86,3.77
1997-12-01,0.92,0.01,-1.30,1.13,4.53,0.01,3.07,35.41,248.71,2.45
1997-12-02,2.85,0.03,-1.07,0.85,3.40,0.05,3.25,24.43,269.06,3.54
1997-12-03,1.87,0.08,1.10,0.86,3.42,0.12,3.73,20.38,286.30,3.22
1997-12-04,0.21,0.05,1.20,1.04,4.15,0.07,3.79,17.66,291.81,2.44
1997-12-05,1.23,0.59,4.43,1.24,4.95,0.83,4.33,8.10,313.93,6.51
1997-12-06,0.38,0.73,9.10,1.29,5.14,0.98,6.20,13.90,338.20,7.54
1997-12-07,3.76,0.74,8.12,0.91,3.63,1.00,5.69,13.85,332.76,7.09
1997-12-08,6.34,0.71,8.08,2.45,9.79,0.98,5.78,15.50,328.88,8.00
1997-12-09,14.37,0.53,6.77,1.98,7.90,0.74,5.24,17.33,317.74,5.99
1997-12-10,13.15,0.29,6.63,6.51,26.00,0.42,5.50,17.98,316.20,5.33
1997-12-11,5.65,0.25,4.99,8.21,32.80,0.37,4.94,13.90,316.40,4.73
1997-12-12,0.33,0.18,2.22,2.73,10.90,0.25,3.75,24.99,277.00,3.79
1997-12-13,0.01,0.07,5.18,1.49,5.94,0.07,5.14,14.75,315.48,2.92
1997-12-14,0.25,0.00,3.31,1.09,4.37,0.00,4.70,18.59,298.29,1.36
1997-12-15,0.54,0.34,3.19,0.93,3.73,0.47,3.97,18.30,295.17,4.33
1997-12-16,0.02,0.98,3.10,0.84,3.35,1.04,3.46,16.14,296.74,7.86
1997-12-17,3.45,1.05,2.27,0.79,3.15,1.44,3.40,9.25,301.02,11.64
1997-12-18,18.51,0.38,4.98,7.16,28.60,0.61,4.97,7.34,318.22,8.63
1997-12-19,15.21,0.00,4.99,7.71,30.80,0.00,5.46,7.33,319.44,2.41
1997-12-20,0.24,0.00,4.25,5.26,21.00,0.00,5.06,13.12,314.21,2.43
1997-12-21,0.01,0.00,4.37,2.03,8.10,0.00,5.14,15.36,310.11,1.65
1997-12-22,1.10,0.01,2.58,1.35,5.39,0.02,4.47,13.43,305.14,3.50
1997-12-23,5.66,0.08,5.63,1.41,5.64,0.12,5.38,16.69,313.10,4.19
1997-12-24,13.83,0.43,6.31,5.63,22.50,0.63,5.32,7.37,324.71,6.98
1997-12-25,6.57,0.49,5.24,5.58,22.30,0.71,4.82,13.74,316.55,6.70
1997-12-26,0.06,0.34,4.25,3.48,13.90,0.42,4.53,14.96,308.96,5.20
1997-12-27,1.10,0.21,3.27,1.76,7.05,0.31,4.30,18.01,297.85,4.59
1997-12-28,0.52,0.17,2.72,1.46,5.85,0.24,4.13,20.51,290.02,4.41
1997-12-29,0.19,0.00,1.01,1.11,4.45,0.00,3.96,10.34,298.87,1.94
1997-12-30,5.54,0.10,5.69,1.54,6.17,0.16,5.34,26.15,295.36,5.71
1997-12-31,0.98,0.36,4.44,1.91,7.62,0.55,4.43,31.76,275.95,6.46
1998-01-01,13.70,0.54,3.30,4.08,16.30,0.82,4.17,15.32,304.23,8.40
1998-01-02,9.00,0.32,4.43,4.93,19.70,0.45,4.52,20.19,299.59,4.94
1998-01-03,2.84,1.14,4.68,6.63,26.50,1.51,4.04,18.37,302.85,10.91
1998-01-04,4.49,0.51,1.98,3.15,12.60,0.77,3.74,14.21,300.69,7.20
1998-01-05,0.08,0.03,1.15,2.42,9.65,0.04,3.74,29.74,266.35,3.54
1998-01-06,7.01,0.25,1.33,1.88,7.51,0.36,3.69,14.97,297.19,4.22
1998-01-07,8.22,0.26,2.92,5.78,23.10,0.38,4.11,19.21,296.70,4.48
1998-01-08,13.10,0.18,2.56,7.33,29.30,0.26,4.15,11.16,305.60,3.98
1998-01-09,0.17,0.97,9.75,7.53,30.10,1.24,6.30,18.07,334.63,9.23
1998-01-10,0.01,0.82,9.76,2.43,9.72,0.84,6.25,19.65,331.89,7.08
1998-01-11,0.35,0.58,7.80,1.52,6.08,0.71,5.32,16.66,328.17,4.11
1998-01-12,3.31,0.40,6.94,1.22,4.89,0.55,5.45,18.69,321.33,4.89
1998-01-13,17.50,0.00,5.63,8.06,32.20,0.01,5.53,9.17,322.27,2.68
1998-01-14,3.63,0.36,3.95,4.63,18.50,0.54,4.45,21.98,301.06,5.81
1998-01-15,3.85,0.38,4.07,3.70,14.80,0.56,4.35,30.79,285.73,5.77
1998-01-16,0.95,0.30,2.96,2.95,11.80,0.44,3.85,40.14,263.98,4.75
1998-01-17,2.23,0.17,3.15,1.92,7.68,0.24,4.45,17.76,307.72,4.04
1998-01-18,7.23,0.07,3.98,3.40,13.60,0.12,4.92,10.05,313.99,5.31
1998-01-19,8.10,0.53,0.22,3.35,13.40,0.86,3.27,28.16,274.68,9.62
1998-01-20,3.13,0.20,-0.58,1.81,7.25,0.29,3.13,24.93,277.20,3.60
1998-01-21,2.98,0.34,2.28,4.31,17.20,0.50,3.90,10.67,303.59,5.15
1998-01-22,7.11,0.13,6.08,9.64,38.50,0.18,5.63,18.92,324.02,3.66
1998-01-23,0.91,0.13,3.21,5.61,22.40,0.19,4.58,19.95,308.47,3.95
1998-01-24,0.43,0.35,2.03,2.65,10.60,0.48,3.76,21.85,298.26,4.15
1998-01-25,0.10,0.11,0.86,1.75,7.00,0.14,3.27,36.37,270.01,2.05
1998-01-26,0.00,0.02,-0.81,1.36,5.45,0.02,3.12,36.43,264.67,1.24
1998-01-27,0.02,0.09,-0.66,1.13,4.51,0.10,2.97,43.94,254.65,2.19
1998-01-28,0.01,0.09,0.45,0.98,3.90,0.09,3.47,33.00,277.86,2.24
1998-01-29,0.01,0.14,1.87,0.92,3.67,0.15,3.77,31.20,287.99,2.26
1998-01-30,3.12,0.18,2.66,0.88,3.50,0.23,3.97,32.56,290.97,2.45
1998-01-31,1.16,0.14,1.81,1.09,4.35,0.18,3.86,17.19,301.52,2.34
1998-02-01,0.00,0.18,1.42,1.01,4.03,0.19,3.74,37.93,282.78,2.93
1998-02-02,0.00,0.42,1.21,0.86,3.42,0.43,3.32,54.09,262.80,4.18
1998-02-03,0.04,0.49,1.49,0.75,3.01,0.55,3.48,43.08,277.72,5.10
1998-02-04,0.08,0.59,4.59,0.75,2.99,0.70,4.35,46.83,290.50,5.37
1998-02-05,0.00,0.63,5.71,0.69,2.77,0.63,4.83,32.94,312.63,5.77
1998-02-06,4.46,0.91,5.86,0.71,2.82,1.21,4.71,32.34,314.27,8.15
1998-02-07,0.31,0.56,2.39,0.91,3.64,0.73,3.67,76.95,252.64,5.47
1998-02-08,0.64,0.87,6.71,0.75,2.98,1.16,5.07,29.17,323.65,7.47
1998-02-09,4.32,0.93,8.62,0.84,3.35,1.21,5.88,32.92,330.66,8.02
1998-02-10,3.96,0.63,7.15,1.17,4.67,0.82,5.39,30.45,326.40,5.04
1998-02-11,2.24,0.94,9.94,2.27,9.08,1.25,6.64,32.82,339.22,9.72
1998-02-12,0.04,0.96,11.05,1.46,5.82,1.05,7.04,31.98,346.13,7.64
1998-02-13,0.01,0.78,10.79,1.00,4.01,0.80,7.03,50.01,329.64,6.27
1998-02-14,0.04,0.97,10.49,0.82,3.26,1.01,6.59,37.53,339.39,6.38
1998-02-15,0.75,0.98,10.68,0.69,2.75,1.20,6.62,32.81,345.16,5.92
1998-02-16,0.81,1.09,7.22,0.72,2.87,1.40,5.12,39.84,321.49,8.45
1998-02-17,0.06,0.59,7.03,0.61,2.42,0.66,5.42,53.80,310.67,4.41
1998-02-18,0.16,0.55,6.75,0.56,2.24,0.66,5.30,56.95,307.54,3.77
1998-02-19,0.03,0.69,7.57,0.53,2.10,0.72,5.54,42.83,323.79,4.78
1998-02-20,0.13,1.14,9.17,0.50,2.00,1.29,5.91,36.30,337.42,7.80
1998-02-21,3.63,0.72,5.55,0.48,1.92,0.92,4.67,54.29,305.38,4.77
1998-02-22,0.19,0.84,4.22,0.52,2.08,1.02,4.06,93.91,268.75,5.05
1998-02-23,0.03,1.16,8.88,0.48,1.90,1.23,5.81,40.45,334.60,8.31
1998-02-24,0.02,1.16,8.94,0.43,1.72,1.20,5.52,75.45,308.62,5.41
1998-02-25,0.43,1.02,6.24,0.40,1.58,1.25,4.57,56.67,309.17,5.39
1998-02-26,0.47,1.35,6.45,0.38,1.51,1.67,4.54,68.84,301.98,8.35
1998-02-27,5.70,1.19,4.24,0.47,1.87,1.54,4.02,63.06,296.17,10.00
1998-02-28,0.71,0.67,0.12,0.52,2.08,0.92,3.20,100.72,253.49,5.58
1998-03-01,8.00,0.47,0.37,0.62,2.49,0.66,3.49,63.83,281.06,4.81
1998-03-02,6.42,0.97,3.83,2.35,9.39,1.25,4.01,78.57,288.01,6.65
1998-03-03,3.82,0.60,6.02,3.45,13.80,0.76,5.15,51.37,318.48,3.95
1998-03-04,0.63,0.94,2.62,1.79,7.17,1.17,3.68,112.85,263.63,5.64
1998-03-05,1.39,0.90,1.36,1.05,4.18,1.14,3.31,112.41,258.59,5.14
1998-03-06,16.88,0.27,0.73,2.29,9.14,0.41,3.71,26.96,296.68,5.02
1998-03-07,4.97,0.64,4.94,8.18,32.70,0.87,4.91,68.76,305.93,5.92
1998-03-08,0.11,1.04,1.83,3.60,14.40,1.23,3.20,122.25,257.27,4.39
1998-03-09,0.29,0.75,1.25,1.60,6.38,0.90,3.35,109.05,264.73,2.93
1998-03-10,15.15,0.58,3.87,4.23,16.90,0.79,4.46,45.30,311.88,5.31
1998-03-11,0.12,1.46,3.98,4.56,18.20,1.68,3.64,130.03,266.36,7.04
1998-03-12,5.65,0.55,2.49,2.73,10.90,0.69,3.99,53.43,303.88,3.48
1998-03-13,0.01,1.05,6.94,1.86,7.44,1.07,4.91,81.00,311.38,3.88
1998-03-14,0.00,1.24,7.63,1.20,4.79,1.24,5.22,127.07,292.57,3.87
1998-03-15,0.00,1.20,8.56,0.96,3.82,1.20,5.62,88.45,317.94,4.78
1998-03-16,0.01,0.93,7.95,0.77,3.09,0.96,5.84,73.05,324.31,5.82
1998-03-17,0.01,1.54,7.85,0.70,2.80,1.56,5.09,118.06,300.18,6.31
1998-03-18,0.10,1.51,6.13,0.61,2.44,1.70,4.08,102.55,297.39,4.99
1998-03-19,0.25,1.13,5.23,0.53,2.13,1.32,4.25,99.40,297.17,3.84
1998-03-20,0.09,1.14,7.76,0.51,2.05,1.22,5.08,73.92,323.23,3.72
1998-03-21,0.00,0.51,6.83,0.49,1.94,0.51,4.70,34.82,325.24,1.81
1998-03-22,0.00,0.96,5.61,0.46,1.83,0.96,4.30,111.40,295.58,1.34
1998-03-23,2.06,0.59,5.40,0.44,1.77,0.72,4.48,35.90,318.47,2.96
1998-03-24,0.51,0.87,5.59,0.50,1.99,1.06,4.85,74.10,315.52,4.10
1998-03-25,5.32,0.74,6.69,0.49,1.94,0.89,5.57,72.92,323.00,3.42
1998-03-26,2.62,1.32,8.52,0.97,3.88,1.62,5.81,89.01,325.06,7.88
1998-03-27,0.04,1.29,8.38,0.84,3.35,1.35,5.49,78.25,328.69,5.19
1998-03-28,0.00,1.67,10.11,0.60,2.41,1.68,5.92,116.97,321.36,4.83
1998-03-29,12.67,0.50,8.33,1.33,5.33,0.61,6.19,39.17,335.08,3.33
1998-03-30,0.10,1.43,10.42,2.38,9.50,1.57,6.66,110.38,328.59,5.63
1998-03-31,0.72,1.18,7.91,0.95,3.78,1.36,5.45,91.56,323.03,3.80
1998-04-01,1.58,0.95,5.20,0.75,2.99,1.15,4.63,77.42,315.42,4.20
1998-04-02,29.95,0.91,4.50,5.91,23.60,1.19,4.55,75.73,313.29,6.58
1998-04-03,7.26,0.86,5.12,13.19,52.70,1.14,5.05,102.80,308.12,7.10
1998-04-04,6.39,0.63,6.34,5.56,22.20,0.85,5.76,75.59,324.78,5.75
1998-04-05,1.99,0.69,6.16,4.88,19.50,0.86,5.64,79.02,322.99,4.08
1998-04-06,7.11,0.86,6.36,3.25,13.00,0.95,5.50,94.34,318.64,1.82
1998-04-07,3.44,0.80,5.84,4.41,17.60,0.97,5.42,91.56,317.63,3.75
1998-04-08,7.41,0.74,4.50,4.15,16.60,0.94,4.68,68.02,315.16,4.68
1998-04-09,2.93,1.37,2.40,2.88,11.50,1.70,3.46,122.34,286.70,7.84
1998-04-10,1.69,1.35,1.72,1.83,7.33,1.71,3.31,123.27,283.59,9.18
1998-04-11,2.65,1.52,1.68,1.52,6.08,1.86,3.28,177.24,265.97,8.02
1998-04-12,2.37,1.73,1.26,1.34,5.35,2.04,3.02,216.88,250.47,6.65
1998-04-13,0.04,1.73,0.88,1.12,4.49,1.82,2.80,203.02,252.70,6.07
1998-04-14,0.09,1.27,-0.03,0.88,3.50,1.41,2.94,170.73,261.94,3.03
1998-04-15,2.61,1.47,1.66,0.78,3.10,1.67,3.32,187.12,265.52,3.39
1998-04-16,27.29,1.17,1.72,7.21,28.80,1.42,3.56,139.00,282.77,5.06
1998-04-17,3.00,1.83,4.24,5.48,21.90,2.15,3.74,161.02,286.26,7.70
1998-04-18,0.06,1.73,4.52,2.98,11.90,1.83,4.16,199.06,278.36,3.12
1998-04-19,3.87,1.26,5.28,2.02,8.08,1.45,4.66,125.73,306.58,3.61
1998-04-20,2.53,1.04,6.65,2.31,9.22,1.18,5.57,107.13,320.87,2.67
1998-04-21,7.96,1.38,6.89,1.66,6.64,1.56,5.22,129.47,314.54,3.59
1998-04-22,14.02,1.37,9.43,5.91,23.60,1.61,6.46,114.03,333.12,5.74
1998-04-23,4.48,1.44,9.12,8.13,32.50,1.57,6.42,138.64,324.96,2.51
1998-04-24,2.76,1.84,8.95,2.83,11.30,2.02,5.97,173.66,313.32,3.76
1998-04-25,1.19,2.43,8.41,2.07,8.26,2.66,5.16,226.54,292.69,4.95
1998-04-26,2.31,1.53,7.04,1.55,6.20,1.71,5.42,157.33,309.57,3.60
1998-04-27,0.11,2.13,7.05,1.33,5.33,2.23,4.92,220.29,289.81,2.78
1998-04-28,9.29,1.64,6.29,5.68,22.70,1.77,5.12,175.66,301.23,2.29
1998-04-29,0.14,1.90,7.58,2.19,8.76,2.02,5.47,195.53,302.27,3.13
1998-04-30,0.00,1.20,6.52,1.17,4.68,1.20,5.14,98.29,324.37,4.49
1998-05-01,0.00,2.47,6.89,0.89,3.56,2.47,4.62,249.60,282.93,5.28
1998-05-02,0.77,2.17,7.15,0.70,2.80,2.39,4.82,206.25,297.17,4.49
1998-05-03,0.02,2.76,7.14,0.61,2.45,2.77,4.40,270.47,277.67,4.29
1998-05-04,0.10,2.44,9.07,0.54,2.16,2.53,5.34,211.32,306.05,3.98
1998-05-05,2.36,1.45,7.32,0.51,2.05,1.68,5.40,125.60,322.41,5.03
1998-05-06,3.93,2.03,8.11,0.53,2.12,2.26,5.44,188.46,309.67,4.86
1998-05-07,0.59,2.27,10.30,0.57,2.28,2.57,6.29,183.15,322.83,8.20
1998-05-08,0.07,2.22,10.18,0.47,1.87,2.34,5.93,173.17,324.15,4.00
1998-05-09,0.00,2.68,11.83,0.41,1.65,2.68,6.79,221.37,321.29,4.01
1998-05-10,0.11,2.50,8.59,0.37,1.46,2.60,4.98,214.80,304.02,3.58
1998-05-11,11.85,1.50,7.42,0.37,1.47,1.72,5.55,141.01,320.67,4.62
1998-05-12,0.16,1.84,9.26,1.29,5.16,2.02,6.24,167.96,323.67,4.05
1998-05-13,0.02,1.74,10.68,0.61,2.42,1.76,7.52,167.88,332.41,2.64
1998-05-14,0.00,2.03,11.95,0.45,1.78,2.03,7.91,181.88,335.47,2.29
1998-05-15,0.00,2.54,11.49,0.36,1.45,2.54,7.30,227.50,322.04,2.00
1998-05-16,0.00,2.84,11.44,0.32,1.26,2.84,7.13,257.41,314.59,2.13
1998-05-17,0.00,3.45,11.84,0.30,1.18,3.45,6.69,305.07,303.04,2.26
1998-05-18,0.00,3.49,12.38,0.28,1.12,3.49,6.54,296.39,306.78,1.94
1998-05-19,0.05,3.12,12.23,0.29,1.14,3.18,6.90,263.84,316.07,2.65
1998-05-20,0.81,1.71,10.56,0.27,1.07,1.83,6.85,142.86,337.94,2.28
1998-05-21,0.01,2.67,9.84,0.26,1.05,2.68,5.64,225.89,312.07,3.42
1998-05-22,0.00,2.32,10.14,0.25,0.99,2.32,5.91,188.26,323.62,2.96
1998-05-23,0.85,1.75,11.22,0.26,1.02,1.90,6.96,134.09,343.50,2.93
1998-05-24,0.47,3.13,12.42,0.26,1.02,3.30,6.74,247.56,321.51,3.97
1998-05-25,1.21,2.23,10.78,0.24,0.98,2.44,6.38,166.09,333.38,5.02
1998-05-26,5.10,2.21,7.57,0.24,0.95,2.46,4.93,187.96,310.76,5.33
1998-05-27,9.56,1.61,7.07,0.42,1.68,1.85,5.34,149.11,319.45,5.41
1998-05-28,23.43,1.51,8.47,0.65,2.58,1.74,6.18,143.77,328.63,4.83
1998-05-29,20.88,1.49,10.11,13.02,52.00,1.74,6.93,128.46,340.37,6.28
1998-05-30,10.83,1.50,9.46,3.08,12.30,1.69,6.75,140.69,334.71,3.91
1998-05-31,0.67,1.40,9.26,5.33,21.30,1.61,6.68,131.25,335.88,4.65
1998-06-01,0.10,1.46,8.43,1.86,7.42,1.58,6.21,136.98,330.18,3.64
1998-06-02,13.20,1.37,7.08,2.80,11.20,1.63,5.59,134.28,323.89,6.02
1998-06-03,0.71,1.57,6.99,3.88,15.50,1.74,5.25,141.72,320.95,3.41
1998-06-04,0.04,2.38,9.30,1.41,5.62,2.42,5.60,205.10,316.35,2.55
1998-06-05,3.50,2.94,10.17,0.82,3.28,3.14,5.77,251.56,309.04,4.23
1998-06-06,13.71,1.26,10.46,3.90,15.60,1.42,7.53,117.92,345.10,3.30
1998-06-07,0.40,2.41,12.05,3.18,12.70,2.56,7.50,205.41,332.97,2.87
1998-06-08,8.87,1.53,10.05,2.53,10.10,1.73,6.71,122.32,341.90,4.34
1998-06-09,4.57,2.22,12.21,3.18,12.70,2.45,7.70,189.50,337.71,5.53
1998-06-10,8.66,2.06,10.00,4.43,17.70,2.27,6.29,168.52,330.44,4.47
1998-06-11,1.82,2.50,7.32,2.78,11.10,2.72,4.66,224.52,300.79,4.45
1998-06-12,0.00,3.26,8.05,1.16,4.63,3.26,4.63,310.17,282.22,2.85
1998-06-13,9.37,1.83,8.51,1.30,5.18,2.01,5.98,170.81,323.10,3.58
1998-06-14,10.60,1.61,9.60,3.75,15.00,1.87,6.60,142.53,335.41,6.40
1998-06-15,0.42,0.76,9.60,4.78,19.10,0.93,6.99,67.76,341.59,4.82
1998-06-16,1.81,1.80,9.62,1.85,7.40,1.95,6.36,153.27,332.73,2.90
1998-06-17,0.97,3.09,10.70,1.35,5.38,3.23,6.27,275.18,308.44,2.82
1998-06-18,0.66,2.16,11.42,0.94,3.75,2.29,7.48,189.95,334.25,2.63
1998-06-19,0.01,2.65,15.10,0.73,2.93,2.66,9.00,201.17,349.93,2.73
1998-06-20,0.07,3.44,17.11,0.58,2.33,3.51,9.23,235.35,351.73,3.10
1998-06-21,0.00,4.23,16.45,0.49,1.94,4.24,8.35,288.51,334.61,5.61
1998-06-22,2.93,3.02,12.86,0.42,1.69,3.23,6.63,203.06,335.49,4.94
1998-06-23,2.65,2.06,14.62,0.43,1.71,2.26,8.93,144.80,359.60,4.82
1998-06-24,2.80,2.13,14.47,0.47,1.86,2.31,8.95,160.75,355.50,4.19
1998-06-25,0.47,2.95,13.30,0.45,1.78,3.11,7.40,225.91,333.82,3.47
1998-06-26,3.93,2.07,11.75,0.45,1.78,2.25,7.50,175.32,338.84,3.96
1998-06-27,2.45,2.28,11.32,0.48,1.93,2.41,7.30,200.11,331.13,2.51
1998-06-28,0.73,3.33,12.90,0.44,1.76,3.55,6.95,256.57,323.45,5.51
1998-06-29,0.19,2.46,12.18,0.36,1.44,2.66,7.12,186.58,337.38,4.96
1998-06-30,0.43,1.61,11.34,0.33,1.32,1.77,7.36,125.47,347.75,3.92
1998-07-01,0.11,1.88,11.53,0.32,1.29,1.95,7.20,145.65,343.70,3.64
1998-07-02,0.00,2.13,11.35,0.31,1.22,2.13,6.85,167.77,337.10,3.28
1998-07-03,0.00,3.07,13.38,0.28,1.12,3.07,7.56,246.60,328.21,3.05
1998-07-04,2.12,2.36,14.25,0.27,1.06,2.57,8.37,163.23,352.90,5.21
1998-07-05,0.00,2.70,14.40,0.27,1.08,2.70,8.18,184.26,348.41,5.96
1998-07-06,0.00,2.45,11.74,0.26,1.02,2.45,6.55,187.68,332.89,2.75
1998-07-07,0.05,3.22,11.88,0.24,0.97,3.27,6.05,251.42,315.38,3.54
1998-07-08,1.57,1.89,12.89,0.24,0.96,2.11,7.83,126.38,354.48,5.59
1998-07-09,1.42,2.49,13.49,0.26,1.03,2.64,7.89,189.39,342.35,3.70
1998-07-10,2.13,2.34,12.59,0.24,0.97,2.50,7.24,173.80,340.94,3.46
1998-07-11,4.08,3.27,12.53,0.24,0.94,3.46,6.58,252.87,318.83,4.50
1998-07-12,15.83,1.23,10.91,0.72,2.87,1.43,7.50,104.36,347.65,4.72
1998-07-13,0.12,2.63,10.91,0.73,2.90,2.82,6.18,196.01,325.32,6.67
1998-07-14,4.62,3.32,12.17,0.40,1.59,3.57,6.30,247.20,317.23,6.22
1998-07-15,2.04,2.64,11.95,0.48,1.93,2.80,6.84,213.32,326.74,3.39
1998-07-16,5.50,2.65,12.98,0.42,1.67,2.78,6.97,199.38,334.67,2.57
1998-07-17,3.77,2.48,11.80,0.70,2.79,2.67,7.04,204.48,328.45,4.49
1998-07-18,0.57,2.66,11.95,0.63,2.53,2.89,6.81,205.10,328.08,5.63
1998-07-19,3.84,0.90,12.05,0.39,1.57,1.05,7.84,63.81,353.32,3.73
1998-07-20,19.85,1.77,15.73,0.88,3.50,1.93,9.94,128.15,366.05,3.98
1998-07-21,2.73,2.42,14.01,2.90,11.60,2.63,8.26,179.17,345.65,5.07
1998-07-22,8.07,2.79,13.77,1.22,4.87,3.02,7.47,184.23,341.78,5.83
1998-07-23,1.24,1.88,13.05,2.55,10.20,2.07,8.16,146.78,348.69,4.30
1998-07-24,3.20,3.12,11.73,1.06,4.25,3.31,6.33,258.06,309.94,4.24
1998-07-25,0.32,2.37,12.25,0.61,2.42,2.52,6.71,168.15,337.17,3.54
1998-07-26,4.20,1.60,12.57,0.46,1.84,1.75,7.60,108.66,355.14,3.20
1998-07-27,0.50,2.26,13.81,0.53,2.11,2.37,8.57,187.39,341.82,2.24
1998-07-28,1.71,1.79,14.10,0.41,1.62,1.92,8.62,134.15,355.92,2.60
1998-07-29,5.61,1.77,12.77,0.41,1.64,1.93,8.15,144.70,346.74,3.62
1998-07-30,4.30,1.56,12.56,0.90,3.58,1.74,8.19,128.45,349.59,4.20
1998-07-31,2.87,1.98,13.28,0.99,3.95,2.14,7.97,148.57,347.49,3.46
1998-08-01,0.05,1.93,11.69,0.80,3.21,1.99,7.39,166.15,334.45,2.63
1998-08-02,4.25,2.58,12.86,0.50,2.01,2.72,7.38,212.90,326.15,2.96
1998-08-03,1.97,2.22,13.65,0.58,2.30,2.47,8.17,163.39,344.31,6.53
1998-08-04,0.10,2.90,13.87,0.53,2.11,3.01,7.58,199.74,333.70,7.02
1998-08-05,2.77,3.33,14.40,0.39,1.54,3.58,7.35,221.95,328.24,6.61
1998-08-06,1.83,2.04,15.07,0.34,1.35,2.27,9.08,135.70,358.03,6.15
1998-08-07,6.58,1.48,14.22,0.68,2.73,1.61,8.95,109.59,360.55,2.97
1998-08-08,0.25,2.15,14.80,1.04,4.16,2.32,9.27,179.03,345.07,4.05
1998-08-09,0.01,2.34,14.94,0.60,2.40,2.35,8.84,183.51,343.49,3.04
1998-08-10,0.04,1.55,15.29,0.39,1.56,1.59,9.35,113.06,364.04,2.19
1998-08-11,0.20,2.55,16.06,0.32,1.28,2.60,9.63,205.81,342.82,2.39
1998-08-12,2.95,2.37,14.11,0.31,1.25,2.59,8.06,160.42,344.01,5.97
1998-08-13,1.03,2.23,13.03,0.33,1.31,2.46,7.47,150.89,340.75,5.94
1998-08-14,1.46,1.62,15.10,0.30,1.18,1.82,9.49,113.76,361.86,5.36
1998-08-15,0.05,3.09,12.93,0.31,1.24,3.16,6.70,238.67,309.55,5.32
1998-08-16,7.46,1.69,13.37,0.27,1.08,1.91,8.00,99.19,357.37,5.68
1998-08-17,0.20,2.87,14.82,0.56,2.22,3.03,8.05,202.03,332.08,5.90
1998-08-18,0.01,2.51,12.10,0.44,1.75,2.52,6.72,215.29,312.30,3.03
1998-08-19,0.92,2.34,13.25,0.30,1.21,2.53,7.60,181.67,329.85,4.66
1998-08-20,12.48,1.86,13.28,0.34,1.37,2.11,7.86,111.45,351.98,6.69
1998-08-21,0.55,2.33,12.44,1.41,5.63,2.56,7.21,188.11,322.35,5.45
1998-08-22,0.67,2.39,11.28,0.54,2.15,2.59,6.37,200.85,310.09,4.38
1998-08-23,4.51,1.06,10.54,0.36,1.43,1.21,7.20,86.15,345.59,3.56
1998-08-24,0.06,2.14,10.62,0.48,1.93,2.23,6.04,174.24,314.11,4.01
1998-08-25,6.19,1.26,9.84,0.37,1.47,1.39,6.48,105.37,335.06,2.64
1998-08-26,0.03,1.67,9.86,0.56,2.23,1.71,5.91,131.53,324.47,3.31
1998-08-27,0.00,1.94,9.91,0.38,1.52,1.94,5.97,178.52,307.82,3.06
1998-08-28,0.00,1.48,11.93,0.30,1.19,1.48,7.28,121.81,338.76,2.32
1998-08-29,2.19,1.25,13.32,0.27,1.08,1.34,8.25,96.96,353.89,2.15
1998-08-30,0.00,1.97,13.39,0.29,1.16,1.97,8.28,184.05,325.00,2.36
1998-08-31,9.74,1.74,12.82,0.27,1.06,1.94,7.91,143.02,334.95,4.89
1998-09-01,15.32,0.87,12.75,4.78,19.10,1.04,8.93,87.64,353.00,4.64
1998-09-02,0.07,1.35,13.20,1.93,7.71,1.39,8.79,130.33,340.74,1.84
1998-09-03,0.19,0.99,12.61,0.82,3.27,1.10,8.63,94.08,349.60,3.06
1998-09-04,0.03,1.32,12.26,0.57,2.27,1.35,7.74,114.50,339.82,2.54
1998-09-05,0.00,1.04,13.10,0.44,1.75,1.04,8.69,95.42,350.63,1.84
1998-09-06,0.40,1.13,13.08,0.38,1.51,1.26,8.54,95.90,349.93,3.27
1998-09-07,4.39,2.07,15.47,0.34,1.36,2.26,9.15,160.26,337.43,5.00
1998-09-08,4.13,1.48,14.53,0.45,1.81,1.68,8.98,100.76,354.16,5.51
1998-09-09,10.78,1.24,14.15,1.47,5.89,1.39,9.14,105.43,350.32,3.85
1998-09-10,8.67,1.06,13.10,5.86,23.40,1.20,8.50,87.84,351.22,3.26
1998-09-11,2.92,1.55,10.04,2.11,8.42,1.76,6.03,108.71,325.21,4.73
1998-09-12,5.62,1.01,6.69,1.15,4.60,1.15,5.36,111.23,308.09,2.79
1998-09-13,0.00,1.70,8.50,1.95,7.80,1.70,5.15,130.34,305.05,5.01
1998-09-14,0.00,2.10,10.63,0.84,3.35,2.10,5.80,156.19,303.20,5.69
1998-09-15,0.01,1.48,9.45,0.54,2.16,1.49,5.72,100.01,323.17,4.74
1998-09-16,0.91,1.93,9.98,0.50,2.00,2.23,5.77,106.63,321.72,8.50
1998-09-17,0.61,1.21,10.10,0.39,1.57,1.34,6.23,104.88,323.73,2.64
1998-09-18,0.09,1.54,13.27,0.36,1.43,1.65,7.99,141.64,324.07,3.33
1998-09-19,0.00,1.34,13.14,0.33,1.32,1.34,7.96,136.51,324.85,1.78
1998-09-20,0.01,1.52,15.22,0.31,1.24,1.53,9.04,151.28,328.67,1.81
1998-09-21,0.01,1.38,13.73,0.29,1.17,1.39,8.29,150.07,320.20,1.42
1998-09-22,0.00,0.84,10.77,0.28,1.12,0.84,7.18,81.02,336.39,2.20
1998-09-23,0.01,1.07,11.47,0.28,1.10,1.08,7.14,89.03,334.89,3.04
1998-09-24,0.11,0.84,11.03,0.27,1.08,0.89,7.21,72.01,340.73,2.73
1998-09-25,0.00,0.72,11.01,0.27,1.07,0.72,7.52,74.58,339.12,2.07
1998-09-26,0.01,0.57,11.01,0.27,1.07,0.58,7.79,60.72,345.41,2.20
1998-09-27,4.03,0.54,11.51,0.28,1.12,0.63,8.11,56.13,349.49,2.71
1998-09-28,1.23,0.46,11.59,0.69,2.77,0.51,8.23,53.10,350.83,1.33
1998-09-29,4.40,0.80,10.79,0.39,1.57,0.87,7.14,96.05,324.01,1.55
1998-09-30,16.87,0.56,11.69,2.93,11.70,0.74,8.21,50.99,351.16,5.54
1998-10-01,3.89,0.67,11.24,5.18,20.70,0.87,7.87,62.72,342.73,5.86
1998-10-02,1.54,0.56,9.49,2.07,8.28,0.68,6.30,28.65,340.44,3.37
1998-10-03,1.53,0.61,8.06,1.07,4.29,0.69,5.73,59.59,326.37,1.88
1998-10-04,6.06,0.70,7.84,0.96,3.83,0.88,5.81,46.34,331.90,4.48
1998-10-05,7.83,0.83,8.45,3.65,14.60,1.04,5.96,49.37,333.59,5.26
1998-10-06,0.59,1.06,9.08,3.03,12.10,1.26,5.80,67.89,323.51,4.72
1998-10-07,0.56,0.66,7.31,1.33,5.33,0.77,5.43,67.15,314.93,2.63
1998-10-08,0.01,0.72,6.53,0.90,3.58,0.73,4.99,102.93,286.15,2.29
1998-10-09,3.62,0.80,9.38,1.07,4.27,0.99,6.40,61.19,328.26,4.79
1998-10-10,1.96,1.09,8.88,0.99,3.95,1.27,5.48,91.76,301.63,4.08
1998-10-11,1.39,1.22,8.16,0.91,3.62,1.48,5.34,98.85,292.29,6.36
1998-10-12,2.69,1.51,8.70,0.70,2.80,1.78,5.08,102.18,288.94,6.43
1998-10-13,3.30,0.49,9.80,0.91,3.65,0.61,7.05,48.61,336.69,3.76
1998-10-14,2.49,1.07,8.92,1.15,4.59,1.30,5.74,103.97,289.15,5.37
1998-10-15,3.41,1.04,6.86,0.87,3.47,1.26,4.72,92.95,283.59,4.91
1998-10-16,12.94,0.17,7.29,6.26,25.00,0.24,6.15,21.95,330.43,4.08
1998-10-17,5.77,0.69,5.25,4.25,17.00,0.90,4.69,42.75,314.02,5.23
1998-10-18,1.40,0.64,3.39,2.13,8.50,0.80,3.88,62.36,286.97,3.79
1998-10-19,0.10,0.61,4.05,1.36,5.42,0.73,4.25,82.01,274.80,4.24
1998-10-20,15.58,0.40,3.60,3.30,13.20,0.54,4.46,38.85,307.68,4.14
1998-10-21,5.46,0.94,12.15,6.68,26.70,1.19,7.72,64.39,329.51,7.29
1998-10-22,2.31,1.17,12.96,4.15,16.60,1.42,7.77,64.04,332.11,7.20
1998-10-23,3.37,0.76,8.37,1.91,7.62,0.94,5.63,82.47,290.62,4.51
1998-10-24,22.51,0.40,6.71,15.84,63.30,0.57,5.71,34.26,325.21,5.32
1998-10-25,0.06,1.27,6.16,3.55,14.20,1.42,4.39,80.44,275.19,8.52
1998-10-26,14.89,0.65,4.60,2.28,9.10,0.84,4.28,77.16,271.17,4.79
1998-10-27,9.81,0.84,7.21,9.61,38.40,1.11,5.33,54.33,305.29,7.42
1998-10-28,5.74,1.03,5.91,8.01,32.00,1.33,4.54,63.90,286.54,7.95
1998-10-29,0.45,0.96,5.05,3.03,12.10,1.26,4.27,58.26,286.42,7.61
1998-10-30,0.00,0.70,4.33,1.54,6.17,0.70,4.07,80.06,260.07,5.38
1998-10-31,0.01,0.26,3.39,1.09,4.35,0.27,4.14,64.29,271.69,2.60
1998-11-01,0.00,0.44,2.54,0.90,3.59,0.44,3.71,62.68,265.69,3.92
1998-11-02,52.51,0.19,1.83,17.50,69.90,0.26,4.06,31.49,296.92,3.38
1998-11-03,6.14,0.54,4.10,19.92,79.60,0.76,4.39,38.07,298.91,6.03
1998-11-04,0.62,0.31,0.97,3.43,13.70,0.42,3.37,58.22,259.30,3.48
1998-11-05,2.11,0.48,3.61,2.39,9.55,0.68,4.26,31.82,301.85,5.44
1998-11-06,0.12,0.25,3.31,1.74,6.94,0.29,4.05,47.25,280.78,2.78
1998-11-07,3.09,0.63,7.03,1.31,5.25,0.81,5.28,23.76,327.44,5.00
1998-11-08,8.02,0.49,8.93,2.49,9.95,0.65,6.30,32.60,326.09,5.02
1998-11-09,3.69,1.28,9.59,3.63,14.50,1.60,5.79,44.33,311.37,9.20
1998-11-10,0.34,0.55,4.95,2.68,10.70,0.74,4.36,56.48,271.62,5.28
1998-11-11,1.56,0.33,4.79,1.41,5.65,0.44,4.52,38.23,293.86,3.60
1998-11-12,4.77,0.42,6.16,1.50,5.98,0.61,5.37,22.41,322.41,6.32
1998-11-13,5.36,0.37,4.73,2.63,10.50,0.52,4.67,28.22,305.83,4.64
1998-11-14,5.95,0.27,4.54,3.78,15.10,0.40,4.77,11.76,315.86,4.98
1998-11-15,0.04,0.31,2.65,3.05,12.20,0.34,3.87,37.10,280.34,4.05
1998-11-16,0.00,0.08,0.28,1.41,5.62,0.08,3.32,46.04,255.89,2.55
1998-11-17,0.48,0.01,-1.69,1.03,4.10,0.01,3.12,23.80,277.69,0.98
1998-11-18,1.39,0.00,-0.17,1.01,4.02,0.00,3.68,20.61,290.23,0.83
1998-11-19,0.20,0.01,0.41,0.91,3.62,0.01,3.73,26.81,282.81,1.78
1998-11-20,1.09,0.37,3.25,0.82,3.29,0.53,4.18,18.91,306.93,4.74
1998-11-21,0.26,0.55,7.43,0.81,3.24,0.74,5.69,10.19,330.33,7.69
1998-11-22,3.81,0.29,4.71,0.99,3.94,0.41,4.71,10.00,316.35,4.41
1998-11-23,1.81,0.01,2.20,1.04,4.15,0.01,4.23,28.66,285.65,2.35
1998-11-24,0.08,0.05,4.76,1.02,4.07,0.06,4.91,36.79,284.15,3.46
1998-11-25,2.09,0.05,3.75,0.85,3.41,0.07,4.65,22.67,301.31,2.77
1998-11-26,0.23,0.49,5.54,0.94,3.77,0.68,4.71,30.42,294.35,5.73
1998-11-27,3.89,0.01,5.42,0.80,3.19,0.02,5.34,9.13,320.98,2.27
1998-11-28,0.45,0.11,6.40,1.34,5.35,0.15,5.51,26.77,305.52,3.90
1998-11-29,1.09,0.01,1.93,1.05,4.18,0.01,3.89,40.84,257.68,2.17
1998-11-30,0.86,0.00,3.53,0.88,3.52,0.00,4.72,15.32,310.83,0.88
1998-12-01,1.74,0.00,5.67,0.91,3.62,0.01,5.50,14.87,322.05,1.13
1998-12-02,0.35,0.00,4.28,1.02,4.07,0.00,4.75,22.58,299.01,0.79
1998-12-03,1.07,0.05,2.96,0.88,3.52,0.07,4.39,14.94,306.87,2.32
1998-12-04,0.87,0.34,0.33,0.74,2.97,0.50,3.08,25.95,268.47,4.54
1998-12-05,0.00,0.11,-1.35,0.63,2.53,0.12,2.90,32.02,250.09,3.88
1998-12-06,0.06,0.00,-3.54,0.54,2.15,0.00,2.66,37.19,232.20,2.13
1998-12-07,1.43,0.00,-0.07,0.58,2.32,0.00,3.77,7.91,293.92,1.79
1998-12-08,1.59,0.09,5.79,0.89,3.55,0.13,5.46,7.85,322.80,4.29
1998-12-09,0.14,0.02,4.34,0.83,3.32,0.03,4.81,24.16,292.85,3.04
1998-12-10,1.30,0.24,6.91,0.75,2.98,0.35,5.73,14.57,325.19,4.88
1998-12-11,2.66,0.00,4.39,0.75,3.01,0.01,4.94,23.00,295.11,3.05
1998-12-12,9.25,0.07,6.53,2.45,9.78,0.10,5.63,16.19,319.41,3.06
1998-12-13,4.63,0.44,5.74,4.00,16.00,0.63,4.94,17.00,312.21,5.77
1998-12-14,2.24,0.71,10.57,3.18,12.70,0.95,6.92,14.96,341.32,7.61
1998-12-15,0.03,0.46,5.53,1.76,7.04,0.51,4.60,19.75,303.62,4.83
1998-12-16,0.29,0.83,7.18,1.06,4.24,1.02,5.04,15.54,321.14,6.74
1998-12-17,2.61,0.89,9.48,0.93,3.70,1.18,6.17,16.64,331.11,8.57
1998-12-18,6.69,0.24,4.34,1.77,7.08,0.34,4.52,16.95,304.50,4.02
1998-12-19,0.00,0.18,2.11,1.97,7.87,0.18,3.78,22.76,280.20,4.04
1998-12-20,0.00,0.16,-0.93,1.00,3.98,0.16,2.74,31.11,246.25,3.48
1998-12-21,0.13,0.09,-1.48,0.69,2.76,0.13,2.96,13.76,281.86,2.49
1998-12-22,1.44,0.09,1.95,0.74,2.96,0.13,4.09,14.58,298.71,3.77
1998-12-23,0.19,0.12,1.92,0.84,3.37,0.16,3.84,20.23,285.39,3.57
1998-12-24,2.86,0.32,3.62,0.86,3.43,0.49,4.45,12.86,310.60,5.94
1998-12-25,5.29,0.52,5.65,2.45,9.78,0.72,4.80,17.38,309.97,6.04
1998-12-26,12.95,0.76,3.06,4.93,19.70,1.10,3.85,7.43,306.47,9.33
1998-12-27,4.13,0.83,2.33,4.23,16.90,1.15,3.44,16.02,294.40,8.07
1998-12-28,1.13,0.15,0.24,1.85,7.41,0.21,3.39,17.61,283.20,3.58
1998-12-29,1.68,0.26,2.08,1.76,7.02,0.40,3.92,7.57,302.90,5.21
1998-12-30,1.62,0.52,5.98,2.21,8.83,0.74,4.96,19.40,308.67,6.55
1998-12-31,0.20,0.07,5.15,1.46,5.84,0.10,5.11,21.16,302.77,3.95
1999-01-01,4.10,0.44,5.68,1.12,4.47,0.64,4.94,18.32,309.70,6.15
1999-01-02,4.95,0.62,4.92,2.75,11.00,0.90,4.59,19.01,304.24,8.34
1999-01-03,9.34,0.34,3.42,3.05,12.20,0.49,4.14,19.31,296.51,4.87
1999-01-04,8.74,1.27,5.59,4.38,17.50,1.63,4.17,16.73,311.22,10.03
1999-01-05,24.71,0.18,5.55,21.85,87.30,0.27,5.19,8.12,321.18,4.34
1999-01-06,0.34,0.11,4.94,5.71,22.80,0.16,5.05,15.14,316.17,3.23
1999-01-07,5.08,0.02,2.89,2.58,10.30,0.03,4.46,15.46,305.82,2.18
1999-01-08,2.77,0.04,1.76,3.45,13.80,0.05,4.02,18.96,293.04,2.75
1999-01-09,0.65,0.03,-0.13,1.88,7.50,0.05,3.33,29.73,262.56,2.98
1999-01-10,0.47,0.00,-1.62,1.19,4.74,0.00,2.99,35.11,246.72,1.84
1999-01-11,1.59,0.00,-1.65,0.94,3.75,0.00,3.04,35.77,246.83,1.61
1999-01-12,1.07,0.24,0.32,0.89,3.57,0.38,3.41,23.72,278.01,5.15
1999-01-13,2.76,0.48,2.06,2.01,8.04,0.70,3.72,15.95,301.54,5.97
1999-01-14,13.22,0.77,2.52,4.03,16.10,1.09,3.61,22.62,290.46,8.48
1999-01-15,19.68,0.73,5.16,20.20,80.70,1.03,4.64,18.27,314.28,8.66
1999-01-16,1.87,0.61,1.29,5.01,20.00,0.88,3.25,35.51,262.47,7.18
1999-01-17,3.12,0.64,2.03,2.80,11.20,0.93,3.55,28.09,280.80,7.73
1999-01-18,6.34,0.51,3.42,2.93,11.70,0.74,4.19,19.08,306.08,6.67
1999-01-19,2.49,0.68,7.02,5.03,20.10,0.94,5.30,24.70,315.15,7.44
1999-01-20,1.74,0.23,4.81,2.73,10.90,0.32,4.72,30.34,295.79,4.04
1999-01-21,0.17,0.19,2.35,1.73,6.91,0.26,3.81,42.25,264.60,3.88
1999-01-22,0.02,0.37,2.30,1.24,4.95,0.40,3.75,32.86,279.88,4.98
1999-01-23,1.31,0.50,3.91,1.09,4.37,0.72,4.38,19.29,311.72,6.33
1999-01-24,27.89,0.42,4.00,7.33,29.30,0.58,4.33,24.81,303.72,4.82
1999-01-25,1.40,0.36,3.04,10.36,41.40,0.53,4.17,30.36,291.69,5.76
1999-01-26,0.03,0.42,2.39,2.49,9.93,0.48,3.82,32.28,285.68,5.44
1999-01-27,0.87,0.22,1.67,1.57,6.27,0.31,3.86,23.87,296.48,3.65
1999-01-28,0.24,0.37,4.27,1.31,5.24,0.51,4.25,48.95,272.91,4.44
1999-01-29,1.60,0.01,3.10,1.13,4.53,0.01,4.54,13.20,309.25,1.43
1999-01-30,0.24,0.00,5.53,1.09,4.34,0.01,5.50,34.97,304.67,1.22
1999-01-31,0.04,0.04,5.81,0.95,3.80,0.04,5.50,27.74,316.21,1.23
1999-02-01,0.00,0.10,4.92,0.86,3.42,0.10,4.98,49.03,289.07,2.44
1999-02-02,0.12,0.33,4.88,0.79,3.15,0.42,4.82,29.88,310.37,4.06
1999-02-03,1.27,0.74,8.42,0.78,3.11,0.98,5.92,25.61,333.53,6.71
1999-02-04,0.37,1.52,7.38,0.98,3.91,1.87,4.77,54.97,293.53,11.87
1999-02-05,0.00,1.20,3.68,0.77,3.09,1.21,3.48,53.18,276.54,8.34
1999-02-06,0.66,0.48,2.23,0.61,2.44,0.67,3.75,33.13,295.18,4.83
1999-02-07,0.03,0.65,-1.11,0.55,2.21,0.71,2.60,67.60,243.04,5.88
1999-02-08,0.00,0.32,-2.11,0.51,2.05,0.32,2.61,63.98,244.99,3.26
1999-02-09,0.05,0.52,-1.75,0.47,1.87,0.59,2.63,80.41,232.76,5.47
1999-02-10,0.24,0.56,-0.40,0.52,2.07,0.72,2.81,74.87,244.34,4.52
1999-02-11,0.02,0.24,1.85,0.47,1.88,0.26,3.79,37.98,293.03,2.22
1999-02-12,0.47,0.21,2.32,0.51,2.04,0.27,4.14,39.15,296.06,2.51
1999-02-13,0.34,0.22,2.26,0.52,2.09,0.28,4.10,56.22,281.67,2.49
1999-02-14,0.90,0.67,5.09,0.54,2.17,0.87,4.54,33.75,314.82,5.08
1999-02-15,1.10,0.75,5.18,0.54,2.17,1.00,4.59,42.20,308.59,6.39
1999-02-16,0.04,1.15,2.70,0.53,2.11,1.25,3.36,78.40,263.11,8.61
1999-02-17,4.80,0.44,0.91,0.48,1.90,0.60,3.47,46.94,284.85,4.22
1999-02-18,2.72,0.37,5.53,0.77,3.08,0.51,5.26,37.59,318.12,4.68
1999-02-19,0.54,1.03,6.32,1.11,4.42,1.29,4.65,78.41,286.97,6.33
1999-02-20,9.66,0.82,3.61,1.42,5.66,1.09,3.99,60.81,288.96,6.53
1999-02-21,1.57,0.73,2.41,2.00,8.01,1.03,3.81,77.38,272.40,7.77
1999-02-22,0.04,0.97,1.04,1.01,4.04,1.08,3.17,97.74,250.12,8.88
1999-02-23,0.02,0.71,0.89,0.67,2.68,0.74,2.99,82.61,260.33,3.72
1999-02-24,0.08,0.46,0.45,0.58,2.30,0.50,3.07,84.91,259.19,2.02
1999-02-25,0.31,0.63,5.68,0.57,2.26,0.84,5.09,47.49,315.46,6.51
1999-02-26,2.84,0.94,5.40,0.60,2.39,1.19,4.48,70.59,296.59,5.85
1999-02-27,6.12,1.00,2.77,0.97,3.88,1.30,3.63,100.27,263.58,7.09
1999-02-28,14.19,0.92,3.81,5.96,23.80,1.24,4.13,66.21,293.86,8.40
1999-03-01,4.01,0.68,4.46,3.78,15.10,0.85,4.45,82.63,289.11,3.77
1999-03-02,6.37,0.34,4.71,4.83,19.30,0.43,5.09,43.86,316.87,3.07
1999-03-03,8.58,0.46,3.39,5.71,22.80,0.58,4.46,66.39,296.80,3.24
1999-03-04,9.01,0.63,1.93,5.48,21.90,0.89,3.77,46.04,300.77,6.44
1999-03-05,0.93,0.97,1.46,2.48,9.89,1.26,3.23,76.90,278.74,6.53
1999-03-06,19.15,0.31,1.62,2.18,8.72,0.45,3.85,26.96,300.80,4.32
1999-03-07,3.16,0.73,2.28,7.38,29.50,1.00,3.78,48.79,302.13,6.55
1999-03-08,2.03,0.61,1.71,2.33,9.32,0.78,3.65,67.33,289.72,3.69
1999-03-09,2.34,0.47,1.97,1.97,7.86,0.62,3.97,50.70,301.75,3.94
1999-03-10,0.00,0.63,1.93,1.62,6.47,0.63,3.73,100.72,274.75,1.98
1999-03-11,3.58,0.77,2.08,1.35,5.41,0.98,3.66,77.59,287.66,4.68
1999-03-12,0.22,0.61,5.33,2.78,11.10,0.69,5.11,71.08,310.19,3.78
1999-03-13,0.01,1.20,5.48,1.79,7.16,1.21,4.42,138.88,273.95,3.96
1999-03-14,0.00,1.25,5.73,1.17,4.69,1.25,4.37,125.24,282.52,4.28
1999-03-15,0.53,1.18,7.14,0.90,3.58,1.40,5.05,84.44,312.35,5.46
1999-03-16,0.04,0.89,8.54,0.80,3.20,0.95,6.07,62.62,332.28,5.17
1999-03-17,1.23,1.25,8.72,0.67,2.68,1.41,5.86,136.57,297.89,3.41
1999-03-18,0.00,1.65,6.37,0.66,2.65,1.65,4.37,155.36,274.13,5.62
1999-03-19,0.57,1.53,5.83,0.54,2.14,1.76,4.01,118.34,288.99,4.82
1999-03-20,3.66,1.13,5.92,0.50,2.01,1.36,4.59,77.92,312.13,5.13
1999-03-21,4.93,0.95,5.44,0.86,3.45,1.22,4.82,80.00,310.71,6.33
1999-03-22,4.81,1.00,4.07,0.81,3.24,1.24,4.13,81.38,302.47,5.11
1999-03-23,1.27,0.94,7.47,1.48,5.90,1.15,5.66,82.52,321.42,4.65
1999-03-24,0.25,1.53,7.12,1.05,4.18,1.80,4.96,130.76,297.25,6.40
1999-03-25,0.00,0.97,5.02,0.68,2.71,0.98,4.40,101.85,300.24,2.43
1999-03-26,0.25,1.22,3.78,0.57,2.27,1.40,3.93,143.81,276.32,3.38
1999-03-27,0.02,1.50,3.86,0.50,1.99,1.53,3.54,179.78,259.85,2.71
1999-03-28,8.48,1.26,4.18,0.44,1.74,1.51,3.94,107.40,294.31,5.16
1999-03-29,2.70,1.56,8.70,2.78,11.10,1.83,5.75,129.17,311.00,6.80
1999-03-30,0.21,1.97,7.85,1.12,4.47,2.20,4.87,184.18,282.26,5.04
1999-03-31,0.01,1.01,8.06,0.66,2.63,1.02,5.77,89.81,325.21,2.76
1999-04-01,0.00,1.64,9.41,0.54,2.17,1.64,5.85,145.25,310.68,3.83
1999-04-02,0.04,1.17,7.41,0.47,1.88,1.20,5.66,129.14,309.07,2.04
1999-04-03,0.40,1.05,7.16,0.44,1.76,1.12,5.63,117.68,312.70,1.23
1999-04-04,1.84,1.10,8.98,0.42,1.67,1.24,6.34,106.14,326.53,2.69
1999-04-05,5.38,1.46,10.82,0.50,2.00,1.70,6.81,98.15,338.56,6.15
1999-04-06,2.12,1.72,9.38,1.25,5.01,2.00,6.05,140.65,316.25,7.40
1999-04-07,0.82,1.91,8.49,0.94,3.76,2.16,5.28,152.93,306.26,5.93
1999-04-08,0.12,1.36,9.40,0.54,2.17,1.47,6.44,128.54,322.80,4.10
1999-04-09,1.41,1.91,10.98,0.50,1.98,2.15,6.36,126.97,330.12,5.80
1999-04-10,0.19,2.30,8.58,0.48,1.91,2.48,5.15,191.88,294.34,7.64
1999-04-11,7.22,1.71,6.44,0.50,1.99,1.99,4.67,146.76,300.48,6.56
1999-04-12,5.60,1.49,5.51,1.22,4.89,1.76,4.50,134.89,300.82,6.03
1999-04-13,5.22,1.20,0.97,1.38,5.50,1.44,3.18,135.56,277.54,4.65
1999-04-14,4.63,1.52,0.25,1.20,4.80,1.67,2.91,214.59,248.87,2.12
1999-04-15,2.91,1.02,2.37,2.10,8.38,1.21,3.84,116.08,293.32,3.67
1999-04-16,0.01,1.32,1.98,1.44,5.77,1.34,3.36,152.30,278.36,2.97
1999-04-17,0.97,1.35,2.56,1.02,4.07,1.48,3.78,169.68,278.07,2.00
1999-04-18,6.21,1.17,2.09,1.59,6.34,1.25,3.84,149.42,283.42,1.23
1999-04-19,2.34,1.47,2.92,2.53,10.10,1.62,3.69,174.67,278.20,2.44
1999-04-20,16.59,0.55,4.47,6.33,25.30,0.79,4.85,50.79,315.76,6.66
1999-04-21,3.00,1.49,8.25,3.90,15.60,1.74,5.84,135.21,320.19,5.74
1999-04-22,1.36,1.73,8.08,2.53,10.10,1.97,5.53,155.99,312.72,5.20
1999-04-23,0.20,1.85,7.55,1.31,5.24,1.93,5.19,181.43,302.28,3.02
1999-04-24,0.04,1.39,8.11,0.89,3.57,1.41,5.80,134.60,320.78,1.23
1999-04-25,0.00,1.35,7.77,0.72,2.86,1.35,5.77,128.79,321.34,3.41
1999-04-26,0.01,1.00,7.02,0.63,2.50,1.01,5.93,112.20,323.50,4.42
1999-04-27,0.00,2.41,9.43,0.55,2.21,2.41,6.09,242.95,297.20,3.22
1999-04-28,0.00,2.06,8.95,0.47,1.88,2.06,5.83,199.78,307.15,1.47
1999-04-29,0.01,2.78,10.70,0.44,1.75,2.79,6.15,258.55,298.50,2.24
1999-04-30,0.00,2.00,8.07,0.40,1.61,2.00,5.30,187.43,306.09,2.99
1999-05-01,0.00,2.48,7.88,0.38,1.52,2.48,4.96,243.19,289.83,2.98
1999-05-02,0.00,1.45,7.88,0.36,1.44,1.45,5.39,125.61,323.99,2.16
1999-05-03,0.00,2.82,11.03,0.35,1.40,2.82,6.34,256.54,304.86,1.40
1999-05-04,0.00,2.12,8.99,0.33,1.33,2.12,5.71,191.36,312.59,3.48
1999-05-05,6.91,2.24,8.55,0.32,1.28,2.49,5.50,206.70,306.46,5.48
1999-05-06,2.19,0.61,8.67,0.54,2.14,0.75,6.58,58.05,337.03,3.76
1999-05-07,15.08,1.34,9.26,0.64,2.54,1.48,6.80,130.92,332.60,2.88
1999-05-08,6.45,1.46,8.99,3.33,13.30,1.60,6.67,146.15,327.77,2.83
1999-05-09,9.23,1.56,11.36,4.78,19.10,1.73,7.32,123.76,344.63,3.70
1999-05-10,4.92,2.64,11.60,3.70,14.80,2.81,6.90,228.93,319.25,3.74
1999-05-11,6.83,1.91,10.68,1.88,7.50,2.08,6.71,158.40,332.77,3.39
1999-05-12,3.94,1.90,10.11,3.20,12.80,2.04,6.69,170.95,327.53,2.80
1999-05-13,9.07,1.50,9.39,4.51,18.00,1.63,6.66,138.71,332.31,2.67
1999-05-14,0.12,1.82,9.18,2.08,8.33,1.90,6.22,165.69,324.30,2.57
1999-05-15,0.01,1.59,9.17,1.07,4.28,1.60,6.02,138.08,330.70,1.19
1999-05-16,0.00,1.51,8.91,0.77,3.06,1.51,6.03,129.93,331.72,1.96
1999-05-17,0.01,1.92,7.03,0.60,2.38,1.94,4.62,155.81,313.51,3.75
1999-05-18,0.01,3.22,8.97,0.50,2.00,3.24,5.30,314.43,284.45,4.58
1999-05-19,0.00,2.95,10.43,0.44,1.75,2.95,6.27,271.04,305.24,2.74
1999-05-20,0.58,3.23,11.64,0.40,1.60,3.33,6.48,279.40,308.74,2.45
1999-05-21,3.31,2.65,9.52,0.39,1.57,2.94,5.57,213.28,313.65,7.40
1999-05-22,1.78,2.90,8.76,0.40,1.59,3.21,5.15,255.84,298.81,8.17
1999-05-23,6.19,2.50,11.54,0.39,1.55,2.77,6.71,185.84,332.41,6.97
1999-05-24,0.14,2.97,9.79,0.66,2.64,3.19,5.74,268.91,302.60,6.05
1999-05-25,0.88,2.54,8.99,0.48,1.91,2.78,5.13,192.25,315.91,5.48
1999-05-26,0.07,2.35,12.03,0.39,1.57,2.44,7.24,184.17,336.52,5.77
1999-05-27,7.25,3.26,13.74,0.36,1.42,3.39,7.75,263.36,326.93,2.65
1999-05-28,7.53,1.46,11.56,1.33,5.30,1.62,7.74,120.86,349.09,3.52
1999-05-29,0.03,1.74,9.71,1.38,5.53,1.77,6.72,162.07,330.98,4.13
1999-05-30,0.00,2.18,7.27,0.60,2.41,2.18,4.99,203.46,306.85,3.99
1999-05-31,0.00,2.89,9.61,0.42,1.67,2.89,5.39,251.93,306.01,2.48
1999-06-01,0.00,2.83,12.69,0.35,1.40,2.83,6.73,218.23,329.90,2.33
1999-06-02,10.20,1.55,10.37,0.36,1.42,1.70,7.07,134.13,340.62,3.16
1999-06-03,0.76,1.34,9.63,0.70,2.80,1.47,7.02,124.02,339.55,2.60
1999-06-04,3.27,2.02,9.74,0.59,2.35,2.22,6.39,180.17,326.40,4.03
1999-06-05,6.27,2.47,8.80,1.76,7.03,2.58,5.63,228.04,309.11,1.94
1999-06-06,8.64,1.64,7.96,1.34,5.35,1.79,5.90,156.50,323.48,2.83
1999-06-07,2.24,1.81,7.62,1.77,7.08,1.96,5.64,174.79,317.26,2.67
1999-06-08,0.53,2.46,9.38,0.99,3.96,2.66,5.75,214.14,315.40,4.18
1999-06-09,0.04,2.83,9.63,0.57,2.28,2.89,5.48,240.85,308.93,3.88
1999-06-10,0.00,2.33,10.11,0.42,1.68,2.33,5.98,189.52,325.12,3.04
1999-06-11,3.25,1.75,9.13,0.36,1.44,1.91,5.97,143.07,332.02,3.03
1999-06-12,1.70,1.46,9.66,0.40,1.59,1.59,6.81,128.94,338.89,2.58
1999-06-13,0.68,1.90,11.11,0.46,1.84,2.06,7.08,155.78,339.76,3.27
1999-06-14,0.01,2.30,13.34,0.41,1.65,2.32,7.76,160.24,349.61,4.45
1999-06-15,0.00,3.27,13.53,0.33,1.33,3.27,7.26,253.95,327.69,2.86
1999-06-16,1.55,3.62,14.73,0.29,1.15,3.82,7.70,257.16,333.10,5.30
1999-06-17,0.00,3.73,12.21,0.27,1.06,3.73,6.28,306.62,306.31,3.60
1999-06-18,0.00,3.18,13.53,0.25,1.00,3.18,7.12,230.47,332.98,4.12
1999-06-19,4.96,1.84,13.60,0.25,1.00,2.06,8.35,121.23,359.76,5.73
1999-06-20,0.52,3.07,10.54,0.31,1.22,3.31,5.97,263.56,309.45,5.38
1999-06-21,1.48,2.69,9.27,0.27,1.06,2.88,5.51,236.05,309.44,3.70
1999-06-22,0.61,2.23,9.36,0.24,0.97,2.36,5.74,190.24,321.55,2.28
1999-06-23,0.00,2.16,10.93,0.24,0.95,2.16,6.94,184.00,332.52,2.56
1999-06-24,0.00,3.83,13.29,0.23,0.91,3.83,7.26,319.03,311.54,1.79
1999-06-25,0.00,4.17,15.16,0.21,0.83,4.17,7.67,320.76,319.45,2.64
1999-06-26,17.32,3.61,14.54,0.22,0.86,3.78,7.55,265.29,329.89,4.00
1999-06-27,6.39,1.43,12.06,1.04,4.15,1.56,8.22,122.30,352.00,2.71
1999-06-28,5.95,2.43,10.49,1.14,4.55,2.61,6.41,208.00,323.70,3.60
1999-06-29,0.14,3.20,11.80,0.97,3.87,3.31,6.48,265.19,315.44,3.24
1999-06-30,0.74,2.48,12.12,0.43,1.72,2.70,6.74,163.67,341.74,5.46
1999-07-01,0.32,2.04,13.09,0.33,1.31,2.16,8.02,158.62,348.57,2.38
1999-07-02,1.30,1.78,13.90,0.29,1.14,1.87,8.82,139.26,356.86,1.75
1999-07-03,3.79,1.44,14.02,0.31,1.25,1.56,9.36,117.22,361.69,2.70
1999-07-04,0.23,2.51,14.94,0.34,1.34,2.61,8.74,186.67,351.02,2.70
1999-07-05,1.78,3.02,14.56,0.26,1.05,3.11,8.63,242.85,336.37,1.72
1999-07-06,0.25,2.67,14.90,0.27,1.07,2.72,9.03,211.41,345.44,1.94
1999-07-07,0.79,1.92,15.10,0.23,0.92,2.02,9.20,140.65,361.93,2.10
1999-07-08,0.00,3.31,18.37,0.22,0.88,3.31,10.85,240.07,356.66,2.12
1999-07-09,0.01,3.24,17.89,0.20,0.82,3.25,10.91,243.37,353.86,2.28
1999-07-10,4.65,2.64,16.48,0.39,1.57,2.72,10.10,201.87,355.19,2.02
1999-07-11,0.00,3.05,15.21,0.37,1.49,3.05,9.14,247.59,338.19,3.66
1999-07-12,0.00,3.75,15.47,0.22,0.87,3.75,8.73,299.83,325.82,2.20
1999-07-13,2.78,2.03,13.77,0.20,0.79,2.18,8.44,154.75,351.77,3.25
1999-07-14,0.00,3.02,12.44,0.20,0.81,3.02,6.49,209.99,328.70,5.57
1999-07-15,0.18,2.91,12.34,0.18,0.74,3.04,6.58,213.43,327.48,4.60
1999-07-16,0.12,2.61,14.45,0.17,0.70,2.77,8.14,179.22,348.33,4.70
1999-07-17,2.31,2.29,14.21,0.18,0.71,2.50,8.32,157.66,352.50,5.00
1999-07-18,2.35,1.71,14.43,0.20,0.79,1.83,8.78,121.08,362.11,2.60
1999-07-19,6.49,2.00,15.59,0.20,0.80,2.14,9.39,138.33,363.56,3.24
1999-07-20,2.03,2.00,14.98,0.23,0.90,2.20,9.29,145.25,358.86,5.28
1999-07-21,0.03,2.33,12.49,0.28,1.11,2.40,7.15,149.21,344.86,7.02
1999-07-22,0.00,2.63,12.11,0.22,0.87,2.63,6.56,192.23,330.51,4.11
1999-07-23,0.00,3.27,15.06,0.18,0.73,3.27,8.16,237.15,334.90,4.96
1999-07-24,0.00,3.39,16.02,0.17,0.68,3.40,8.60,234.42,340.32,5.16
1999-07-25,0.00,2.35,12.29,0.17,0.66,2.35,6.43,165.34,337.44,2.77
1999-07-26,0.00,3.89,12.48,0.16,0.63,3.89,5.68,327.46,288.76,2.39
1999-07-27,0.00,3.81,12.40,0.15,0.60,3.81,6.34,335.59,289.65,2.34
1999-07-28,0.00,2.38,12.38,0.15,0.60,2.38,7.25,194.59,331.21,2.76
1999-07-29,0.00,3.07,13.79,0.16,0.62,3.07,7.33,243.22,323.67,2.61
1999-07-30,0.00,3.20,15.16,0.15,0.60,3.20,8.20,249.92,329.72,2.45
1999-07-31,0.00,3.27,16.43,0.15,0.58,3.27,8.37,236.99,338.33,2.32
1999-08-01,0.00,3.08,16.96,0.14,0.57,3.08,8.83,223.11,344.18,2.01
1999-08-02,0.00,3.15,18.46,0.14,0.56,3.15,9.28,201.69,357.14,2.57
1999-08-03,0.11,2.97,17.34,0.14,0.55,3.03,9.64,209.16,350.53,3.16
1999-08-04,0.00,2.24,16.87,0.14,0.56,2.24,10.24,163.73,360.21,3.25
1999-08-05,4.80,1.71,15.62,0.16,0.64,1.85,9.92,130.93,362.01,3.20
1999-08-06,0.01,2.26,15.49,0.15,0.62,2.27,9.20,173.17,350.23,2.62
1999-08-07,0.31,0.80,13.38,0.15,0.61,0.90,8.64,57.14,359.52,3.37
1999-08-08,1.89,1.82,12.31,0.15,0.61,2.05,7.21,107.06,351.61,5.52
1999-08-09,0.03,1.21,10.95,0.16,0.63,1.27,6.73,56.29,347.61,5.76
1999-08-10,0.00,1.78,10.37,0.15,0.60,1.78,5.71,116.71,336.99,3.01
1999-08-11,0.00,1.92,10.84,0.15,0.62,1.92,5.78,155.35,326.71,1.60
1999-08-12,3.22,1.86,11.49,0.14,0.57,1.97,6.79,152.78,332.63,2.16
1999-08-13,3.16,1.59,14.06,0.14,0.56,1.73,8.88,125.50,354.09,3.10
1999-08-14,4.26,1.89,12.37,0.19,0.75,2.05,7.56,154.53,336.61,3.42
1999-08-15,0.59,2.30,12.10,0.19,0.77,2.49,6.88,176.46,326.80,4.57
1999-08-16,0.67,2.60,11.38,0.17,0.67,2.77,6.28,225.48,305.84,3.47
1999-08-17,18.45,1.31,10.83,0.17,0.69,1.46,6.92,97.10,345.22,3.14
1999-08-18,25.86,1.56,11.73,2.28,9.12,1.76,7.72,140.85,336.68,4.62
1999-08-19,1.05,1.71,11.52,1.83,7.30,1.95,6.99,110.16,343.76,6.11
1999-08-20,0.00,1.65,9.86,0.62,2.49,1.65,5.70,111.84,333.14,3.28
1999-08-21,0.00,2.32,9.75,0.38,1.50,2.32,5.29,220.20,293.68,1.84
1999-08-22,0.00,2.23,9.77,0.28,1.10,2.23,5.40,208.67,297.59,2.07
1999-08-23,0.00,2.17,10.65,0.23,0.93,2.17,6.09,193.51,308.49,2.75
1999-08-24,0.15,1.90,11.57,0.21,0.83,2.06,6.47,134.57,333.01,3.58
1999-08-25,14.94,0.50,13.24,0.29,1.15,0.60,9.08,48.75,358.46,3.31
1999-08-26,1.07,2.03,15.45,1.01,4.02,2.20,9.35,159.22,345.98,4.06
1999-08-27,0.00,2.32,14.78,0.50,1.99,2.32,8.08,163.96,338.61,3.87
1999-08-28,0.00,2.54,13.97,0.32,1.26,2.54,7.68,223.03,313.23,2.40
1999-08-29,2.95,1.77,12.59,0.25,1.00,1.92,7.53,142.24,334.56,3.49
1999-08-30,0.64,1.73,12.68,0.25,0.98,1.91,7.51,126.84,339.73,4.18
1999-08-31,0.05,1.32,14.66,0.23,0.92,1.36,9.00,93.62,360.73,2.94
1999-09-01,0.02,1.66,16.25,0.22,0.86,1.70,9.83,108.77,362.78,4.45
1999-09-02,0.00,2.54,18.36,0.21,0.83,2.55,10.72,179.17,349.78,4.65
1999-09-03,0.00,2.10,17.07,0.20,0.80,2.10,10.00,157.17,349.56,3.44
1999-09-04,0.01,1.97,16.34,0.19,0.75,1.98,9.59,172.90,339.68,1.45
1999-09-05,0.02,2.17,17.36,0.18,0.71,2.18,9.70,180.29,340.67,1.66
1999-09-06,11.26,1.89,16.69,0.18,0.71,2.02,9.62,140.74,351.13,2.88
1999-09-07,0.32,1.87,13.36,0.27,1.06,2.03,7.80,155.52,327.27,3.60
1999-09-08,2.28,1.88,13.33,0.25,1.00,2.10,7.65,119.23,340.29,5.83
1999-09-09,0.20,2.56,11.65,0.21,0.83,2.69,5.83,192.52,295.83,5.27
1999-09-10,0.01,2.28,12.76,0.18,0.73,2.30,6.61,184.07,306.15,3.82
1999-09-11,3.70,1.27,15.84,0.19,0.74,1.41,9.61,79.66,366.91,3.55
1999-09-12,0.37,1.48,11.00,0.20,0.80,1.60,6.53,132.55,319.65,2.55
1999-09-13,0.02,1.67,11.21,0.18,0.71,1.70,6.60,153.97,310.68,3.21
1999-09-14,0.01,1.45,10.02,0.17,0.67,1.45,6.15,155.50,302.97,1.76
1999-09-15,0.25,1.44,10.40,0.16,0.65,1.52,6.44,154.85,304.94,1.93
1999-09-16,1.85,0.99,11.39,0.17,0.66,1.12,7.47,87.19,340.14,2.91
1999-09-17,0.84,1.30,10.00,0.17,0.68,1.45,6.46,128.98,313.16,3.21
1999-09-18,0.14,1.36,12.09,0.17,0.66,1.46,7.40,83.66,343.62,5.85
1999-09-19,18.23,1.09,13.91,0.17,0.68,1.32,8.96,71.73,357.44,6.62
1999-09-20,19.83,0.62,13.85,4.28,17.10,0.81,9.65,63.38,359.57,6.34
1999-09-21,0.40,1.41,13.18,1.69,6.74,1.50,8.25,145.55,320.02,3.06
1999-09-22,7.12,0.85,11.90,1.07,4.28,0.93,8.08,93.28,336.88,1.93
1999-09-23,5.97,0.94,13.27,2.83,11.30,1.05,8.66,91.40,343.69,2.72
1999-09-24,4.70,1.11,13.06,1.63,6.51,1.28,8.30,97.34,338.96,3.99
1999-09-25,0.05,1.10,12.01,0.99,3.95,1.14,7.55,115.01,323.83,2.33
1999-09-26,5.15,0.62,10.07,0.87,3.48,0.66,7.14,74.06,334.25,0.97
1999-09-27,2.60,0.51,10.28,0.98,3.92,0.61,7.50,54.58,344.44,2.80
1999-09-28,4.50,0.89,10.81,0.73,2.93,0.99,7.04,90.24,327.65,2.46
1999-09-29,4.19,0.63,11.01,1.16,4.65,0.75,7.70,67.07,340.68,3.00
1999-09-30,2.09,0.79,9.85,1.04,4.17,0.93,6.65,64.58,335.08,3.42
1999-10-01,4.97,0.92,7.53,0.95,3.78,1.14,5.50,64.58,321.95,5.35
1999-10-02,0.98,0.97,6.79,0.98,3.91,1.17,5.16,103.93,294.03,4.46
1999-10-03,1.11,0.97,7.52,0.65,2.59,1.18,5.36,84.29,308.21,4.62
1999-10-04,0.02,1.06,5.97,0.53,2.11,1.10,4.57,118.54,277.04,4.07
1999-10-05,0.02,0.66,4.69,0.40,1.61,0.68,4.29,110.93,274.74,1.48
1999-10-06,0.22,0.63,5.65,0.35,1.39,0.73,4.77,77.02,300.61,2.25
1999-10-07,1.23,0.95,10.10,0.34,1.34,1.13,6.48,76.11,323.44,4.28
1999-10-08,0.34,0.64,10.18,0.32,1.28,0.77,6.98,51.02,339.86,3.65
1999-10-09,0.13,0.70,12.33,0.31,1.24,0.84,8.10,50.27,350.26,4.31
1999-10-10,0.28,1.05,12.58,0.30,1.18,1.26,7.82,68.95,338.59,5.90
1999-10-11,0.08,1.23,7.65,0.28,1.10,1.40,4.89,100.37,287.10,5.17
1999-10-12,0.00,0.73,7.75,0.27,1.08,0.74,5.30,67.64,311.49,2.85
1999-10-13,0.00,0.78,9.14,0.24,0.95,0.78,6.07,83.90,307.03,3.51
1999-10-14,1.07,0.37,9.25,0.23,0.92,0.42,6.64,43.86,336.49,1.58
1999-10-15,0.14,0.52,9.11,0.23,0.94,0.56,6.39,47.38,332.31,2.75
1999-10-16,0.00,0.41,9.41,0.24,0.95,0.41,6.58,45.16,334.85,1.84
1999-10-17,0.00,0.92,8.76,0.23,0.91,0.93,5.56,78.71,302.62,4.18
1999-10-18,1.73,0.90,7.15,0.21,0.86,1.08,4.80,56.11,310.46,4.05
1999-10-19,6.57,0.94,7.32,0.23,0.93,1.15,4.99,63.77,304.57,4.90
1999-10-20,0.04,1.28,7.26,0.43,1.71,1.38,4.66,60.50,304.58,6.62
1999-10-21,15.44,1.03,7.32,0.60,2.41,1.33,5.05,19.80,328.37,7.75
1999-10-22,0.51,0.48,10.26,3.03,12.10,0.61,7.16,71.19,314.14,4.07
1999-10-23,1.94,0.31,10.28,1.08,4.31,0.38,7.38,42.70,336.60,2.86
1999-10-24,16.77,0.26,9.15,3.05,12.20,0.34,6.99,34.45,337.42,3.41
1999-10-25,1.65,0.49,10.30,5.21,20.80,0.62,7.12,37.84,339.10,4.30
1999-10-26,0.34,0.46,9.50,1.63,6.53,0.54,6.41,45.50,326.84,2.79
1999-10-27,0.78,1.00,10.09,0.94,3.76,1.25,6.32,36.81,336.49,6.45
1999-10-28,0.04,0.62,7.69,0.70,2.79,0.67,5.14,78.87,281.40,3.51
1999-10-29,0.45,0.41,7.34,0.56,2.25,0.53,5.65,48.01,310.86,3.62
1999-10-30,5.45,0.78,11.38,0.68,2.71,1.00,7.11,16.32,349.91,6.14
1999-10-31,0.35,1.65,9.40,1.10,4.41,1.84,5.33,63.49,298.98,9.80
1999-11-01,0.90,0.96,9.35,0.66,2.65,1.22,6.04,33.55,332.03,6.92
1999-11-02,0.23,0.71,6.36,0.52,2.08,0.91,4.74,67.40,277.68,5.34
1999-11-03,0.74,0.89,10.14,0.45,1.78,1.10,6.36,28.95,339.75,5.69
1999-11-04,4.12,1.22,10.07,0.42,1.69,1.53,6.19,28.27,339.20,8.65
1999-11-05,16.21,0.44,7.73,4.05,16.20,0.62,6.04,25.44,331.22,6.06
1999-11-06,0.04,0.99,4.77,2.73,10.90,1.08,3.87,58.98,270.69,6.75
1999-11-07,1.28,0.16,5.59,1.02,4.09,0.21,5.35,24.94,320.02,2.69
1999-11-08,0.00,0.19,8.45,0.83,3.33,0.20,6.24,34.58,321.59,2.48
1999-11-09,0.02,0.06,4.50,0.62,2.49,0.06,4.72,45.17,287.37,1.63
1999-11-10,0.24,0.06,4.70,0.55,2.21,0.08,4.85,42.60,290.75,1.97
1999-11-11,0.44,0.14,6.32,0.53,2.10,0.17,5.17,12.55,324.39,2.01
1999-11-12,0.80,0.08,6.80,0.53,2.11,0.11,5.75,12.28,327.69,2.64
1999-11-13,0.32,0.28,7.03,0.56,2.22,0.35,5.56,21.56,327.07,2.88
1999-11-14,0.72,0.20,6.96,0.50,2.00,0.26,5.69,21.07,327.08,2.69
1999-11-15,0.16,0.17,5.22,0.49,1.97,0.21,4.99,22.57,315.30,2.47
1999-11-16,0.00,0.26,2.83,0.45,1.81,0.26,3.89,45.27,268.61,3.91
1999-11-17,0.00,0.47,1.29,0.40,1.59,0.47,3.13,41.98,261.81,4.39
1999-11-18,3.94,0.49,1.49,0.37,1.48,0.68,3.25,40.71,264.06,4.91
1999-11-19,7.14,0.42,2.77,1.50,5.98,0.59,3.87,33.12,282.41,5.22
1999-11-20,0.14,0.05,1.61,1.31,5.24,0.06,3.63,38.89,267.51,2.01
1999-11-21,0.25,0.05,1.53,0.79,3.17,0.07,3.96,18.25,299.76,1.88
1999-11-22,0.03,0.09,5.26,0.67,2.66,0.10,4.93,35.87,289.30,3.14
1999-11-23,2.26,0.58,7.99,0.57,2.27,0.77,5.71,18.18,330.56,5.42
1999-11-24,4.17,0.45,8.11,2.22,8.88,0.62,6.01,17.92,331.53,5.54
1999-11-25,1.71,0.24,7.32,1.35,5.40,0.33,5.76,24.90,315.11,4.23
1999-11-26,5.09,1.20,7.82,2.06,8.25,1.53,5.18,17.52,327.99,9.51
1999-11-27,4.03,0.53,5.09,1.31,5.24,0.74,4.52,29.40,292.67,6.04
1999-11-28,7.41,0.89,9.01,2.75,11.00,1.20,6.08,8.97,337.96,9.63
1999-11-29,2.39,0.12,3.00,1.92,7.68,0.17,3.97,29.07,281.53,2.85
1999-11-30,5.19,1.06,8.29,3.23,12.90,1.40,5.57,20.73,322.66,10.42
1999-12-01,2.95,0.76,4.86,2.58,10.30,1.03,4.13,32.35,280.34,7.14
1999-12-02,21.47,0.56,2.94,2.83,11.30,0.80,3.86,19.63,295.77,6.45
1999-12-03,1.58,0.45,2.43,12.41,49.60,0.71,3.95,19.77,293.48,7.91
1999-12-04,0.64,0.30,0.18,2.36,9.41,0.47,3.25,27.08,267.07,5.63
1999-12-05,4.43,0.18,0.98,1.94,7.74,0.27,3.70,15.13,295.14,4.23
1999-12-06,6.28,0.80,8.55,5.23,20.90,1.09,5.88,17.20,328.29,8.47
1999-12-07,1.55,0.66,3.83,2.98,11.90,0.93,3.99,22.06,292.20,6.99
1999-12-08,31.54,0.67,4.61,8.61,34.40,0.94,4.37,17.32,306.47,7.44
1999-12-09,7.32,0.47,3.84,19.42,77.60,0.69,4.32,17.14,303.25,6.70
1999-12-10,4.05,0.03,1.71,3.73,14.90,0.05,3.77,28.03,270.31,2.87
1999-12-11,8.31,0.00,2.40,4.98,19.90,0.00,4.40,7.61,306.00,2.81
1999-12-12,2.35,0.08,2.12,4.68,18.70,0.11,4.06,16.00,297.16,3.10
1999-12-13,2.24,0.00,-0.59,2.31,9.22,0.00,3.27,26.56,261.48,2.05
1999-12-14,8.36,0.20,-0.32,1.52,6.07,0.30,3.18,19.41,275.88,4.22
1999-12-15,0.53,0.38,0.68,1.37,5.46,0.54,3.20,25.57,266.40,5.48
1999-12-16,8.22,0.47,3.02,5.63,22.50,0.67,3.97,14.01,303.81,5.70
1999-12-17,0.02,0.57,3.71,7.88,31.50,0.62,4.02,25.42,281.62,7.24
1999-12-18,0.66,0.07,-2.29,2.02,8.08,0.09,2.62,18.75,266.10,2.08
1999-12-19,0.00,0.12,-3.38,1.18,4.71,0.12,2.36,33.91,230.73,3.91
1999-12-20,5.58,0.07,-5.10,0.79,3.16,0.10,2.14,13.44,263.81,2.00
1999-12-21,1.30,0.02,0.67,0.89,3.55,0.04,3.75,21.70,277.33,4.09
1999-12-22,6.41,0.30,4.53,3.63,14.50,0.48,4.81,7.33,315.92,6.74
1999-12-23,7.43,0.65,4.68,4.05,16.20,0.93,4.34,22.13,293.60,7.76
1999-12-24,12.91,0.70,5.64,8.94,35.70,1.00,4.73,20.95,301.65,8.72
1999-12-25,2.38,0.90,2.32,5.61,22.40,1.25,3.45,17.18,291.37,9.55
1999-12-26,0.38,0.13,1.01,2.46,9.82,0.20,3.57,21.93,277.48,3.96
1999-12-27,0.00,0.11,0.89,1.58,6.32,0.11,3.54,20.11,280.95,3.37
1999-12-28,0.07,0.04,-0.11,1.09,4.34,0.05,3.24,31.40,253.45,3.14
1999-12-29,1.91,0.05,0.73,0.86,3.44,0.08,3.38,33.57,253.29,3.25
1999-12-30,0.93,0.00,2.33,1.23,4.91,0.00,4.35,7.63,305.57,2.54
1999-12-31,0.87,0.05,3.94,1.45,5.79,0.08,4.80,13.84,312.14,3.03
2000-01-01,0.06,0.19,3.53,1.30,5.21,0.23,4.22,23.77,286.58,4.18
2000-01-02,3.80,0.44,5.66,1.04,4.14,0.62,4.88,18.09,310.39,5.54
2000-01-03,0.09,0.65,5.07,1.60,6.41,0.80,4.39,21.85,298.16,6.58
2000-01-04,3.99,0.36,2.01,1.38,5.50,0.54,3.81,15.78,297.75,5.56
2000-01-05,5.30,0.74,5.22,1.37,5.47,1.03,4.61,14.18,317.65,8.11
2000-01-06,2.68,0.61,4.55,2.39,9.56,0.84,4.05,34.14,271.04,6.29
2000-01-07,4.71,0.93,6.66,3.40,13.60,1.27,5.00,8.34,325.40,9.85
2000-01-08,1.28,0.64,3.26,2.78,11.10,0.89,3.72,28.52,277.41,6.51
2000-01-09,0.05,0.09,1.00,1.38,5.51,0.11,3.48,35.28,256.75,3.68
2000-01-10,4.74,0.31,3.76,2.27,9.08,0.47,4.46,8.72,311.66,5.72
2000-01-11,17.03,0.27,5.52,8.56,34.20,0.39,5.12,16.49,318.39,4.59
2000-01-12,1.27,0.06,3.61,5.43,21.70,0.08,4.59,9.01,311.51,2.89
2000-01-13,8.02,0.01,0.24,2.50,10.00,0.01,3.50,31.31,265.38,2.27
2000-01-14,0.84,0.52,1.80,4.08,16.30,0.75,3.52,23.11,286.48,6.13
2000-01-15,0.06,0.13,0.91,1.89,7.54,0.14,3.39,26.38,277.37,2.66
2000-01-16,0.05,0.09,1.79,1.28,5.13,0.10,3.67,25.83,283.83,2.23
2000-01-17,0.06,0.16,3.99,1.13,4.53,0.18,4.08,44.72,262.29,3.28
2000-01-18,0.02,0.19,4.70,1.13,4.52,0.21,4.70,25.00,302.66,3.37
2000-01-19,0.02,0.02,3.12,1.03,4.13,0.02,4.25,35.14,278.71,2.09
2000-01-20,0.00,0.19,3.56,0.87,3.48,0.19,4.17,35.02,281.12,3.51
2000-01-21,0.20,0.19,2.60,0.74,2.96,0.25,3.90,37.40,273.49,3.65
2000-01-22,0.81,0.72,3.10,0.83,3.30,0.98,3.61,32.73,282.08,6.24
2000-01-23,1.24,0.24,1.56,0.69,2.74,0.34,3.49,34.94,273.69,3.39
2000-01-24,0.34,0.09,2.12,0.69,2.74,0.13,3.89,33.76,280.91,2.53
2000-01-25,0.00,0.02,1.11,0.64,2.56,0.02,3.65,41.36,266.20,1.55
2000-01-26,0.05,0.07,1.17,0.58,2.30,0.08,3.68,32.03,280.91,2.07
2000-01-27,2.83,0.44,3.48,0.57,2.26,0.62,4.16,25.86,301.79,5.00
2000-01-28,6.61,0.55,5.40,1.16,4.64,0.80,4.91,30.59,306.17,7.60
2000-01-29,1.04,1.33,6.28,3.13,12.50,1.70,4.42,42.62,290.89,10.94
2000-01-30,5.80,0.61,5.69,2.06,8.24,0.85,4.94,24.35,318.06,6.85
2000-01-31,8.98,0.74,6.41,5.13,20.50,0.98,4.99,25.22,320.74,6.44
2000-02-01,0.56,0.80,6.56,3.35,13.40,1.06,4.96,31.99,314.37,6.73
2000-02-02,0.46,0.85,4.29,1.70,6.78,1.12,3.93,50.51,280.77,6.49
2000-02-03,2.45,0.50,5.05,1.09,4.35,0.67,4.67,31.11,309.92,4.78
2000-02-04,0.92,0.74,9.24,1.57,6.27,1.00,6.36,33.64,329.76,7.69
2000-02-05,1.31,0.87,7.87,1.36,5.42,1.15,5.55,29.06,327.90,7.57
2000-02-06,2.52,0.90,7.02,1.26,5.02,1.17,5.13,28.06,324.97,7.27
2000-02-07,4.68,1.06,4.91,2.03,8.11,1.39,4.20,31.12,310.50,8.80
2000-02-08,5.62,1.06,4.25,2.24,8.94,1.39,3.93,45.55,292.50,8.57
2000-02-09,10.59,1.19,4.96,3.50,14.00,1.52,4.02,43.00,299.24,8.55
2000-02-10,1.80,1.13,3.99,6.63,26.50,1.48,3.81,64.79,274.35,9.37
2000-02-11,8.67,0.97,5.13,2.78,11.10,1.27,4.32,53.23,293.35,7.66
2000-02-12,1.01,0.76,2.29,4.56,18.20,1.06,3.63,64.24,270.71,7.63
2000-02-13,0.31,0.72,2.10,1.95,7.79,0.95,3.43,89.22,248.33,5.47
2000-02-14,0.93,0.35,2.08,1.48,5.91,0.48,3.96,39.97,295.15,4.01
2000-02-15,5.38,0.58,2.25,1.85,7.38,0.80,3.72,47.08,289.30,5.33
2000-02-16,4.12,0.57,-0.36,1.58,6.31,0.80,3.00,66.17,261.00,5.43
2000-02-17,4.62,0.42,0.89,1.85,7.38,0.58,3.51,66.03,269.71,4.19
2000-02-18,3.34,0.31,3.05,6.01,24.00,0.43,4.39,34.61,307.81,3.96
2000-02-19,0.00,0.51,1.98,3.18,12.70,0.51,3.64,82.67,263.48,3.58
2000-02-20,2.79,0.42,0.53,1.57,6.29,0.53,3.24,73.39,264.37,2.68
2000-02-21,0.01,0.68,2.90,1.55,6.20,0.69,3.76,90.25,264.05,4.31
2000-02-22,0.50,0.47,1.30,1.11,4.44,0.56,3.27,78.50,265.49,2.23
2000-02-23,1.51,0.56,5.69,1.13,4.50,0.75,5.09,45.24,315.74,5.14
2000-02-24,2.33,0.94,2.90,1.24,4.95,1.21,3.55,70.11,280.95,5.93
2000-02-25,0.72,0.88,3.38,1.03,4.10,1.13,3.85,92.56,269.64,5.74
2000-02-26,6.98,1.00,4.96,0.91,3.62,1.26,4.20,66.86,296.21,5.89
2000-02-27,12.82,0.75,6.66,6.38,25.50,1.04,5.26,23.57,326.10,8.33
2000-02-28,9.07,1.08,3.11,4.56,18.20,1.40,3.69,90.32,272.89,8.03
2000-02-29,0.70,0.64,3.11,5.43,21.70,0.83,3.98,55.72,298.29,4.26
2000-03-01,3.22,1.08,2.16,2.04,8.14,1.34,3.23,115.78,254.70,5.34
2000-03-02,7.96,0.73,4.21,5.03,20.10,1.01,4.47,45.18,312.67,7.46
2000-03-03,0.91,1.15,2.09,3.25,13.00,1.44,3.21,101.13,265.51,6.46
2000-03-04,0.16,0.89,0.07,1.54,6.16,1.11,2.88,117.79,248.40,4.51
2000-03-05,1.16,0.88,2.87,1.19,4.76,1.14,3.80,79.05,286.65,5.95
2000-03-06,0.62,1.23,9.13,1.33,5.30,1.52,6.07,92.08,313.09,7.86
2000-03-07,1.78,1.04,9.55,1.38,5.52,1.32,6.40,56.92,335.96,7.39
2000-03-08,8.07,1.79,11.44,3.48,13.90,2.12,6.72,90.52,326.90,10.51
2000-03-09,4.99,1.11,7.93,3.58,14.30,1.38,5.50,61.58,325.70,6.78
2000-03-10,0.14,0.91,7.63,2.85,11.40,1.11,5.63,67.82,322.09,5.69
2000-03-11,0.03,1.77,7.25,1.47,5.86,1.84,4.39,125.57,285.28,6.37
2000-03-12,0.02,0.95,5.94,0.98,3.90,0.98,4.84,104.67,295.15,3.49
2000-03-13,0.00,0.98,8.82,0.86,3.45,0.98,6.02,60.99,333.23,5.34
2000-03-14,0.00,1.50,4.79,0.79,3.17,1.50,3.77,109.77,284.62,6.25
2000-03-15,0.00,1.27,5.76,0.64,2.56,1.27,4.38,82.21,306.08,5.95
2000-03-16,0.00,1.25,7.96,0.59,2.35,1.25,4.95,72.60,322.59,4.09
2000-03-17,0.03,0.99,7.35,0.54,2.16,1.02,5.05,65.51,324.40,3.39
2000-03-18,0.02,1.40,4.76,0.50,2.01,1.43,3.87,176.20,257.24,2.73
2000-03-19,0.00,1.21,6.47,0.48,1.91,1.21,4.87,137.62,287.85,2.99
2000-03-20,0.00,1.50,8.15,0.46,1.82,1.50,4.97,134.84,296.45,3.38
2000-03-21,0.93,0.89,6.67,0.44,1.75,1.04,4.93,65.39,323.18,2.97
2000-03-22,0.61,0.79,4.58,0.45,1.78,0.86,4.46,99.69,298.47,1.25
2000-03-23,10.49,0.56,3.58,0.73,2.90,0.74,4.61,65.12,310.42,4.56
2000-03-24,0.48,0.87,5.52,1.36,5.43,1.07,4.96,87.35,310.51,4.29
2000-03-25,0.01,1.21,3.67,0.77,3.06,1.22,3.91,149.88,273.35,2.86
2000-03-26,1.85,1.03,2.94,0.58,2.33,1.17,3.89,135.89,277.44,2.46
2000-03-27,1.13,1.10,3.60,0.64,2.55,1.34,3.88,92.28,298.12,4.93
2000-03-28,0.05,1.18,3.09,0.59,2.37,1.26,3.45,114.17,285.48,3.25
2000-03-29,0.00,1.24,3.68,0.49,1.97,1.24,3.80,135.63,281.71,3.16
2000-03-30,1.34,1.04,4.17,0.46,1.82,1.15,4.23,126.11,290.22,1.81
2000-03-31,1.61,0.79,4.21,0.51,2.04,0.87,4.45,91.19,305.44,1.48
2000-04-01,1.80,1.07,4.05,0.55,2.18,1.17,4.33,131.82,290.13,1.86
2000-04-02,6.30,0.38,2.84,0.88,3.51,0.54,4.35,41.90,307.59,4.73
2000-04-03,1.46,1.11,0.63,1.20,4.81,1.46,3.13,100.83,283.48,8.42
2000-04-04,0.99,1.71,1.48,0.81,3.24,2.03,2.90,181.22,256.76,7.11
2000-04-05,0.01,1.67,3.04,0.67,2.67,1.69,3.41,204.38,258.02,2.84
2000-04-06,0.00,1.79,4.08,0.59,2.36,1.79,3.50,221.30,256.66,1.54
2000-04-07,0.10,1.72,5.13,0.50,2.00,1.82,3.93,172.14,281.15,3.53
2000-04-08,0.35,1.14,6.14,0.46,1.82,1.31,4.82,95.80,316.41,3.50
2000-04-09,0.19,0.94,4.67,0.45,1.80,1.12,4.64,94.01,310.79,3.64
2000-04-10,1.94,1.18,4.60,0.43,1.73,1.30,4.35,127.37,298.71,2.20
2000-04-11,12.58,0.38,3.05,0.99,3.95,0.49,4.40,46.70,308.57,2.93
2000-04-12,18.55,0.53,3.54,5.13,20.50,0.78,4.51,47.23,310.91,7.22
2000-04-13,12.29,0.56,3.00,10.94,43.70,0.80,4.27,47.74,307.92,6.64
2000-04-14,0.18,1.52,2.93,3.83,15.30,1.70,3.69,180.24,274.29,4.08
2000-04-15,0.96,1.41,1.95,1.70,6.80,1.57,3.35,171.44,272.15,2.64
2000-04-16,3.67,1.50,3.33,1.29,5.15,1.66,3.89,180.10,278.06,2.69
2000-04-17,11.66,0.43,2.82,4.81,19.20,0.58,4.36,49.79,307.53,4.31
2000-04-18,3.61,1.54,5.50,2.93,11.70,1.69,4.70,170.84,293.84,2.68
2000-04-19,6.78,1.97,7.31,2.13,8.51,2.16,5.00,197.11,294.12,3.60
2000-04-20,2.45,2.41,9.99,3.03,12.10,2.66,5.92,211.35,304.14,5.84
2000-04-21,1.25,1.98,8.55,1.71,6.83,2.22,5.59,184.07,306.36,5.06
2000-04-22,0.10,1.26,7.60,1.18,4.72,1.32,5.75,122.83,321.64,2.16
2000-04-23,9.32,2.12,7.66,1.97,7.88,2.25,5.39,225.07,291.21,2.14
2000-04-24,11.56,1.66,7.88,2.43,9.69,1.76,5.83,170.92,309.96,1.71
2000-04-25,8.11,0.86,6.74,7.53,30.10,1.07,5.87,97.14,326.31,4.87
2000-04-26,11.52,0.77,6.41,7.18,28.70,0.96,5.88,95.61,325.52,4.53
2000-04-27,2.10,1.81,8.37,4.53,18.10,1.92,5.86,179.42,310.81,2.03
2000-04-28,0.04,1.35,8.69,1.92,7.68,1.39,6.17,123.78,328.68,2.29
2000-04-29,0.01,1.17,8.28,1.24,4.97,1.18,6.22,111.12,330.72,2.43
2000-04-30,0.00,2.91,9.91,0.93,3.70,2.91,5.76,279.86,288.98,2.04
2000-05-01,0.00,2.21,9.28,0.71,2.84,2.21,5.93,208.85,309.07,2.08
2000-05-02,0.00,2.81,8.98,0.61,2.42,2.81,5.66,281.30,288.00,2.34
2000-05-03,0.00,1.40,7.04,0.54,2.15,1.40,5.25,122.56,321.40,3.60
2000-05-04,0.00,2.44,6.42,0.50,2.00,2.44,4.55,257.17,280.92,2.91
2000-05-05,0.00,1.82,6.07,0.46,1.82,1.82,4.88,193.80,298.40,3.46
2000-05-06,0.00,2.07,8.64,0.43,1.71,2.07,5.94,205.33,309.56,3.47
2000-05-07,0.00,2.91,11.07,0.39,1.57,2.91,6.60,268.06,305.51,3.37
2000-05-08,0.01,2.74,10.27,0.36,1.45,2.76,6.29,257.06,304.57,2.77
2000-05-09,0.02,2.92,12.13,0.35,1.38,2.93,7.02,253.57,315.53,1.75
2000-05-10,0.00,1.25,8.71,0.34,1.34,1.26,6.47,120.83,332.92,4.34
2000-05-11,0.00,2.40,8.20,0.33,1.31,2.40,5.29,224.75,302.11,5.86
2000-05-12,0.00,2.83,9.88,0.31,1.23,2.83,5.96,264.99,301.36,4.36
2000-05-13,0.00,3.05,11.71,0.30,1.18,3.05,6.70,266.24,311.11,2.62
2000-05-14,0.24,3.63,14.28,0.31,1.23,3.68,7.82,297.59,317.55,1.99
2000-05-15,0.00,2.81,14.72,0.31,1.23,2.81,7.93,205.91,342.19,2.42
2000-05-16,11.49,2.23,11.66,0.31,1.23,2.39,6.81,171.82,335.24,3.40
2000-05-17,1.46,2.25,8.49,0.48,1.93,2.49,5.62,213.42,309.16,5.16
2000-05-18,4.65,2.25,8.19,0.45,1.78,2.45,5.44,212.17,307.88,3.90
2000-05-19,2.66,2.06,7.88,0.47,1.87,2.24,5.50,198.31,310.50,3.61
2000-05-20,2.77,1.56,8.21,0.43,1.70,1.70,5.75,136.82,327.30,2.62
2000-05-21,1.98,1.82,9.34,0.52,2.07,1.93,6.44,166.36,326.93,2.03
2000-05-22,0.26,3.04,9.17,0.46,1.82,3.20,5.04,267.59,297.03,3.28
2000-05-23,0.58,1.89,8.70,0.36,1.44,2.09,5.67,154.50,325.45,4.33
2000-05-24,0.32,3.14,8.29,0.33,1.30,3.32,4.86,297.59,286.21,4.07
2000-05-25,3.40,2.53,7.62,0.29,1.16,2.71,5.03,244.38,297.94,3.46
2000-05-26,21.61,2.10,7.30,0.54,2.14,2.25,5.22,203.46,307.38,2.64
2000-05-27,2.51,1.82,6.69,3.08,12.30,2.06,5.10,178.25,310.57,4.97
2000-05-28,2.76,1.99,6.91,1.11,4.42,2.12,5.12,193.59,308.13,2.33
2000-05-29,1.40,2.68,8.01,0.82,3.26,2.86,5.04,251.37,298.55,3.64
2000-05-30,1.00,2.99,8.19,0.60,2.39,3.12,5.02,285.98,291.04,2.33
2000-05-31,2.99,2.91,9.24,0.47,1.87,3.08,5.15,251.01,303.90,3.20
2000-06-01,3.22,1.98,12.28,0.46,1.84,2.22,7.64,151.48,345.87,5.89
2000-06-02,4.56,1.96,10.04,0.57,2.29,2.15,6.51,167.98,330.64,4.08
2000-06-03,31.81,1.65,7.69,3.38,13.50,1.86,5.84,168.38,319.34,4.32
2000-06-04,0.93,0.90,7.38,7.71,30.80,1.09,5.85,81.29,330.30,4.68
2000-06-05,0.07,0.79,8.18,1.95,7.81,0.85,5.96,66.86,334.08,2.51
2000-06-06,5.11,1.75,9.30,1.86,7.45,1.89,6.41,156.77,330.22,2.74
2000-06-07,0.59,2.85,10.36,1.27,5.07,3.03,5.67,229.57,315.13,3.80
2000-06-08,0.08,2.11,11.37,0.77,3.09,2.18,6.78,156.80,340.00,3.94
2000-06-09,2.21,1.63,10.08,0.61,2.43,1.72,6.75,137.88,338.63,1.70
2000-06-10,2.00,3.39,11.05,0.55,2.18,3.62,5.80,275.58,307.21,5.16
2000-06-11,0.84,2.72,10.44,0.46,1.84,2.97,5.90,210.13,321.39,5.95
2000-06-12,2.41,2.60,13.89,0.45,1.79,2.86,8.38,205.85,342.66,7.30
2000-06-13,0.26,4.29,12.46,0.51,2.02,4.57,5.85,320.42,301.38,8.03
2000-06-14,0.07,2.48,10.99,0.39,1.55,2.57,6.30,199.74,327.52,2.58
2000-06-15,0.00,3.62,10.82,0.34,1.34,3.62,5.56,310.88,296.76,2.98
2000-06-16,0.00,3.78,12.42,0.30,1.21,3.78,6.68,321.55,305.31,2.94
2000-06-17,0.00,3.10,15.93,0.28,1.13,3.10,9.07,223.61,348.87,3.93
2000-06-18,0.00,4.11,17.44,0.27,1.08,4.11,9.43,298.35,339.58,2.73
2000-06-19,0.01,3.67,16.57,0.26,1.03,3.69,8.91,262.65,342.66,3.10
2000-06-20,2.31,2.16,14.58,0.25,1.00,2.30,8.80,158.19,356.55,3.05
2000-06-21,2.51,2.64,13.77,0.26,1.05,2.86,7.95,190.41,345.06,5.56
2000-06-22,3.86,2.23,12.34,0.29,1.15,2.42,7.58,178.15,340.99,4.40
2000-06-23,0.24,2.31,10.98,0.30,1.19,2.53,6.38,156.45,337.96,6.62
2000-06-24,1.07,1.98,10.01,0.26,1.05,2.15,6.06,143.96,336.01,4.17
2000-06-25,0.03,2.70,9.70,0.25,0.99,2.73,5.66,233.48,312.13,2.81
2000-06-26,0.00,3.00,10.50,0.23,0.93,3.00,5.94,261.17,309.52,1.91
2000-06-27,0.02,2.52,11.44,0.23,0.90,2.54,6.76,210.41,327.96,1.76
2000-06-28,0.50,1.93,10.84,0.23,0.90,2.04,6.77,158.02,337.55,2.01
2000-06-29,0.01,1.64,9.46,0.23,0.90,1.65,6.08,130.36,336.63,2.33
2000-06-30,0.00,2.04,9.97,0.22,0.86,2.04,6.23,170.46,329.69,2.24
2000-07-01,0.17,2.06,12.09,0.21,0.84,2.13,7.34,164.39,341.93,1.93
2000-07-02,0.85,1.85,12.37,0.21,0.84,1.99,8.18,160.04,344.94,2.91
2000-07-03,0.00,1.95,12.08,0.22,0.86,1.96,7.64,159.67,343.19,2.48
2000-07-04,0.17,1.70,11.89,0.21,0.83,1.75,7.76,139.91,346.88,2.29
2000-07-05,8.35,0.91,11.16,0.21,0.84,1.01,7.06,66.65,348.88,2.29
2000-07-06,1.65,1.76,9.90,0.30,1.19,1.90,6.57,151.50,333.80,2.73
2000-07-07,0.40,2.48,10.85,0.26,1.05,2.63,6.20,198.01,325.40,3.17
2000-07-08,7.74,1.88,11.86,0.23,0.90,2.06,7.31,140.49,345.94,3.95
2000-07-09,25.91,1.53,11.96,1.49,5.97,1.69,8.06,132.08,348.64,3.38
2000-07-10,1.58,1.75,10.64,3.40,13.60,2.01,6.77,124.96,343.33,6.86
2000-07-11,0.00,3.08,9.85,0.90,3.59,3.08,5.24,251.19,303.36,4.95
2000-07-12,0.09,2.47,11.27,0.45,1.78,2.55,6.34,196.11,327.22,2.76
2000-07-13,0.03,2.34,12.64,0.34,1.34,2.40,7.14,159.67,343.98,4.67
2000-07-14,2.97,2.38,11.69,0.30,1.21,2.60,6.40,149.36,340.89,5.32
2000-07-15,0.00,2.73,11.05,0.28,1.13,2.73,6.13,216.17,319.97,4.32
2000-07-16,0.00,3.08,10.77,0.24,0.97,3.08,5.84,265.17,304.58,3.11
2000-07-17,0.00,3.19,11.25,0.21,0.85,3.19,6.38,285.54,303.13,2.26
2000-07-18,0.00,2.45,13.97,0.20,0.81,2.45,7.47,181.40,344.04,1.79
2000-07-19,0.00,3.84,15.59,0.20,0.79,3.84,7.41,273.13,325.89,3.27
2000-07-20,0.00,3.42,14.10,0.19,0.74,3.42,7.73,278.93,319.73,2.65
2000-07-21,0.01,3.74,14.86,0.18,0.71,3.75,8.44,310.85,316.93,1.97
2000-07-22,0.11,2.38,13.37,0.17,0.70,2.45,7.95,188.51,339.64,3.34
2000-07-23,0.17,1.90,12.52,0.17,0.68,2.01,7.76,149.25,345.18,3.59
2000-07-24,0.32,1.47,11.43,0.17,0.70,1.59,7.38,113.19,348.62,3.40
2000-07-25,0.04,1.40,12.17,0.18,0.73,1.41,7.78,109.05,353.11,1.81
2000-07-26,0.03,2.27,13.64,0.18,0.73,2.29,8.21,183.68,341.50,1.95
2000-07-27,0.67,2.57,14.71,0.18,0.71,2.67,8.53,201.34,341.92,2.15
2000-07-28,11.29,2.21,14.44,0.55,2.20,2.31,8.84,178.08,346.71,2.09
2000-07-29,3.95,1.96,14.19,0.79,3.15,2.05,9.05,161.97,349.37,1.84
2000-07-30,0.20,2.60,15.40,0.49,1.94,2.69,9.12,206.10,343.83,2.03
2000-07-31,8.48,1.33,14.55,0.44,1.75,1.46,9.63,107.90,363.20,2.92
2000-08-01,0.26,3.17,15.48,0.43,1.71,3.32,8.42,233.40,333.87,4.29
2000-08-02,24.01,2.21,13.83,1.31,5.25,2.36,8.40,178.82,341.33,3.22
2000-08-03,0.81,1.78,13.15,3.05,12.20,1.91,8.35,146.49,346.50,3.09
2000-08-04,0.00,1.97,13.45,0.85,3.38,1.97,7.92,143.76,347.91,3.25
2000-08-05,0.01,2.46,14.44,0.48,1.91,2.48,8.41,190.29,339.86,3.76
2000-08-06,0.00,3.04,16.88,0.35,1.41,3.04,9.66,221.00,343.96,4.74
2000-08-07,0.47,1.58,14.06,0.29,1.14,1.71,8.77,118.62,357.20,2.89
2000-08-08,2.62,1.98,15.49,0.26,1.03,2.07,9.78,161.53,352.76,2.13
2000-08-09,4.98,1.25,14.96,0.29,1.17,1.40,9.84,97.03,366.07,3.70
2000-08-10,0.04,2.25,15.92,0.35,1.40,2.32,9.15,140.90,359.27,4.88
2000-08-11,0.00,2.47,14.51,0.27,1.06,2.48,8.35,198.04,335.38,2.77
2000-08-12,1.48,2.03,15.37,0.23,0.92,2.17,9.20,151.48,353.17,3.18
2000-08-13,6.06,1.35,16.14,0.23,0.92,1.45,10.55,109.19,367.33,2.13
2000-08-14,0.31,1.79,16.00,0.36,1.44,1.94,10.12,138.35,359.28,3.83
2000-08-15,3.71,2.22,13.82,0.30,1.18,2.40,7.90,162.74,340.20,4.14
2000-08-16,5.98,2.12,12.61,0.38,1.52,2.29,7.51,174.41,330.25,3.76
2000-08-17,7.39,2.43,12.28,0.47,1.88,2.59,7.10,213.27,315.10,3.23
2000-08-18,6.28,2.08,12.12,0.64,2.57,2.19,7.28,185.94,323.12,2.18
2000-08-19,20.65,1.39,11.18,7.76,31.00,1.50,7.30,121.18,338.87,2.31
2000-08-20,10.30,1.98,10.84,5.38,21.50,2.09,6.71,187.66,314.69,1.97
2000-08-21,2.79,1.79,10.50,3.93,15.70,1.90,6.85,175.01,317.36,2.04
2000-08-22,1.40,2.02,11.69,1.37,5.49,2.10,7.22,189.71,317.80,2.19
2000-08-23,0.00,2.50,13.04,0.76,3.03,2.50,7.12,220.73,311.43,2.23
2000-08-24,0.00,2.54,15.18,0.51,2.04,2.54,7.54,175.23,336.13,2.94
2000-08-25,7.36,2.90,16.17,0.38,1.53,3.04,8.45,223.56,325.63,3.00
2000-08-26,5.89,1.04,14.95,1.20,4.78,1.19,9.95,85.19,365.22,3.70
2000-08-27,0.58,2.00,13.92,1.01,4.05,2.11,8.20,165.78,334.14,2.98
2000-08-28,0.46,1.59,12.18,0.61,2.44,1.65,7.78,147.59,331.55,2.20
2000-08-29,0.04,1.66,11.90,0.43,1.73,1.69,7.24,149.37,328.05,2.15
2000-08-30,0.00,1.70,12.00,0.35,1.38,1.70,7.18,154.04,326.04,1.95
2000-08-31,7.49,0.78,12.46,0.56,2.22,0.95,8.04,45.13,355.28,4.76
2000-09-01,8.69,1.19,12.36,2.78,11.10,1.31,8.22,110.41,343.17,2.61
2000-09-02,0.31,1.55,11.50,1.52,6.09,1.72,7.21,125.94,332.01,4.94
2000-09-03,0.00,1.79,9.15,0.73,2.92,1.79,5.35,170.84,298.55,2.47
2000-09-04,1.72,1.73,11.04,0.48,1.92,1.85,6.50,162.29,312.97,2.32
2000-09-05,6.39,1.53,14.12,0.41,1.65,1.66,8.55,123.09,344.86,2.99
2000-09-06,2.33,2.09,12.22,0.86,3.44,2.32,6.88,149.45,322.37,5.86
2000-09-07,2.38,1.56,12.41,0.97,3.86,1.78,7.48,102.57,342.61,5.57
2000-09-08,0.04,2.02,12.59,0.80,3.18,2.10,6.72,107.91,339.30,5.59
2000-09-09,1.83,1.63,12.29,0.49,1.95,1.79,6.72,99.04,341.18,3.67
2000-09-10,13.32,1.01,12.49,0.42,1.69,1.11,8.06,87.67,347.85,2.25
2000-09-11,6.81,0.93,13.71,4.38,17.50,1.07,9.28,88.14,353.10,3.79
2000-09-12,0.07,0.85,12.82,3.10,12.40,0.89,8.71,77.62,352.50,3.48
2000-09-13,0.69,0.96,12.46,1.11,4.42,1.05,7.72,76.68,350.64,1.92
2000-09-14,3.06,0.97,12.29,0.71,2.82,1.07,7.87,83.41,346.63,2.26
2000-09-15,1.70,0.78,10.91,0.77,3.08,0.88,7.51,74.29,343.43,2.23
2000-09-16,0.05,1.34,12.13,0.75,2.98,1.41,7.59,126.43,325.92,3.16
2000-09-17,7.58,0.99,12.69,0.61,2.44,1.13,8.13,75.33,350.57,3.56
2000-09-18,0.01,1.32,10.21,1.27,5.06,1.34,6.61,137.19,309.02,3.46
2000-09-19,24.69,0.80,8.58,4.20,16.80,0.92,6.42,92.48,321.71,2.51
2000-09-20,8.57,1.20,11.31,13.47,53.80,1.41,7.27,98.34,331.42,5.20
2000-09-21,3.99,1.28,10.50,3.65,14.60,1.47,6.70,120.66,315.41,4.27
2000-09-22,2.11,1.73,13.24,2.19,8.74,1.93,7.62,143.05,317.07,4.79
2000-09-23,0.08,1.06,13.93,1.53,6.13,1.16,8.82,84.68,349.16,4.01
2000-09-24,12.10,0.56,13.00,3.33,13.30,0.71,8.69,38.93,357.55,4.81
2000-09-25,0.41,0.89,11.94,3.68,14.70,1.02,7.91,90.00,335.63,3.14
2000-09-26,13.46,0.59,11.79,5.01,20.00,0.73,8.29,58.93,349.46,4.37
2000-09-27,7.03,0.98,12.03,7.18,28.70,1.19,7.91,81.17,338.94,5.68
2000-09-28,1.36,0.96,9.39,3.68,14.70,1.09,6.28,105.96,310.70,2.86
2000-09-29,0.13,0.96,10.93,1.67,6.66,1.08,7.08,100.21,321.28,3.03
2000-09-30,0.07,0.54,11.90,1.15,4.61,0.57,8.25,63.22,345.81,1.69
2000-10-01,0.23,0.68,11.04,0.92,3.66,0.78,7.53,68.58,337.74,2.95
2000-10-02,0.42,1.01,10.27,0.76,3.02,1.18,6.56,91.30,318.71,3.85
2000-10-03,0.21,1.12,12.10,0.62,2.47,1.34,7.59,73.40,338.28,6.10
2000-10-04,12.83,1.45,10.71,0.61,2.44,1.70,6.32,100.07,312.12,6.24
2000-10-05,0.46,0.89,7.38,3.48,13.90,1.01,5.30,103.71,292.41,3.41
2000-10-06,3.67,0.77,7.17,1.10,4.41,0.92,5.21,65.46,314.71,3.33
2000-10-07,10.11,0.36,8.15,4.53,18.10,0.43,6.55,44.99,334.14,2.54
2000-10-08,0.02,0.84,7.14,2.73,10.90,0.88,5.13,97.19,291.35,3.34
2000-10-09,12.13,0.49,5.54,5.61,22.40,0.66,5.22,51.86,314.98,4.84
2000-10-10,0.52,0.52,6.60,3.18,12.70,0.66,5.53,53.02,318.67,3.85
2000-10-11,7.37,0.34,5.80,4.28,17.10,0.42,5.37,37.97,322.41,2.84
2000-10-12,3.55,0.38,7.98,3.53,14.10,0.43,6.18,53.26,324.26,1.72
2000-10-13,1.93,0.65,9.04,2.26,9.02,0.76,6.11,69.36,316.12,2.84
2000-10-14,0.04,0.63,9.41,1.44,5.74,0.69,6.53,61.60,323.49,3.87
2000-10-15,0.00,0.58,9.56,1.03,4.13,0.59,6.61,84.07,307.05,3.00
2000-10-16,0.01,0.44,8.25,0.82,3.28,0.46,6.15,40.80,331.76,2.87
2000-10-17,5.36,1.00,7.90,0.81,3.25,1.23,5.23,83.44,293.04,5.25
2000-10-18,2.03,0.96,9.77,1.45,5.78,1.18,6.23,80.67,305.07,5.60
2000-10-19,0.61,0.70,6.94,1.23,4.91,0.86,5.10,85.80,284.47,3.92
2000-10-20,0.75,0.45,6.94,0.91,3.64,0.59,5.66,41.72,321.76,4.13
2000-10-21,0.03,0.39,6.34,0.77,3.08,0.41,5.10,58.25,302.91,2.21
2000-10-22,1.52,0.39,5.02,0.63,2.51,0.50,4.87,45.97,306.52,3.42
2000-10-23,5.81,0.82,9.33,1.17,4.67,1.05,6.29,53.09,320.86,6.49
2000-10-24,14.76,0.81,8.94,2.60,10.40,1.03,6.03,44.23,325.64,5.87
2000-10-25,0.06,1.26,9.06,6.73,26.90,1.44,5.63,65.41,304.09,8.38
2000-10-26,1.93,0.94,7.25,1.60,6.38,1.19,4.99,61.39,297.18,6.05
2000-10-27,1.44,0.50,8.60,1.36,5.44,0.65,6.16,52.65,313.99,4.38
2000-10-28,16.86,0.35,7.25,7.33,29.30,0.51,5.84,16.68,329.78,5.75
2000-10-29,9.65,1.03,6.01,7.23,28.90,1.36,4.68,54.17,294.73,9.23
2000-10-30,1.12,0.37,3.43,4.28,17.10,0.51,4.31,38.64,298.35,4.34
2000-10-31,8.56,0.53,5.18,2.63,10.50,0.71,4.56,63.53,279.20,4.65
2000-11-01,0.64,0.34,3.39,4.51,18.00,0.47,4.23,47.01,286.82,3.98
2000-11-02,5.72,0.16,3.09,2.78,11.10,0.21,4.47,33.50,300.43,2.90
2000-11-03,0.02,0.60,4.41,2.73,10.90,0.65,4.23,52.02,282.42,5.24
2000-11-04,0.01,0.34,4.22,1.30,5.20,0.36,4.42,51.35,282.36,3.94
2000-11-05,19.98,0.19,3.23,1.60,6.39,0.27,4.38,41.21,289.26,3.47
2000-11-06,40.78,0.51,5.76,26.78,107.00,0.79,5.24,24.31,321.20,9.09
2000-11-07,27.15,0.40,6.19,22.98,91.80,0.61,5.51,23.13,324.46,7.48
2000-11-08,2.68,0.52,5.53,13.77,55.00,0.72,4.92,23.09,319.64,5.63
2000-11-09,0.00,0.35,5.99,3.45,13.80,0.36,5.09,27.24,315.97,3.57
2000-11-10,3.47,0.33,4.87,2.04,8.16,0.44,4.64,32.78,301.87,3.68
2000-11-11,8.53,0.26,5.85,2.95,11.80,0.36,5.15,38.03,299.80,4.00
2000-11-12,3.00,0.26,4.03,5.36,21.40,0.37,4.56,33.30,295.78,4.37
2000-11-13,0.13,0.20,4.27,2.83,11.30,0.26,4.54,42.84,282.74,3.66
2000-11-14,0.04,0.06,3.94,1.69,6.77,0.06,4.59,32.87,294.41,2.05
2000-11-15,6.32,0.12,3.39,1.57,6.27,0.16,4.42,31.36,292.81,3.08
2000-11-16,0.05,0.13,4.22,3.13,12.50,0.16,4.61,41.83,280.91,3.60
2000-11-17,0.31,0.25,2.56,1.57,6.27,0.33,3.85,41.96,269.71,4.03
2000-11-18,2.99,0.32,5.13,1.45,5.81,0.45,4.95,19.81,316.32,4.66
2000-11-19,0.02,0.40,3.94,1.52,6.08,0.42,4.22,31.76,289.50,4.83
2000-11-20,0.18,0.02,2.08,1.11,4.42,0.03,4.06,29.54,284.65,2.03
2000-11-21,4.57,0.03,1.49,1.02,4.08,0.04,4.03,20.63,295.51,2.22
2000-11-22,2.14,0.26,4.42,2.37,9.46,0.39,4.82,17.89,313.75,5.22
2000-11-23,0.42,0.08,3.14,1.70,6.78,0.12,4.35,23.94,296.40,2.85
2000-11-24,5.12,0.06,2.91,1.32,5.29,0.09,4.32,29.93,284.86,3.54
2000-11-25,5.54,0.33,5.40,3.63,14.50,0.48,5.03,20.27,312.59,5.36
2000-11-26,1.75,0.39,4.94,2.70,10.80,0.57,4.70,24.49,301.44,5.66
2000-11-27,5.88,0.07,4.27,2.50,9.99,0.10,4.73,26.64,294.69,3.32
2000-11-28,17.32,0.01,8.61,12.76,51.00,0.02,6.80,8.83,336.94,3.46
2000-11-29,1.63,0.85,9.72,4.38,17.50,1.12,6.28,21.82,328.36,7.97
2000-11-30,3.01,0.59,6.23,2.18,8.72,0.81,4.96,18.74,315.58,6.07
2000-12-01,4.56,0.40,8.80,2.43,9.70,0.55,6.36,15.55,335.33,5.32
2000-12-02,2.36,0.84,7.60,2.75,11.00,1.14,5.32,23.27,311.84,8.38
2000-12-03,6.74,0.37,6.25,2.90,11.60,0.53,5.08,26.93,298.06,5.50
2000-12-04,5.99,0.51,8.61,5.96,23.80,0.73,6.25,16.97,330.17,7.45
2000-12-05,4.96,0.54,9.43,3.98,15.90,0.74,6.49,8.00,340.39,6.55
2000-12-06,0.10,0.41,7.51,2.55,10.20,0.50,5.62,19.09,318.88,5.19
2000-12-07,15.39,0.07,5.95,3.68,14.70,0.11,5.42,18.29,313.35,3.47
2000-12-08,12.96,0.21,7.61,12.46,49.80,0.35,6.21,7.75,331.92,7.33
2000-12-09,5.80,0.68,6.82,7.58,30.30,0.95,5.29,15.84,320.97,8.23
2000-12-10,2.82,0.39,5.97,4.56,18.20,0.56,5.03,21.23,304.88,5.75
2000-12-11,6.36,0.16,7.01,3.38,13.50,0.23,5.64,24.01,305.06,4.54
2000-12-12,15.45,0.32,8.64,9.21,36.80,0.46,6.38,15.96,330.11,5.68
2000-12-13,0.12,0.73,5.29,6.91,27.60,1.00,4.47,25.37,290.18,8.34
2000-12-14,0.02,0.58,4.13,2.35,9.38,0.62,4.18,18.49,299.13,6.54
2000-12-15,0.00,0.11,-0.07,1.46,5.84,0.11,3.14,29.30,255.91,3.75
2000-12-16,0.00,0.09,-1.39,1.10,4.40,0.09,2.92,13.44,282.81,2.09
2000-12-17,0.00,0.00,-1.81,0.93,3.73,0.00,3.11,16.81,275.20,1.49
2000-12-18,0.02,0.00,-0.31,0.87,3.46,0.00,3.58,17.45,281.85,1.56
2000-12-19,10.10,0.14,3.10,2.40,9.58,0.22,4.45,7.33,308.98,5.12
2000-12-20,0.11,0.28,6.91,3.65,14.60,0.38,5.80,13.26,326.75,6.29
2000-12-21,0.09,0.08,4.62,1.65,6.61,0.10,5.02,12.74,316.53,3.43
2000-12-22,0.51,0.00,3.83,1.24,4.96,0.00,4.89,15.52,306.99,2.09
2000-12-23,2.11,0.00,3.13,1.13,4.50,0.00,4.56,16.48,301.13,2.03
2000-12-24,0.53,0.27,1.54,1.27,5.07,0.40,3.70,16.90,290.60,4.87
2000-12-25,0.25,0.17,-0.32,0.94,3.75,0.24,3.03,25.24,262.73,3.63
2000-12-26,0.00,0.00,-2.74,0.75,3.00,0.00,2.85,25.59,253.60,1.89
2000-12-27,0.02,0.00,-5.29,0.52,2.07,0.00,2.43,30.32,234.23,1.49
2000-12-28,3.87,0.00,-3.17,0.56,2.25,0.00,3.03,14.76,275.16,2.31
2000-12-29,0.00,0.00,-2.44,0.55,2.21,0.00,3.03,23.47,260.80,4.31
2000-12-30,0.00,0.00,-2.85,0.57,2.28,0.00,2.84,38.36,231.51,3.97
2000-12-31,8.16,0.05,-1.76,0.66,2.62,0.09,3.22,7.77,284.89,5.59
2001-01-01,1.41,0.04,2.92,1.23,4.90,0.06,4.46,19.26,295.28,4.18
2001-01-02,1.58,0.01,4.06,3.58,14.30,0.02,4.94,15.09,310.83,2.83
2001-01-03,4.91,0.27,2.52,3.30,13.20,0.42,3.95,25.15,279.86,5.56
2001-01-04,0.29,0.00,3.47,4.00,16.00,0.00,4.75,18.77,300.88,2.49
2001-01-05,0.27,0.00,0.71,1.94,7.74,0.00,3.82,20.28,283.98,1.70
2001-01-06,2.13,0.09,2.12,1.73,6.91,0.14,4.07,22.91,285.41,4.31
2001-01-07,1.09,0.21,2.90,1.80,7.18,0.31,4.20,20.03,295.32,4.63
2001-01-08,0.61,0.09,2.88,1.32,5.28,0.13,4.17,28.67,278.62,3.90
2001-01-09,0.30,0.00,0.46,1.06,4.22,0.00,3.73,20.66,284.14,1.82
2001-01-10,2.89,0.09,0.29,0.89,3.57,0.14,3.43,27.99,268.57,3.80
2001-01-11,0.53,0.40,1.33,0.92,3.68,0.57,3.27,27.10,273.31,4.54
2001-01-12,0.01,0.32,2.39,0.97,3.86,0.32,3.63,17.98,297.80,3.11
2001-01-13,0.00,0.05,0.53,0.81,3.25,0.05,3.20,37.61,253.09,2.21
2001-01-14,0.04,0.01,-1.90,0.60,2.40,0.02,2.73,37.78,243.20,1.62
2001-01-15,0.01,0.05,-0.86,0.57,2.29,0.05,3.13,24.87,272.45,2.21
2001-01-16,0.00,0.00,-2.74,0.55,2.21,0.00,2.84,26.64,261.98,1.67
2001-01-17,0.00,0.01,-1.76,0.53,2.13,0.01,2.94,25.45,268.61,1.09
2001-01-18,0.43,0.00,-1.33,0.53,2.12,0.01,3.27,20.64,281.06,1.48
2001-01-19,1.71,0.00,-0.78,0.53,2.11,0.00,3.45,24.02,279.20,1.70
2001-01-20,0.09,0.00,-0.61,0.55,2.19,0.00,3.49,25.76,277.93,1.58
2001-01-21,0.75,0.25,-0.56,0.52,2.07,0.38,3.27,18.44,289.45,4.75
2001-01-22,7.64,0.25,2.68,1.54,6.15,0.43,4.35,19.00,306.48,7.09
2001-01-23,15.30,0.29,4.77,6.53,26.10,0.45,4.97,21.92,312.84,6.08
2001-01-24,0.57,0.74,4.52,5.03,20.10,1.02,4.21,34.01,290.48,7.40
2001-01-25,5.04,0.45,2.67,2.21,8.82,0.65,3.84,37.94,277.25,5.84
2001-01-26,0.60,0.45,3.01,2.29,9.16,0.65,3.95,38.00,280.06,5.69
2001-01-27,0.00,0.29,2.04,1.35,5.41,0.30,3.70,41.52,271.55,4.18
2001-01-28,0.01,0.06,-0.25,0.91,3.64,0.06,3.31,36.18,270.08,2.05
2001-01-29,0.37,0.04,0.01,0.72,2.88,0.06,3.40,48.98,255.60,2.17
2001-01-30,2.07,0.05,0.41,0.76,3.03,0.06,3.78,23.45,294.12,2.04
2001-01-31,0.33,0.01,1.42,0.89,3.56,0.01,4.07,30.85,290.18,1.29
2001-02-01,4.41,0.01,-0.71,0.98,3.93,0.01,3.48,13.50,290.17,2.23
2001-02-02,3.57,0.00,2.82,1.58,6.32,0.00,4.58,13.80,308.27,1.19
2001-02-03,5.33,0.10,2.68,2.41,9.63,0.14,4.52,25.47,306.19,3.34
2001-02-04,19.91,0.10,-0.35,1.96,7.82,0.19,3.60,14.43,292.10,7.03
2001-02-05,19.68,0.05,0.40,1.94,7.74,0.09,3.81,14.75,295.90,4.65
2001-02-06,9.17,0.43,3.71,17.82,71.20,0.65,4.47,39.20,297.70,6.80
2001-02-07,1.40,0.45,2.89,13.47,53.80,0.63,4.10,32.51,300.69,5.34
2001-02-08,0.17,0.36,-1.30,2.65,10.60,0.47,2.76,74.95,238.67,3.63
2001-02-09,0.25,0.18,-2.12,1.37,5.46,0.21,2.76,75.67,237.19,2.15
2001-02-10,27.10,0.16,1.79,6.81,27.20,0.26,4.10,16.47,302.47,5.17
2001-02-11,0.18,0.66,6.95,14.37,57.40,0.88,5.35,16.84,327.52,7.09
2001-02-12,0.02,0.65,4.83,3.00,12.00,0.67,4.11,80.24,267.64,3.80
2001-02-13,0.00,0.36,2.08,1.63,6.53,0.36,3.72,65.04,271.16,2.98
2001-02-14,0.01,0.59,2.26,1.21,4.82,0.60,3.22,92.49,245.92,3.07
2001-02-15,0.00,0.38,3.51,1.02,4.08,0.38,4.14,50.84,292.69,2.66
2001-02-16,0.01,0.43,2.47,0.88,3.51,0.43,3.67,88.97,256.08,2.59
2001-02-17,0.02,0.26,1.74,0.76,3.05,0.27,3.73,85.56,258.49,1.54
2001-02-18,0.01,0.30,0.17,0.71,2.82,0.30,3.41,74.51,261.34,2.60
2001-02-19,0.03,0.51,3.56,0.70,2.79,0.55,4.07,58.22,290.31,3.21
2001-02-20,0.20,0.52,3.83,0.64,2.54,0.65,4.28,62.03,290.30,3.76
2001-02-21,0.11,0.84,5.83,0.62,2.49,0.95,4.60,53.45,306.79,5.00
2001-02-22,0.08,0.93,4.07,0.57,2.28,1.06,3.94,63.96,289.91,5.87
2001-02-23,2.02,0.78,0.68,0.55,2.18,1.05,3.12,83.69,259.91,5.93
2001-02-24,2.08,0.51,-1.19,0.55,2.19,0.69,2.88,78.59,257.04,4.09
2001-02-25,2.21,0.47,-0.93,0.55,2.18,0.63,2.97,70.70,264.80,3.62
2001-02-26,13.65,0.24,-0.51,0.81,3.24,0.33,3.50,40.41,290.57,3.68
2001-02-27,23.04,0.25,-0.20,1.04,4.14,0.45,3.54,23.57,292.35,8.14
2001-02-28,7.60,0.42,-1.67,1.31,5.24,0.62,3.06,87.18,255.67,5.48
2001-03-01,0.59,0.31,-4.49,1.11,4.44,0.37,2.49,91.09,242.63,1.87
2001-03-02,0.08,0.34,-5.59,0.99,3.95,0.38,2.33,113.93,226.72,1.56
2001-03-03,0.00,0.40,-4.83,0.86,3.45,0.40,2.33,94.55,240.21,3.42
2001-03-04,0.03,0.57,-3.03,0.75,3.00,0.63,2.58,126.61,231.26,3.47
2001-03-05,0.25,0.92,0.97,0.81,3.25,1.03,3.15,123.54,249.95,4.75
2001-03-06,10.93,0.73,0.88,1.26,5.03,0.96,3.32,86.00,273.04,4.83
2001-03-07,2.59,0.71,6.18,10.89,43.50,0.89,5.30,85.63,302.79,4.24
2001-03-08,1.69,0.77,6.31,10.96,43.80,0.93,5.20,84.53,304.34,3.77
2001-03-09,0.75,0.68,6.42,11.96,47.80,0.82,5.30,73.78,311.71,3.17
2001-03-10,0.58,0.66,7.76,10.39,41.50,0.79,6.00,71.86,320.78,3.22
2001-03-11,7.75,0.84,6.42,8.58,34.30,1.00,5.06,83.14,307.37,3.45
2001-03-12,0.02,0.85,2.63,4.48,17.90,0.88,3.80,93.60,282.95,4.87
2001-03-13,0.00,1.06,2.78,2.13,8.50,1.06,3.60,125.04,267.17,4.29
2001-03-14,0.03,0.96,3.65,1.43,5.71,0.98,3.87,119.73,275.41,2.75
2001-03-15,0.74,0.75,1.63,1.17,4.68,0.85,3.51,111.41,271.57,1.99
2001-03-16,0.33,1.03,1.42,0.98,3.91,1.26,3.17,110.30,269.95,4.46
2001-03-17,4.29,1.06,0.75,0.85,3.38,1.32,3.01,113.93,265.76,5.25
2001-03-18,1.60,0.72,-0.12,0.91,3.65,0.93,3.24,103.92,269.93,4.28
2001-03-19,0.05,0.89,0.23,0.93,3.73,0.94,3.02,139.95,254.16,2.06
2001-03-20,0.06,1.14,0.57,0.85,3.40,1.23,3.02,148.41,252.48,5.00
2001-03-21,3.01,0.90,0.65,0.74,2.97,1.22,3.24,75.70,287.01,7.54
2001-03-22,5.24,0.27,1.46,1.16,4.63,0.38,4.00,35.36,300.79,4.29
2001-03-23,1.91,0.18,3.32,2.63,10.50,0.26,4.79,35.90,310.91,3.50
2001-03-24,4.31,0.29,2.70,2.21,8.83,0.42,4.39,36.45,307.14,4.41
2001-03-25,2.14,0.70,1.77,2.63,10.50,0.90,3.75,73.70,296.72,4.33
2001-03-26,0.65,1.07,1.34,1.78,7.13,1.30,3.06,89.24,285.26,4.54
2001-03-27,10.15,0.68,2.43,1.75,6.99,0.94,3.79,38.08,303.68,6.26
2001-03-28,1.43,0.63,4.07,4.38,17.50,0.78,4.76,75.80,310.20,3.47
2001-03-29,0.38,0.72,3.84,2.07,8.28,0.88,4.50,78.13,307.89,3.41
2001-03-30,2.82,1.40,5.58,1.35,5.39,1.61,4.30,128.50,294.04,4.14
2001-03-31,0.61,1.77,7.87,1.80,7.19,2.04,5.07,141.14,301.72,6.41
2001-04-01,0.49,1.93,8.33,1.22,4.89,2.14,4.95,166.01,294.72,4.37
2001-04-02,3.09,1.10,8.95,1.14,4.57,1.32,6.11,72.56,337.18,5.14
2001-04-03,1.95,2.11,5.60,1.05,4.20,2.41,3.86,186.57,272.96,6.79
2001-04-04,0.12,1.65,4.78,0.82,3.28,1.85,4.08,170.85,278.47,5.62
2001-04-05,6.36,1.06,4.22,0.78,3.13,1.28,4.37,111.01,300.08,4.43
2001-04-06,17.04,0.69,5.48,2.73,10.90,0.87,5.36,81.38,319.05,4.18
2001-04-07,2.16,0.96,4.35,6.66,26.60,1.20,4.51,89.99,309.33,5.61
2001-04-08,0.00,1.59,4.47,2.04,8.17,1.59,3.81,160.89,282.15,3.47
2001-04-09,3.75,0.99,5.83,1.41,5.62,1.17,5.12,101.55,314.17,3.68
2001-04-10,1.39,1.28,6.23,1.36,5.45,1.52,4.97,119.12,309.78,5.06
2001-04-11,0.03,1.42,5.01,1.04,4.14,1.46,4.29,143.19,294.64,3.48
2001-04-12,0.00,1.13,2.83,0.81,3.24,1.13,3.61,111.56,294.09,3.01
2001-04-13,0.30,1.48,3.53,0.68,2.70,1.62,3.58,164.85,279.31,2.27
2001-04-14,0.00,1.46,7.88,0.66,2.62,1.47,5.32,95.76,327.02,5.97
2001-04-15,0.34,1.69,6.18,0.59,2.36,1.94,4.50,140.55,302.89,5.76
2001-04-16,0.00,1.73,3.86,0.50,2.00,1.73,3.37,156.84,283.40,3.96
2001-04-17,7.42,0.76,3.80,0.60,2.41,0.99,4.17,49.28,310.78,5.28
2001-04-18,0.44,1.78,1.87,0.83,3.32,2.06,3.12,207.74,260.17,5.55
2001-04-19,2.59,1.95,3.11,0.57,2.28,2.24,3.47,225.75,261.67,6.16
2001-04-20,0.12,2.09,3.82,0.56,2.25,2.32,3.57,235.98,262.04,4.47
2001-04-21,1.55,1.69,4.91,0.51,2.03,1.87,3.82,152.07,293.85,3.40
2001-04-22,4.57,0.72,4.74,0.51,2.03,0.92,4.57,51.77,316.07,4.69
2001-04-23,2.83,0.93,4.87,0.82,3.26,1.11,4.88,96.08,315.72,3.71
2001-04-24,1.49,1.68,5.49,0.80,3.20,1.87,4.66,185.11,291.83,3.44
2001-04-25,3.02,1.21,6.26,0.61,2.45,1.38,5.33,128.59,314.04,3.29
2001-04-26,0.59,1.45,6.18,0.68,2.70,1.60,4.81,139.42,309.13,2.72
2001-04-27,2.59,1.85,6.27,0.58,2.33,2.04,4.66,184.53,296.15,3.55
2001-04-28,2.90,2.23,6.08,0.58,2.30,2.46,4.44,234.53,280.32,4.52
2001-04-29,12.16,1.53,3.79,1.42,5.67,1.70,4.28,183.86,286.50,2.93
2001-04-30,0.05,1.83,5.57,2.14,8.57,1.90,4.57,196.87,291.03,2.77
2001-05-01,0.03,3.13,7.67,0.92,3.68,3.17,4.55,323.81,264.19,2.62
2001-05-02,0.78,3.26,9.83,0.56,2.24,3.46,4.64,259.16,290.60,4.35
2001-05-03,0.00,2.05,6.50,0.45,1.81,2.05,4.45,193.59,296.85,3.04
2001-05-04,0.29,2.02,6.04,0.41,1.62,2.14,4.45,204.42,292.69,2.30
2001-05-05,0.00,2.24,6.34,0.38,1.53,2.24,4.46,227.12,288.10,2.32
2001-05-06,0.00,2.90,6.83,0.35,1.39,2.90,4.12,291.25,270.81,2.91
2001-05-07,0.00,2.92,6.81,0.32,1.29,2.92,4.35,303.36,269.56,2.13
2001-05-08,0.00,2.76,7.40,0.31,1.24,2.76,4.77,280.97,280.55,2.89
2001-05-09,0.00,1.90,7.49,0.29,1.16,1.90,5.18,173.47,311.09,4.09
2001-05-10,0.00,3.18,10.22,0.28,1.12,3.18,6.04,309.12,290.41,4.87
2001-05-11,0.00,3.33,11.54,0.27,1.07,3.33,6.26,289.47,301.43,3.74
2001-05-12,0.00,3.92,13.57,0.26,1.02,3.92,6.48,316.02,302.86,2.59
2001-05-13,0.00,3.48,12.05,0.25,0.99,3.48,6.44,297.04,302.97,3.65
2001-05-14,0.01,1.44,8.76,0.24,0.96,1.47,6.11,123.06,332.56,3.64
2001-05-15,4.96,0.67,7.20,0.26,1.02,0.78,5.69,61.43,329.34,2.62
2001-05-16,2.02,1.35,8.65,0.31,1.25,1.48,6.44,128.76,331.60,2.43
2001-05-17,3.93,1.47,8.85,0.31,1.24,1.62,6.49,140.86,329.93,2.91
2001-05-18,0.17,3.02,8.85,0.30,1.18,3.24,5.07,272.22,293.36,5.37
2001-05-19,0.05,2.15,9.01,0.27,1.06,2.21,5.18,158.57,323.35,3.63
2001-05-20,0.00,2.45,10.73,0.25,0.99,2.45,5.82,188.21,325.34,2.76
2001-05-21,0.00,2.87,12.16,0.24,0.94,2.87,6.16,225.38,323.14,1.92
2001-05-22,0.00,3.94,13.45,0.22,0.88,3.94,6.63,320.87,306.19,2.05
2001-05-23,0.00,4.22,14.42,0.21,0.85,4.22,7.12,336.02,308.47,2.37
2001-05-24,0.00,3.77,12.84,0.20,0.81,3.77,7.06,323.11,306.30,3.21
2001-05-25,0.21,2.30,12.01,0.20,0.80,2.44,7.04,179.29,336.98,3.04
2001-05-26,0.23,3.16,14.53,0.20,0.81,3.31,8.00,237.27,336.51,3.58
2001-05-27,0.08,2.28,14.53,0.20,0.79,2.41,8.60,157.65,355.30,4.85
2001-05-28,0.30,2.84,14.07,0.20,0.78,3.06,8.11,212.36,340.83,5.74
2001-05-29,2.02,4.09,13.20,0.19,0.77,4.36,6.40,294.23,312.91,7.73
2001-05-30,3.25,2.52,11.69,0.20,0.80,2.73,6.95,204.66,330.41,4.53
2001-05-31,0.60,3.05,10.73,0.21,0.84,3.28,5.83,242.02,314.45,5.32
2001-06-01,4.65,1.87,11.03,0.20,0.79,2.12,6.72,125.12,345.23,5.87
2001-06-02,0.50,2.58,8.16,0.21,0.86,2.84,5.18,241.01,301.25,5.78
2001-06-03,0.00,2.82,9.02,0.21,0.84,2.82,5.21,244.11,303.88,4.51
2001-06-04,0.00,3.41,11.44,0.19,0.76,3.41,6.09,281.18,307.59,4.99
2001-06-05,0.10,2.79,11.33,0.18,0.72,2.94,6.29,216.57,324.00,4.53
2001-06-06,7.37,1.65,9.57,0.19,0.77,1.84,6.21,125.99,338.09,3.95
2001-06-07,5.89,2.39,7.22,0.26,1.04,2.61,5.10,245.00,297.23,4.42
2001-06-08,0.55,2.80,7.46,0.27,1.09,3.01,4.62,263.62,291.27,4.23
2001-06-09,15.86,1.54,7.78,0.56,2.24,1.73,5.82,145.60,325.26,3.93
2001-06-10,0.00,2.87,8.17,0.87,3.49,2.88,5.01,271.58,294.06,3.75
2001-06-11,0.04,1.93,9.72,0.37,1.47,1.99,5.86,139.18,335.26,3.90
2001-06-12,0.03,1.83,10.13,0.28,1.12,1.87,6.08,138.64,337.67,2.40
2001-06-13,0.04,1.92,11.24,0.25,1.00,1.95,6.58,147.44,341.52,1.69
2001-06-14,7.16,1.75,9.99,0.23,0.94,1.92,6.41,136.68,338.19,3.66
2001-06-15,12.95,0.66,9.85,0.45,1.80,0.83,7.30,67.76,342.89,4.58
2001-06-16,1.45,0.93,9.15,2.00,7.98,1.14,6.45,67.81,339.06,5.34
2001-06-17,0.00,1.96,8.86,0.87,3.48,1.96,5.60,152.84,327.88,4.28
2001-06-18,0.82,2.94,9.92,0.45,1.80,3.08,5.59,254.75,307.64,2.70
2001-06-19,1.92,1.27,13.29,0.32,1.29,1.47,8.06,67.89,359.27,5.05
2001-06-20,0.01,3.74,12.84,0.30,1.20,3.77,6.45,274.31,317.35,6.71
2001-06-21,0.00,2.90,11.09,0.27,1.06,2.90,5.83,211.79,323.59,4.54
2001-06-22,0.00,2.91,11.37,0.23,0.92,2.91,6.56,247.19,318.72,2.56
2001-06-23,0.00,2.73,12.53,0.21,0.84,2.73,7.28,221.26,331.44,2.60
2001-06-24,0.00,4.04,15.35,0.20,0.79,4.04,8.20,314.88,323.69,2.52
2001-06-25,0.78,3.49,16.34,0.18,0.74,3.59,8.67,250.42,343.79,2.40
2001-06-26,6.01,2.47,15.34,0.19,0.78,2.63,8.71,164.92,358.58,3.52
2001-06-27,0.58,2.38,14.78,0.23,0.91,2.54,9.03,181.30,352.57,3.76
2001-06-28,0.32,3.26,14.18,0.20,0.78,3.35,7.61,232.52,336.25,5.12
2001-06-29,3.31,2.88,15.56,0.18,0.73,3.09,8.83,194.76,352.98,5.48
2001-06-30,0.81,3.28,14.57,0.20,0.80,3.51,7.94,231.62,338.75,6.19
2001-07-01,0.00,2.80,15.81,0.21,0.82,2.80,8.97,193.92,353.76,3.82
2001-07-02,0.01,3.50,19.20,0.19,0.74,3.51,10.80,229.43,363.19,3.43
2001-07-03,0.01,3.12,18.15,0.17,0.68,3.14,10.55,216.72,360.76,3.06
2001-07-04,0.00,3.17,16.94,0.16,0.65,3.17,9.99,235.51,350.64,3.18
2001-07-05,0.00,3.21,15.82,0.15,0.61,3.22,9.24,247.67,341.76,3.61
2001-07-06,0.36,1.89,14.97,0.15,0.60,2.03,9.58,147.69,359.75,3.25
2001-07-07,2.14,1.60,15.27,0.15,0.61,1.73,10.04,126.33,365.20,3.45
2001-07-08,0.45,1.65,15.10,0.16,0.64,1.81,9.67,122.99,365.36,3.64
2001-07-09,0.05,2.50,13.33,0.16,0.65,2.54,7.23,171.19,344.98,3.39
2001-07-10,7.89,2.22,12.21,0.15,0.61,2.40,7.44,178.55,338.50,3.82
2001-07-11,7.25,1.97,11.10,0.21,0.82,2.23,6.96,154.16,338.60,6.35
2001-07-12,7.65,2.31,11.51,0.34,1.34,2.54,6.90,180.23,333.79,5.76
2001-07-13,11.33,1.62,10.17,0.67,2.67,1.76,6.66,132.79,338.97,2.81
2001-07-14,8.61,1.60,9.58,1.39,5.57,1.73,6.48,137.94,334.75,2.48
2001-07-15,6.56,1.76,9.87,1.98,7.93,1.88,6.57,154.45,332.05,2.16
2001-07-16,8.90,2.66,10.89,2.32,9.25,2.77,6.56,236.39,315.65,2.04
2001-07-17,0.29,2.17,11.69,1.79,7.16,2.41,7.18,173.50,335.98,5.89
2001-07-18,5.86,2.58,11.64,0.88,3.53,2.86,6.76,197.23,328.71,7.47
2001-07-19,0.31,1.92,11.23,0.66,2.64,2.12,6.82,136.59,342.23,5.18
2001-07-20,0.35,2.25,11.47,0.50,2.00,2.38,6.38,170.99,333.39,2.58
2001-07-21,0.70,1.70,13.63,0.36,1.42,1.85,8.48,124.66,357.10,3.39
2001-07-22,0.26,2.74,14.87,0.30,1.21,2.92,8.36,193.41,345.84,4.45
2001-07-23,0.29,2.68,14.33,0.26,1.03,2.82,7.68,185.21,344.13,3.42
2001-07-24,0.03,2.92,14.18,0.23,0.92,2.95,7.57,210.91,336.26,3.66
2001-07-25,0.07,1.78,14.25,0.21,0.83,1.83,8.27,126.72,358.97,1.85
2001-07-26,0.01,2.88,16.04,0.20,0.80,2.90,8.99,214.71,345.65,2.35
2001-07-27,0.23,2.93,16.27,0.19,0.76,2.97,9.38,225.49,344.43,1.99
2001-07-28,0.00,2.97,17.40,0.18,0.73,2.97,9.59,203.70,354.75,2.96
2001-07-29,0.01,3.62,17.73,0.17,0.67,3.64,9.10,219.24,351.03,5.12
2001-07-30,5.04,2.93,14.57,0.17,0.67,3.09,7.34,193.34,340.30,3.71
2001-07-31,0.00,2.76,13.87,0.18,0.72,2.76,7.65,215.20,331.85,2.80
2001-08-01,0.00,2.64,14.18,0.17,0.68,2.64,7.72,201.93,335.79,2.50
2001-08-02,1.21,1.79,15.27,0.17,0.69,1.88,9.07,128.40,361.80,2.05
2001-08-03,0.97,2.58,14.34,0.18,0.71,2.70,7.99,191.22,339.37,3.44
2001-08-04,1.61,2.34,12.17,0.16,0.66,2.47,6.99,193.15,327.07,2.60
2001-08-05,0.32,2.60,12.14,0.16,0.65,2.75,6.66,206.83,321.54,3.41
2001-08-06,1.32,1.95,12.23,0.16,0.63,2.06,7.11,155.07,337.83,2.07
2001-08-07,9.82,1.28,11.87,0.17,0.67,1.42,7.85,103.12,351.10,3.08
2001-08-08,1.63,1.37,11.33,0.26,1.03,1.56,7.33,101.32,348.71,4.23
2001-08-09,0.49,2.19,11.51,0.28,1.10,2.32,6.56,178.14,325.59,2.80
2001-08-10,1.29,2.41,11.48,0.20,0.80,2.57,6.38,193.97,319.70,3.39
2001-08-11,2.86,0.80,13.71,0.18,0.73,0.96,8.98,55.42,360.91,4.59
2001-08-12,2.11,1.70,15.50,0.19,0.77,1.89,9.50,110.97,365.08,4.74
2001-08-13,0.98,1.82,17.55,0.21,0.84,2.03,11.02,118.03,372.07,5.87
2001-08-14,0.15,2.33,17.74,0.24,0.96,2.43,10.67,155.59,363.46,4.99
2001-08-15,14.57,2.05,16.74,0.37,1.49,2.16,10.03,151.69,359.21,2.57
2001-08-16,1.91,1.84,13.45,1.03,4.12,2.00,8.30,149.05,343.25,3.50
2001-08-17,0.36,2.24,13.88,0.60,2.39,2.37,7.92,176.89,335.70,2.85
2001-08-18,4.41,1.63,14.45,0.35,1.40,1.76,8.77,119.86,355.99,2.89
2001-08-19,8.05,1.15,14.53,0.56,2.25,1.28,9.88,103.65,360.16,3.19
2001-08-20,0.00,3.14,13.88,0.96,3.85,3.14,7.13,238.34,311.49,5.12
2001-08-21,0.57,2.27,14.21,0.43,1.73,2.49,7.69,127.21,350.69,5.53
2001-08-22,0.00,2.66,14.32,0.29,1.16,2.66,7.74,221.71,319.72,2.41
2001-08-23,0.21,2.21,14.45,0.24,0.94,2.26,8.28,187.26,332.48,1.77
2001-08-24,1.55,1.28,14.12,0.22,0.86,1.35,8.75,103.81,357.27,1.37
2001-08-25,5.07,1.42,14.27,0.22,0.89,1.51,8.79,114.56,354.31,1.82
2001-08-26,0.05,2.62,13.44,0.30,1.19,2.65,7.17,218.42,312.37,3.16
2001-08-27,0.00,2.45,11.77,0.23,0.91,2.45,6.30,209.40,304.91,3.28
2001-08-28,0.00,2.04,12.04,0.19,0.76,2.04,6.72,180.55,317.21,2.07
2001-08-29,1.19,2.05,13.49,0.17,0.69,2.17,7.25,159.32,331.57,2.51
2001-08-30,6.23,1.11,12.51,0.20,0.78,1.19,8.20,97.66,349.47,1.71
2001-08-31,0.01,1.78,12.66,0.23,0.93,1.79,7.47,142.66,333.48,3.43
2001-09-01,2.18,1.59,12.83,0.21,0.84,1.76,7.78,119.82,341.97,4.01
2001-09-02,0.00,1.95,13.74,0.20,0.79,1.95,7.81,126.73,342.96,5.10
2001-09-03,0.38,1.85,12.36,0.20,0.80,1.96,6.93,122.28,336.44,4.40
2001-09-04,0.79,2.10,10.27,0.18,0.70,2.30,5.51,155.95,309.36,4.35
2001-09-05,0.00,1.45,12.36,0.17,0.67,1.45,7.57,113.51,339.87,3.49
2001-09-06,1.76,1.95,11.72,0.16,0.64,2.16,6.34,113.24,334.16,5.10
2001-09-07,0.56,1.01,12.41,0.16,0.64,1.23,7.71,41.94,355.01,6.11
2001-09-08,0.01,2.29,10.14,0.16,0.64,2.30,5.49,181.28,294.80,5.55
2001-09-09,0.15,1.99,9.73,0.15,0.59,2.15,5.56,148.44,306.76,5.73
2001-09-10,0.00,1.73,10.64,0.14,0.58,1.74,6.10,120.08,323.65,4.68
2001-09-11,0.02,1.58,13.25,0.14,0.57,1.60,7.32,86.39,351.32,3.94
2001-09-12,7.27,1.32,11.56,0.15,0.61,1.53,7.22,92.44,340.48,5.09
2001-09-13,1.79,1.20,9.56,0.20,0.79,1.41,6.40,98.06,327.49,4.92
2001-09-14,0.60,1.51,9.83,0.19,0.75,1.71,6.20,136.99,310.54,4.44
2001-09-15,0.20,1.82,9.71,0.17,0.67,2.03,5.64,123.49,313.12,6.14
2001-09-16,0.12,1.55,9.31,0.15,0.61,1.69,5.68,131.01,307.54,4.27
2001-09-17,0.27,1.26,8.41,0.15,0.58,1.40,5.67,103.60,315.88,4.84
2001-09-18,0.29,0.93,9.28,0.14,0.57,1.01,6.59,80.72,331.45,5.29
2001-09-19,10.34,0.78,9.89,0.18,0.73,0.99,7.07,66.72,340.42,5.70
2001-09-20,4.77,0.83,10.63,0.38,1.50,0.95,7.28,79.24,337.84,2.88
2001-09-21,0.94,0.62,9.94,0.34,1.37,0.67,7.08,64.99,340.53,1.27
2001-09-22,0.00,0.85,9.85,0.28,1.12,0.85,6.90,97.98,324.10,1.81
2001-09-23,1.65,0.68,9.20,0.22,0.88,0.82,6.66,59.51,338.45,3.54
2001-09-24,5.27,0.76,10.77,0.23,0.90,0.93,7.55,74.45,338.71,4.63
2001-09-25,11.03,0.77,9.85,0.65,2.61,0.93,6.94,73.91,333.66,3.81
2001-09-26,3.02,0.73,9.59,1.50,5.98,0.83,6.81,77.60,329.92,2.55
2001-09-27,10.53,0.53,10.71,1.10,4.39,0.63,7.77,58.79,344.48,3.00
2001-09-28,1.37,0.81,13.32,2.07,8.29,0.92,8.72,76.64,347.64,2.93
2001-09-29,1.85,0.84,12.88,1.17,4.67,0.96,8.43,82.20,342.07,3.04
2001-09-30,16.27,0.89,12.57,1.39,5.55,1.09,8.18,57.98,352.17,5.62
2001-10-01,0.93,1.91,12.61,3.08,12.30,2.21,7.14,110.88,320.24,8.97
2001-10-02,1.68,2.18,12.77,1.40,5.59,2.49,6.89,108.49,320.25,9.68
2001-10-03,2.19,1.58,11.49,0.85,3.38,1.83,6.64,101.84,317.36,6.61
2001-10-04,2.34,1.09,11.35,0.72,2.89,1.27,7.02,81.76,329.06,4.55
2001-10-05,8.70,1.16,13.18,0.69,2.77,1.37,8.01,66.93,346.63,5.56
2001-10-06,1.18,1.39,12.28,1.61,6.42,1.63,7.27,100.51,320.02,6.10
2001-10-07,14.57,1.08,11.28,1.46,5.85,1.29,7.12,82.21,326.01,5.63
2001-10-08,10.45,0.83,10.28,3.83,15.30,1.03,6.89,56.53,336.70,5.42
2001-10-09,0.93,1.10,10.78,3.30,13.20,1.31,6.70,76.55,324.63,5.41
2001-10-10,0.65,1.11,11.40,1.55,6.21,1.33,6.89,43.46,349.18,5.56
2001-10-11,2.32,1.17,13.06,1.00,3.98,1.40,8.03,90.82,325.88,6.25
2001-10-12,0.37,1.11,13.86,0.91,3.65,1.30,8.32,69.48,342.75,5.19
2001-10-13,3.34,0.61,12.39,0.72,2.88,0.70,7.94,68.22,335.88,2.40
2001-10-14,4.40,0.26,12.18,0.79,3.16,0.30,8.72,39.44,353.45,1.84
2001-10-15,3.95,0.70,11.97,1.36,5.44,0.87,7.89,58.51,338.93,4.91
2001-10-16,0.02,0.85,9.64,1.42,5.69,0.88,6.28,64.34,320.81,4.70
2001-10-17,2.96,0.95,11.46,0.82,3.27,1.15,7.05,54.63,336.61,5.06
2001-10-18,4.20,0.48,11.60,1.00,4.01,0.60,7.94,51.05,340.27,3.89
2001-10-19,1.85,0.24,9.07,1.11,4.42,0.31,7.09,42.15,334.19,3.11
2001-10-20,7.10,0.10,11.72,1.68,6.71,0.14,8.48,20.22,351.50,4.35
2001-10-21,20.55,0.04,9.90,3.30,13.20,0.05,7.52,19.80,343.15,2.67
2001-10-22,12.77,0.35,10.47,5.71,22.80,0.44,7.44,40.86,339.71,3.16
2001-10-23,1.05,0.34,11.05,6.13,24.50,0.42,7.75,46.07,337.65,3.13
2001-10-24,0.37,0.52,10.33,4.05,16.20,0.64,6.89,62.98,317.99,3.44
2001-10-25,1.37,0.65,10.64,2.40,9.59,0.82,7.05,35.45,342.69,4.92
2001-10-26,2.52,0.69,9.36,1.58,6.31,0.87,6.24,42.89,328.31,4.66
2001-10-27,0.03,0.87,9.08,1.27,5.06,0.93,5.82,75.77,293.98,5.49
2001-10-28,0.00,0.57,7.46,0.88,3.52,0.57,5.30,61.37,298.11,3.67
2001-10-29,0.00,1.34,10.81,0.70,2.78,1.35,6.36,39.27,335.69,8.17
2001-10-30,3.39,1.02,12.10,0.61,2.43,1.28,7.49,43.74,337.97,7.86
2001-10-31,0.00,1.10,6.83,0.68,2.72,1.10,4.55,75.20,273.90,6.74
2001-11-01,0.00,0.76,8.31,0.54,2.17,0.77,5.51,37.19,322.28,4.69
2001-11-02,0.09,0.90,10.20,0.46,1.82,0.99,6.25,40.01,328.10,5.34
2001-11-03,0.00,0.56,8.26,0.41,1.63,0.56,5.64,49.34,307.10,4.08
2001-11-04,0.23,0.78,6.68,0.38,1.51,0.99,4.91,43.69,303.39,5.86
2001-11-05,2.88,0.35,4.93,0.37,1.46,0.49,4.82,14.97,317.63,4.92
2001-11-06,1.00,0.71,7.38,0.44,1.75,0.92,5.19,41.60,307.51,5.25
2001-11-07,11.63,0.42,5.42,0.44,1.77,0.57,4.83,34.84,305.84,4.31
2001-11-08,4.63,0.54,1.02,1.18,4.73,0.80,3.37,48.57,265.14,6.84
2001-11-09,0.78,0.46,0.34,1.05,4.19,0.64,3.07,44.42,264.55,4.66
2001-11-10,0.01,0.48,7.05,1.46,5.83,0.48,5.40,36.28,309.50,4.88
2001-11-11,2.57,0.53,10.14,1.94,7.74,0.68,6.77,27.46,336.15,4.80
2001-11-12,0.53,0.37,6.21,1.27,5.06,0.51,5.34,23.21,321.47,4.83
2001-11-13,0.00,0.44,1.69,1.01,4.04,0.44,3.27,48.12,260.72,4.12
2001-11-14,0.03,0.01,2.86,0.71,2.82,0.01,4.34,44.23,275.24,1.77
2001-11-15,0.06,0.13,6.92,0.57,2.26,0.15,5.57,40.77,298.48,3.01
2001-11-16,0.00,0.10,6.18,0.49,1.97,0.10,5.28,20.68,322.16,1.37
2001-11-17,0.00,0.08,5.55,0.46,1.82,0.08,4.95,23.45,313.86,1.29
2001-11-18,2.44,0.02,5.24,0.43,1.72,0.02,5.06,10.82,319.54,1.21
2001-11-19,0.30,0.00,5.68,0.44,1.74,0.00,5.54,10.61,322.51,1.24
2001-11-20,2.90,0.33,6.93,0.47,1.88,0.46,5.60,22.86,320.08,4.79
2001-11-21,7.61,0.83,8.77,1.07,4.26,1.08,5.90,18.12,335.55,7.10
2001-11-22,0.08,0.63,3.31,1.77,7.06,0.74,3.57,32.91,279.83,4.98
2001-11-23,0.87,0.17,1.78,1.01,4.05,0.23,3.87,16.70,301.49,2.93
2001-11-24,1.85,0.22,10.06,0.78,3.13,0.30,7.14,21.68,335.43,4.19
2001-11-25,0.40,0.55,7.28,0.83,3.33,0.75,5.43,23.77,315.99,5.96
2001-11-26,5.23,0.08,2.51,0.85,3.39,0.12,3.94,38.97,265.72,3.29
2001-11-27,7.01,0.43,3.20,4.31,17.20,0.64,4.11,26.80,288.48,6.61
2001-11-28,4.26,0.30,4.56,2.03,8.10,0.43,4.72,18.18,310.74,4.86
2001-11-29,1.76,0.12,8.41,2.70,10.80,0.17,6.56,15.62,335.05,3.58
2001-11-30,5.73,0.14,10.13,2.53,10.10,0.21,7.43,16.78,340.91,4.81
2001-12-01,0.22,0.31,6.00,2.93,11.70,0.43,5.05,23.93,304.76,4.57
2001-12-02,0.07,0.14,1.24,1.20,4.80,0.17,3.63,19.46,288.62,3.08
2001-12-03,12.16,0.39,3.13,2.32,9.27,0.59,4.24,14.69,307.52,6.56
2001-12-04,5.78,0.38,5.41,4.43,17.70,0.55,4.77,25.10,297.20,5.45
2001-12-05,17.35,0.16,2.66,9.34,37.30,0.24,4.31,13.87,306.52,4.51
2001-12-06,1.80,0.02,0.45,3.30,13.20,0.04,3.64,17.31,288.14,2.39
2001-12-07,0.73,0.22,6.95,2.34,9.33,0.31,5.72,9.99,328.25,4.45
2001-12-08,0.00,0.14,6.84,1.62,6.46,0.14,5.60,19.25,315.38,3.54
2001-12-09,0.17,0.00,1.12,1.14,4.55,0.00,3.69,28.38,267.82,1.57
2001-12-10,0.18,0.00,-0.95,0.87,3.47,0.00,3.07,26.32,260.63,1.29
2001-12-11,0.00,0.01,0.29,0.72,2.87,0.01,3.07,32.63,251.66,1.25
2001-12-12,0.04,0.03,2.36,0.65,2.59,0.03,3.66,34.30,258.38,2.14
2001-12-13,1.21,0.01,1.99,0.67,2.68,0.01,4.20,10.56,303.20,2.27
2001-12-14,0.49,0.01,2.61,0.75,2.98,0.01,4.23,15.84,299.56,1.45
2001-12-15,0.71,0.00,2.77,0.69,2.74,0.00,4.51,7.42,307.84,1.70
2001-12-16,1.41,0.00,3.20,0.66,2.64,0.00,4.49,19.71,294.32,2.04
2001-12-17,1.71,0.02,2.59,0.73,2.90,0.02,4.38,13.82,304.15,2.50
2001-12-18,0.16,0.00,2.55,0.79,3.15,0.00,4.31,17.68,295.34,2.09
2001-12-19,1.17,0.28,1.64,0.67,2.66,0.40,3.67,16.08,292.23,4.48
2001-12-20,0.79,0.30,0.36,0.62,2.47,0.45,3.33,14.94,288.17,4.79
2001-12-21,3.39,0.51,3.41,0.96,3.82,0.73,4.08,15.49,302.27,6.35
2001-12-22,2.08,0.19,-1.11,0.72,2.88,0.30,2.97,27.10,255.56,5.00
2001-12-23,0.64,0.09,0.70,0.85,3.40,0.15,3.75,7.35,296.81,4.70
2001-12-24,1.95,0.56,6.14,1.25,4.98,0.80,5.10,12.90,322.87,6.91
2001-12-25,0.00,0.33,0.15,0.95,3.80,0.33,3.01,27.60,259.15,4.78
2001-12-26,2.57,0.09,-1.80,0.55,2.18,0.15,2.92,24.68,258.39,4.14
2001-12-27,5.26,0.00,2.56,0.98,3.90,0.01,4.48,7.47,306.93,3.98
2001-12-28,0.00,0.70,1.92,1.83,7.32,0.70,3.37,30.40,262.46,8.48
2001-12-29,0.00,0.11,-1.74,0.65,2.61,0.11,2.79,31.25,245.87,4.03
2001-12-30,3.94,0.04,-1.60,0.46,1.85,0.07,3.13,20.02,270.92,3.85
2001-12-31,0.00,0.02,-3.20,0.38,1.50,0.02,2.67,30.61,242.70,3.23
2002-01-01,0.01,0.00,-2.27,0.43,1.71,0.00,2.88,31.98,242.93,2.57
2002-01-02,0.00,0.05,-5.27,0.38,1.52,0.05,2.09,24.20,242.92,2.43
2002-01-03,0.01,0.40,-0.82,0.42,1.69,0.41,2.79,16.38,279.77,4.37
2002-01-04,0.02,0.07,-2.90,0.43,1.72,0.08,2.43,28.69,245.47,2.59
2002-01-05,0.36,0.01,1.04,0.56,2.25,0.02,3.92,15.80,294.98,2.31
2002-01-06,0.04,0.01,2.00,1.17,4.66,0.02,4.23,14.75,302.54,2.18
2002-01-07,0.23,0.00,4.02,1.23,4.90,0.00,4.94,17.40,307.90,2.01
2002-01-08,0.01,0.00,3.72,0.95,3.78,0.00,4.87,18.22,305.32,1.98
2002-01-09,0.00,0.02,1.54,0.75,3.00,0.02,3.98,18.97,292.61,2.28
2002-01-10,0.01,0.00,-0.28,0.55,2.19,0.00,3.56,25.83,271.61,1.67
2002-01-11,2.04,0.07,2.04,0.58,2.32,0.10,4.19,15.54,303.21,3.14
2002-01-12,0.66,0.33,6.26,0.88,3.51,0.47,5.18,24.67,306.10,4.92
2002-01-13,0.58,0.34,6.98,0.76,3.04,0.49,5.67,16.80,326.32,5.21
2002-01-14,2.35,0.33,6.56,0.79,3.14,0.46,5.50,13.61,326.10,5.14
2002-01-15,0.14,0.26,3.45,0.87,3.48,0.35,4.08,34.97,274.89,4.40
2002-01-16,11.36,0.34,5.63,0.80,3.19,0.48,5.12,18.09,318.65,5.09
2002-01-17,1.70,0.26,5.44,5.26,21.00,0.37,4.98,24.81,306.04,4.34
2002-01-18,5.10,0.34,3.09,2.45,9.80,0.49,4.20,17.89,306.87,4.88
2002-01-19,9.50,0.73,4.69,2.50,9.99,1.00,4.22,31.92,289.27,7.18
2002-01-20,7.24,0.89,7.21,5.86,23.40,1.18,5.13,30.41,306.33,8.36
2002-01-21,4.83,0.53,8.47,5.63,22.50,0.74,6.18,18.47,335.49,6.42
2002-01-22,7.46,1.00,5.96,3.60,14.40,1.31,4.48,33.10,296.31,8.45
2002-01-23,8.59,0.17,6.01,5.26,21.00,0.25,5.56,19.32,323.59,4.15
2002-01-24,0.22,0.47,2.88,4.66,18.60,0.66,3.85,33.98,282.93,5.39
2002-01-25,13.05,0.06,0.34,4.41,17.60,0.09,3.73,11.60,295.33,4.04
2002-01-26,5.54,0.59,5.55,6.86,27.40,0.82,4.86,23.98,314.67,6.58
2002-01-27,5.12,0.34,5.05,3.88,15.50,0.48,4.89,22.62,315.56,4.48
2002-01-28,6.28,1.49,7.02,3.53,14.10,1.86,4.62,33.01,307.64,11.61
2002-01-29,7.79,0.57,5.51,3.93,15.70,0.79,4.82,27.97,310.93,6.10
2002-01-30,3.03,0.57,6.47,4.93,19.70,0.76,5.15,28.38,316.19,5.53
2002-01-31,18.93,0.58,4.68,6.31,25.20,0.80,4.54,23.45,314.62,5.99
2002-02-01,26.76,0.75,6.79,10.34,41.30,1.03,5.21,13.50,326.50,8.21
2002-02-02,11.49,1.17,8.22,8.33,33.30,1.49,5.37,29.67,326.02,8.80
2002-02-03,1.61,0.72,5.19,7.78,31.10,0.97,4.55,31.78,309.24,6.46
2002-02-04,12.25,0.33,3.67,5.96,23.80,0.47,4.52,25.53,310.66,4.88
2002-02-05,3.98,0.53,5.00,5.51,22.00,0.71,4.60,50.08,290.84,5.13
2002-02-06,2.39,0.69,3.71,3.73,14.90,0.93,4.01,45.25,289.36,6.08
2002-02-07,2.99,0.56,4.58,3.25,13.00,0.78,4.56,40.23,301.27,6.24
2002-02-08,11.90,0.80,7.56,4.48,17.90,1.06,5.50,27.91,329.63,7.01
2002-02-09,2.31,0.95,5.75,6.96,27.80,1.24,4.53,50.58,297.06,7.41
2002-02-10,13.84,0.59,5.45,3.80,15.20,0.81,4.82,39.13,309.29,5.70
2002-02-11,5.67,1.03,8.02,7.21,28.80,1.34,5.47,67.07,296.21,8.45
2002-02-12,3.09,0.83,5.86,4.43,17.70,1.08,4.69,53.48,298.59,6.42
2002-02-13,1.18,0.46,2.80,2.85,11.40,0.62,3.98,64.43,275.70,4.39
2002-02-14,0.14,0.35,0.91,1.90,7.58,0.43,3.37,60.45,270.15,2.73
2002-02-15,0.00,0.38,4.03,1.40,5.59,0.38,4.30,60.01,287.66,2.58
2002-02-16,0.00,0.63,4.75,1.14,4.56,0.64,4.35,48.39,301.36,4.16
2002-02-17,0.00,0.55,4.78,0.98,3.90,0.56,4.54,44.80,306.17,4.06
2002-02-18,3.92,0.80,3.28,0.95,3.78,1.06,3.86,76.39,272.61,6.29
2002-02-19,8.29,0.73,4.63,2.19,8.73,0.99,4.47,43.98,307.50,6.61
2002-02-20,4.10,0.93,2.96,3.58,14.30,1.24,3.70,66.24,280.86,7.62
2002-02-21,6.59,0.51,2.86,2.80,11.20,0.73,4.15,37.57,305.65,6.07
2002-02-22,3.13,0.95,3.98,4.48,17.90,1.31,4.20,78.24,280.38,10.38
2002-02-23,1.69,0.73,0.40,2.17,8.68,1.05,3.23,75.03,265.94,8.07
2002-02-24,2.30,0.33,0.15,1.78,7.11,0.43,3.38,44.86,288.18,2.66
2002-02-25,28.09,0.25,3.07,3.53,14.10,0.36,4.62,42.07,307.25,4.07
2002-02-26,12.46,0.66,3.79,NaN,NaN,0.91,4.32,54.14,301.26,6.27
2002-02-27,7.55,0.93,2.33,5.08,20.30,1.23,3.54,65.17,285.16,7.36
2002-02-28,5.78,0.58,1.64,5.66,22.60,0.79,3.67,62.09,286.33,4.93
2002-03-01,1.09,0.78,1.35,3.40,13.60,0.98,3.37,117.86,250.89,4.24
2002-03-02,0.01,0.55,2.65,2.43,9.71,0.57,3.90,43.94,304.46,3.73
2002-03-03,0.00,0.73,6.28,3.05,12.20,0.74,5.13,45.26,323.20,5.22
2002-03-04,0.67,1.05,6.17,2.14,8.57,1.30,4.71,71.62,305.99,5.83
2002-03-05,2.28,1.16,4.86,1.41,5.63,1.45,4.21,89.00,289.24,7.05
2002-03-06,3.97,1.54,8.19,2.48,9.89,1.89,5.27,73.55,316.49,10.05
2002-03-07,0.00,1.94,6.25,1.81,7.24,1.96,3.89,135.55,266.79,8.09
2002-03-08,1.82,1.09,6.78,1.05,4.19,1.36,5.03,64.00,316.96,6.87
2002-03-09,7.82,0.87,2.02,1.02,4.06,1.13,3.51,71.50,288.51,5.70
2002-03-10,10.46,0.98,3.13,3.83,15.30,1.29,3.88,73.90,293.91,7.68
2002-03-11,0.03,1.65,4.30,2.88,11.50,1.74,3.60,142.33,260.49,7.80
2002-03-12,0.10,0.92,2.88,1.36,5.42,1.02,3.63,108.43,275.16,3.24
2002-03-13,0.00,1.14,1.85,0.98,3.92,1.14,3.08,163.56,241.16,2.79
2002-03-14,2.47,1.03,2.04,0.85,3.41,1.29,3.36,88.30,282.50,5.60
2002-03-15,9.31,0.80,2.47,1.67,6.68,1.12,3.73,31.60,303.56,8.48
2002-03-16,0.85,0.73,6.03,3.15,12.60,0.90,5.29,80.38,311.46,3.95
2002-03-17,0.44,0.78,6.41,1.69,6.74,0.92,5.37,89.17,309.76,3.06
2002-03-18,0.35,0.82,5.92,1.14,4.54,0.94,5.12,100.29,302.53,2.48
2002-03-19,5.53,0.70,4.10,1.06,4.22,0.83,4.47,80.35,302.82,2.74
2002-03-20,8.06,0.62,4.80,2.75,11.00,0.71,4.93,76.35,309.61,2.13
2002-03-21,6.48,0.86,6.32,4.51,18.00,1.05,5.33,91.73,310.66,4.22
2002-03-22,0.19,0.66,5.99,3.05,12.20,0.77,5.31,67.99,320.23,2.95
2002-03-23,0.00,0.90,5.25,1.39,5.55,0.90,4.61,87.20,307.12,3.10
2002-03-24,0.34,0.62,6.66,1.01,4.02,0.76,5.13,36.45,325.74,3.72
2002-03-25,0.68,1.00,7.01,0.89,3.56,1.18,5.24,79.88,320.57,3.89
2002-03-26,0.00,1.62,4.24,0.77,3.07,1.62,3.52,184.66,257.62,3.23
2002-03-27,0.00,1.76,6.14,0.64,2.56,1.76,4.15,162.27,278.50,4.65
2002-03-28,0.04,1.86,6.65,0.56,2.25,1.93,4.27,190.81,269.84,3.69
2002-03-29,0.01,1.61,4.98,0.51,2.04,1.62,3.74,197.39,259.51,1.88
2002-03-30,0.12,1.57,5.84,0.48,1.92,1.66,4.10,159.35,281.21,2.99
2002-03-31,0.23,1.15,8.63,0.47,1.87,1.22,5.84,81.07,331.23,4.35
2002-04-01,1.65,1.09,7.70,0.46,1.83,1.31,5.62,84.06,326.19,5.12
2002-04-02,0.49,1.03,5.63,0.46,1.83,1.20,4.98,113.88,305.39,3.26
2002-04-03,0.00,1.95,9.74,0.44,1.75,1.95,5.91,184.91,298.88,3.87
2002-04-04,0.00,1.19,6.87,0.40,1.58,1.19,5.52,135.54,305.44,2.43
2002-04-05,0.00,1.84,5.89,0.37,1.48,1.84,4.46,195.05,276.41,5.96
2002-04-06,0.01,2.11,5.12,0.34,1.37,2.12,3.76,217.32,262.11,5.12
2002-04-07,0.00,1.94,3.90,0.33,1.31,1.94,3.66,246.31,248.60,2.38
2002-04-08,0.01,1.26,4.60,0.32,1.28,1.27,4.30,146.54,290.39,1.59
2002-04-09,0.00,1.56,6.08,0.31,1.24,1.56,4.40,160.52,291.92,2.24
2002-04-10,0.01,1.81,5.91,0.30,1.21,1.82,4.18,185.05,282.25,2.95
2002-04-11,2.42,1.11,4.67,0.29,1.17,1.23,4.15,107.54,304.71,2.12
2002-04-12,0.03,1.54,4.89,0.31,1.23,1.60,4.11,151.73,290.95,3.79
2002-04-13,0.01,1.73,3.77,0.29,1.17,1.76,3.73,205.13,267.92,2.71
2002-04-14,2.16,0.97,4.64,0.30,1.18,1.08,4.57,101.40,309.48,2.02
2002-04-15,0.36,1.52,5.04,0.31,1.23,1.65,4.43,172.50,288.18,2.14
2002-04-16,0.00,2.07,5.13,0.29,1.17,2.07,3.97,236.70,265.68,2.11
2002-04-17,1.45,1.63,6.84,0.27,1.09,1.81,4.79,146.33,305.80,3.58
2002-04-18,0.25,1.38,6.42,0.28,1.12,1.56,4.97,129.15,310.74,3.73
2002-04-19,0.00,1.79,6.61,0.28,1.12,1.79,4.93,193.51,291.87,1.79
2002-04-20,2.39,1.58,8.30,0.26,1.05,1.76,5.37,123.73,322.13,3.71
2002-04-21,4.61,1.72,11.12,0.27,1.08,1.96,6.57,96.78,345.63,5.86
2002-04-22,0.03,2.35,11.49,0.31,1.24,2.46,6.47,152.80,330.35,7.60
2002-04-23,0.00,2.27,11.79,0.30,1.20,2.27,6.75,167.04,328.45,5.61
2002-04-24,0.47,2.62,10.53,0.27,1.06,2.83,6.23,244.59,299.27,4.39
2002-04-25,4.58,2.69,9.17,0.26,1.02,2.93,4.83,205.15,300.21,5.30
2002-04-26,0.82,2.24,7.16,0.28,1.12,2.54,4.78,207.70,292.66,7.31
2002-04-27,0.85,2.06,5.36,0.28,1.12,2.31,4.17,210.79,282.75,5.10
2002-04-28,10.03,1.24,5.14,0.27,1.08,1.46,4.81,131.35,308.03,4.60
2002-04-29,3.96,1.69,4.96,0.64,2.57,1.99,4.31,165.42,295.98,7.08
2002-04-30,9.02,1.42,5.53,0.98,3.90,1.64,4.65,132.30,309.29,4.54
2002-05-01,1.18,1.83,6.12,0.97,3.86,2.01,4.78,190.67,297.10,3.40
2002-05-02,4.18,2.17,6.56,0.55,2.20,2.32,4.70,223.60,289.78,2.59
2002-05-03,4.15,1.76,6.48,0.81,3.24,1.90,4.92,177.00,303.41,2.38
2002-05-04,0.01,1.86,6.79,0.74,2.97,1.87,4.94,185.15,302.85,1.94
2002-05-05,0.00,3.02,7.10,0.44,1.76,3.02,4.42,313.35,267.10,3.60
2002-05-06,0.00,1.85,7.49,0.33,1.31,1.85,5.37,181.00,308.96,4.17
2002-05-07,2.58,1.51,8.65,0.32,1.29,1.66,6.13,139.06,326.80,2.97
2002-05-08,0.00,1.46,8.19,0.33,1.31,1.47,6.01,138.69,324.94,3.32
2002-05-09,0.86,1.39,7.62,0.29,1.15,1.60,5.77,133.11,323.58,4.48
2002-05-10,0.00,1.61,9.68,0.28,1.10,1.61,6.68,147.27,330.95,3.07
2002-05-11,0.00,3.23,9.34,0.26,1.04,3.23,4.97,287.21,287.74,4.03
2002-05-12,0.97,2.90,8.17,0.23,0.94,3.06,4.71,274.66,286.14,2.74
2002-05-13,3.64,1.31,10.04,0.24,0.96,1.54,6.90,107.18,342.89,5.51
2002-05-14,1.96,2.47,10.24,0.29,1.14,2.74,6.04,195.06,320.88,6.88
2002-05-15,1.54,1.92,11.02,0.28,1.11,2.15,6.68,135.23,340.69,5.40
2002-05-16,0.00,2.87,13.75,0.31,1.23,2.87,7.67,221.05,333.86,3.18
2002-05-17,0.13,1.70,10.76,0.25,0.99,1.89,6.83,125.39,342.42,5.38
2002-05-18,4.15,1.20,8.30,0.26,1.02,1.39,6.29,113.71,333.63,3.93
2002-05-19,1.60,2.25,11.45,0.30,1.21,2.45,6.92,180.17,333.04,4.51
2002-05-20,2.75,1.86,12.38,0.29,1.17,2.09,7.56,127.60,350.47,5.59
2002-05-21,5.04,2.71,11.87,0.31,1.22,2.92,6.92,222.54,325.17,4.83
2002-05-22,3.21,2.84,12.18,0.39,1.54,3.09,6.98,224.94,326.28,6.68
2002-05-23,7.79,2.67,11.27,0.42,1.67,2.93,6.42,202.65,326.48,6.53
2002-05-24,8.62,2.42,9.71,1.11,4.44,2.72,5.94,201.23,319.27,7.98
2002-05-25,2.69,2.68,9.65,2.29,9.15,2.96,5.57,209.87,315.88,7.28
2002-05-26,1.91,1.38,8.62,0.98,3.90,1.56,6.20,121.66,334.03,3.60
2002-05-27,2.40,2.12,9.05,0.69,2.76,2.28,6.07,196.59,318.70,3.14
2002-05-28,9.11,1.97,9.79,0.55,2.19,2.17,6.42,172.04,328.39,4.31
2002-05-29,3.75,2.29,10.03,1.89,7.55,2.54,6.20,191.62,324.46,5.67
2002-05-30,6.76,2.67,9.81,1.25,4.98,2.90,5.75,223.10,314.96,5.09
2002-05-31,0.00,3.32,10.55,1.19,4.77,3.32,5.33,263.30,306.39,4.35
2002-06-01,0.00,3.15,13.26,0.55,2.20,3.16,6.50,225.51,329.66,3.01
2002-06-02,17.87,1.94,12.99,0.53,2.13,2.11,7.72,135.06,352.94,3.59
2002-06-03,3.36,2.47,11.52,NaN,NaN,2.64,6.91,205.15,329.05,3.45
2002-06-04,0.44,2.48,10.13,0.96,3.85,2.67,6.04,208.35,320.32,3.98
2002-06-05,1.33,1.43,10.01,0.64,2.57,1.60,7.09,131.36,339.84,3.78
2002-06-06,0.00,2.36,13.71,0.54,2.17,2.36,8.80,205.31,342.06,4.29
2002-06-07,6.96,1.65,12.32,0.74,2.94,1.84,8.36,150.43,347.09,4.38
2002-06-08,0.88,0.80,12.37,1.15,4.59,0.92,8.30,67.15,354.75,2.91
2002-06-09,12.00,1.48,11.06,1.23,4.91,1.66,7.52,127.54,345.96,3.96
2002-06-10,4.54,2.38,10.30,NaN,NaN,2.61,6.33,202.13,323.95,5.25
2002-06-11,3.18,2.58,10.28,NaN,NaN,2.81,6.08,214.29,320.29,4.91
2002-06-12,5.15,2.25,9.59,1.34,5.35,2.44,5.96,190.99,322.75,3.68
2002-06-13,5.37,2.13,10.69,1.36,5.43,2.33,6.53,167.52,334.30,4.20
2002-06-14,12.27,1.29,11.39,1.48,5.90,1.45,8.07,119.92,349.39,3.51
2002-06-15,0.49,2.53,13.27,2.08,8.32,2.74,7.73,185.89,343.51,5.10
2002-06-16,2.01,2.02,13.78,1.12,4.48,2.20,8.30,140.96,356.35,4.14
2002-06-17,0.00,3.89,15.72,0.79,3.15,3.89,7.94,242.02,341.45,7.44
2002-06-18,2.57,3.79,13.53,0.50,1.98,4.05,6.75,265.72,323.23,6.98
2002-06-19,0.08,3.21,12.57,0.48,1.92,3.36,6.56,229.32,327.70,5.50
2002-06-20,0.00,2.91,12.17,0.39,1.55,2.91,6.56,229.62,326.01,2.44
2002-06-21,3.76,1.89,11.83,0.34,1.34,2.05,6.98,127.45,349.48,3.61
2002-06-22,1.48,2.46,12.88,0.38,1.51,2.68,7.56,183.60,342.13,5.19
2002-06-23,0.01,2.95,11.95,0.36,1.45,2.97,6.46,217.38,327.76,5.23
2002-06-24,0.29,2.43,11.82,0.30,1.21,2.63,6.77,176.14,337.80,4.69
2002-06-25,0.01,3.08,12.39,0.28,1.12,3.11,6.51,221.34,328.68,5.03
2002-06-26,0.34,2.91,12.05,0.26,1.04,3.12,6.65,214.97,329.17,6.29
2002-06-27,0.92,3.34,10.92,0.25,0.99,3.59,5.80,270.91,308.09,5.81
2002-06-28,0.00,3.44,11.18,0.23,0.93,3.44,5.34,246.71,312.97,5.18
2002-06-29,0.21,2.27,11.99,0.22,0.89,2.44,6.91,152.92,344.05,5.53
2002-06-30,7.82,1.53,11.42,0.25,1.00,1.73,7.47,117.02,350.01,4.85
2002-07-01,1.26,1.58,10.12,0.33,1.31,1.76,6.75,128.74,340.77,3.81
2002-07-02,2.28,1.89,10.74,0.30,1.21,2.08,6.76,149.86,338.56,3.94
2002-07-03,0.20,2.18,11.64,0.29,1.14,2.32,7.25,182.25,335.57,2.74
2002-07-04,5.04,2.15,10.87,0.24,0.98,2.29,6.41,167.50,334.05,2.83
2002-07-05,0.06,2.15,10.93,0.25,1.00,2.24,6.85,182.06,331.61,3.21
2002-07-06,1.21,1.85,11.13,0.24,0.97,2.01,6.68,135.00,343.45,3.10
2002-07-07,3.42,2.55,12.35,0.23,0.93,2.71,6.59,180.14,337.34,3.33
2002-07-08,0.00,2.90,12.89,0.23,0.93,2.90,7.08,211.57,332.86,5.50
2002-07-09,1.14,2.04,11.47,0.24,0.94,2.15,6.98,163.90,338.16,2.17
2002-07-10,0.37,2.97,12.11,0.22,0.89,3.04,6.76,244.02,320.35,3.15
2002-07-11,3.36,3.22,12.24,0.20,0.81,3.39,6.51,257.54,316.26,3.82
2002-07-12,3.36,2.60,11.24,0.20,0.81,2.73,6.49,218.27,322.17,2.47
2002-07-13,0.00,3.67,12.36,0.22,0.87,3.67,6.55,315.83,301.33,2.08
2002-07-14,0.00,2.68,14.29,0.19,0.76,2.68,7.75,195.74,343.25,2.46
2002-07-15,0.03,2.73,16.12,0.19,0.75,2.76,9.22,193.78,353.84,3.12
2002-07-16,0.01,2.53,13.63,0.18,0.72,2.54,7.89,196.60,340.11,2.73
2002-07-17,0.20,1.83,12.84,0.17,0.70,1.93,7.93,140.11,350.07,2.74
2002-07-18,6.11,2.46,14.01,0.18,0.71,2.56,8.22,193.43,342.73,2.09
2002-07-19,4.95,0.69,12.27,0.23,0.93,0.76,8.36,63.81,354.22,2.02
2002-07-20,10.46,1.40,11.24,0.43,1.72,1.54,7.65,120.73,346.73,2.87
2002-07-21,3.44,2.74,12.14,0.63,2.51,2.91,6.81,219.45,324.45,3.70
2002-07-22,3.56,1.80,13.09,0.40,1.59,1.96,8.02,130.28,352.97,3.70
2002-07-23,2.35,1.57,13.03,0.43,1.71,1.73,8.55,129.91,352.71,3.65
2002-07-24,0.48,2.34,12.55,0.48,1.90,2.51,6.90,158.16,341.79,4.03
2002-07-25,0.06,1.87,13.91,0.31,1.22,1.94,8.33,123.75,358.07,4.53
2002-07-26,0.00,2.74,15.30,0.26,1.03,2.74,8.68,197.61,346.19,4.00
2002-07-27,0.00,2.71,15.84,0.22,0.89,2.71,8.93,191.53,350.20,3.59
2002-07-28,0.35,2.55,16.31,0.20,0.81,2.67,9.50,177.11,356.23,4.09
2002-07-29,0.42,1.72,16.82,0.20,0.78,1.82,10.68,129.25,369.31,2.25
2002-07-30,41.91,1.28,16.00,0.44,1.76,1.35,10.94,108.39,368.97,1.56
2002-07-31,1.73,1.19,15.78,NaN,NaN,1.32,10.83,104.58,368.64,3.38
2002-08-01,3.19,1.71,15.65,1.01,4.04,1.88,10.57,154.16,357.40,4.15
2002-08-02,43.78,1.15,13.73,1.09,4.37,1.32,9.48,106.09,359.47,4.35
2002-08-03,0.02,2.21,15.38,3.03,12.10,2.23,9.82,184.78,348.37,2.32
2002-08-04,0.00,2.29,15.70,1.52,6.08,2.29,9.51,180.40,350.26,2.17
2002-08-05,0.00,2.83,16.08,0.80,3.18,2.83,9.63,229.30,339.31,2.02
2002-08-06,3.92,2.29,16.11,0.73,2.90,2.36,9.82,181.92,351.39,1.66
2002-08-07,7.88,1.68,16.11,0.84,3.35,1.79,10.03,124.62,365.46,2.45
2002-08-08,0.03,1.67,12.60,0.90,3.59,1.70,7.48,123.42,348.47,2.40
2002-08-09,3.35,1.20,11.59,0.60,2.40,1.34,7.79,99.42,350.38,2.97
2002-08-10,0.66,1.31,12.47,0.63,2.51,1.43,7.95,98.11,354.68,2.74
2002-08-11,2.94,1.24,13.09,0.62,2.49,1.34,8.39,96.02,358.00,2.09
2002-08-12,1.25,2.43,14.32,0.60,2.39,2.59,8.11,183.09,338.36,3.66
2002-08-13,1.47,2.22,16.54,0.48,1.92,2.41,9.82,149.69,359.44,4.79
2002-08-14,0.05,1.86,16.26,0.47,1.88,1.89,9.64,122.21,365.23,3.47
2002-08-15,0.01,3.03,15.52,0.41,1.63,3.05,8.27,212.62,333.34,4.99
2002-08-16,0.00,2.82,13.59,0.33,1.31,2.82,7.47,244.58,312.73,2.26
2002-08-17,0.04,2.56,17.63,0.29,1.17,2.64,9.89,153.90,361.94,4.82
2002-08-18,0.28,1.37,15.63,0.28,1.10,1.42,9.83,103.58,365.99,2.22
2002-08-19,0.80,1.90,13.77,0.27,1.07,1.99,8.36,161.20,339.94,1.85
2002-08-20,0.00,1.97,13.58,0.26,1.05,1.97,8.16,165.98,336.86,2.32
2002-08-21,0.00,2.30,12.92,0.25,0.98,2.30,7.34,198.21,321.35,2.32
2002-08-22,1.83,1.80,12.91,0.24,0.95,1.94,7.42,133.02,342.18,2.94
2002-08-23,4.99,1.10,13.57,0.26,1.03,1.21,8.96,89.95,358.96,2.66
2002-08-24,1.70,1.57,14.29,0.33,1.31,1.67,8.92,131.10,349.82,2.13
2002-08-25,0.00,1.64,13.12,0.29,1.15,1.64,7.71,122.51,345.68,2.75
2002-08-26,0.01,2.04,12.44,0.25,0.99,2.05,7.34,184.17,321.08,2.17
2002-08-27,0.00,2.13,13.69,0.23,0.90,2.13,8.25,193.41,324.94,2.13
2002-08-28,0.73,1.75,15.77,0.21,0.85,1.88,9.31,123.43,357.57,3.15
2002-08-29,1.19,2.15,15.91,0.21,0.85,2.34,8.87,126.77,356.42,4.81
2002-08-30,11.98,1.15,13.73,0.60,2.40,1.33,8.86,81.81,360.35,4.53
2002-08-31,0.01,2.71,11.50,0.58,2.31,2.73,5.68,196.33,302.60,5.20
2002-09-01,0.00,2.12,10.54,0.31,1.25,2.12,5.82,191.98,299.89,2.91
2002-09-02,0.00,2.61,13.38,0.25,0.99,2.61,6.88,219.20,303.33,3.30
2002-09-03,0.00,1.37,12.93,0.22,0.89,1.37,7.97,114.34,343.62,2.32
2002-09-04,0.00,1.54,13.73,0.21,0.86,1.54,8.20,135.22,339.33,1.68
2002-09-05,2.57,1.45,12.31,0.21,0.84,1.64,7.36,94.45,346.62,4.21
2002-09-06,1.65,1.37,10.56,0.22,0.89,1.53,6.47,99.66,334.98,3.58
2002-09-07,6.85,1.38,10.53,0.24,0.94,1.54,6.79,127.67,324.00,3.24
2002-09-08,0.25,1.60,11.68,0.33,1.30,1.74,7.29,148.00,321.39,3.82
2002-09-09,13.78,0.82,12.05,0.85,3.41,0.96,8.46,84.01,348.14,3.42
2002-09-10,0.04,1.69,13.67,0.86,3.44,1.74,8.17,135.47,335.06,4.10
2002-09-11,0.00,1.99,12.79,0.40,1.59,1.99,7.16,196.30,302.71,2.10
2002-09-12,0.10,1.10,14.27,0.29,1.17,1.18,9.33,101.89,350.72,2.65
2002-09-13,0.00,1.38,13.75,0.26,1.05,1.38,8.57,121.63,339.56,3.08
2002-09-14,0.02,1.16,11.99,0.24,0.96,1.18,7.75,107.66,335.76,2.80
2002-09-15,0.71,0.95,11.91,0.23,0.90,1.04,7.87,91.98,341.41,1.91
2002-09-16,0.04,0.74,12.28,0.22,0.88,0.76,7.71,61.84,354.11,1.30
2002-09-17,0.10,0.95,12.33,0.22,0.89,1.00,7.46,78.64,347.53,1.61
2002-09-18,0.00,0.86,11.27,0.21,0.85,0.86,6.91,65.88,347.45,1.74
2002-09-19,0.00,0.86,11.44,0.22,0.86,0.86,6.61,64.77,347.96,1.39
2002-09-20,0.00,1.11,11.22,0.22,0.87,1.11,6.51,106.01,326.35,1.51
2002-09-21,0.04,1.23,11.30,0.20,0.79,1.27,6.72,109.91,324.56,2.46
2002-09-22,1.03,1.26,9.87,0.21,0.83,1.44,6.15,104.04,319.23,3.91
2002-09-23,0.04,1.21,8.82,0.21,0.83,1.27,5.80,133.68,298.46,2.75
2002-09-24,0.00,1.11,8.51,0.19,0.75,1.11,5.61,136.67,293.94,1.69
2002-09-25,0.72,1.17,9.34,0.18,0.72,1.35,5.92,94.07,319.05,3.89
2002-09-26,0.00,1.33,11.17,0.18,0.73,1.33,6.53,110.38,318.79,3.51
2002-09-27,0.00,0.87,12.06,0.18,0.72,0.87,7.20,62.65,348.47,2.15
2002-09-28,0.00,0.43,11.79,0.18,0.71,0.43,6.84,30.71,351.66,1.48
2002-09-29,0.00,1.18,12.49,0.17,0.69,1.18,7.22,100.06,328.87,2.79
2002-09-30,0.47,1.14,12.70,0.17,0.67,1.23,7.01,105.75,324.97,2.03
2002-10-01,0.12,1.03,12.97,0.17,0.67,1.08,7.50,116.44,319.67,1.57
2002-10-02,1.75,0.78,12.95,0.17,0.67,0.87,8.06,64.84,348.90,2.37
2002-10-03,0.29,1.28,11.17,0.19,0.75,1.43,6.55,120.93,304.41,3.73
2002-10-04,0.18,0.81,9.85,0.17,0.67,0.93,6.57,62.31,333.43,3.74
2002-10-05,0.39,1.31,13.69,0.17,0.67,1.44,7.93,54.91,356.22,5.47
2002-10-06,0.00,0.82,9.76,0.16,0.64,0.82,6.31,97.09,309.40,2.32
2002-10-07,0.08,0.53,9.26,0.16,0.65,0.57,6.43,56.48,332.26,1.77
2002-10-08,0.48,1.01,10.32,0.16,0.66,1.22,6.50,54.35,337.74,5.08
2002-10-09,0.01,1.56,9.55,0.16,0.65,1.57,5.36,84.92,309.44,6.08
2002-10-10,0.04,1.30,9.98,0.16,0.63,1.39,5.92,50.08,336.70,5.99
2002-10-11,14.91,1.02,9.19,0.17,0.68,1.26,5.75,24.24,338.23,6.18
2002-10-12,8.15,0.50,7.68,0.53,2.11,0.66,6.08,46.34,328.31,4.65
2002-10-13,7.69,0.39,5.94,0.62,2.49,0.50,5.46,56.87,311.69,3.18
2002-10-14,1.65,0.31,7.31,1.16,4.63,0.42,5.82,22.85,330.03,3.72
2002-10-15,4.06,0.70,5.84,0.69,2.74,0.90,4.91,53.06,310.74,4.99
2002-10-16,1.29,0.63,4.83,0.60,2.40,0.80,4.55,68.42,293.00,4.20
2002-10-17,5.65,0.37,4.09,0.57,2.29,0.47,4.59,40.05,311.10,2.83
2002-10-18,0.13,0.55,3.20,0.90,3.60,0.67,4.01,86.67,268.29,3.65
2002-10-19,0.00,0.54,2.04,0.51,2.04,0.54,3.54,93.88,254.63,3.15
2002-10-20,21.36,0.39,1.36,0.84,3.35,0.50,3.59,56.60,280.93,2.96
2002-10-21,43.50,0.16,5.30,16.27,65.00,0.26,5.41,19.80,320.62,6.02
2002-10-22,10.97,0.29,7.42,19.40,77.50,0.43,6.26,33.88,330.69,5.82
2002-10-23,1.19,0.63,3.38,4.08,16.30,0.85,4.08,46.69,296.35,5.73
2002-10-24,9.39,0.53,3.58,2.20,8.78,0.70,4.14,61.95,283.04,4.36
2002-10-25,9.57,0.38,6.35,7.43,29.70,0.52,5.52,47.81,310.55,4.60
2002-10-26,20.20,0.79,5.96,6.58,26.30,1.01,4.58,70.43,283.38,5.08
2002-10-27,2.92,0.64,5.88,14.12,56.40,0.89,5.07,33.08,319.28,7.01
2002-10-28,2.33,0.68,5.54,2.95,11.80,0.88,4.53,63.81,285.29,4.76
2002-10-29,1.14,0.14,4.19,2.05,8.18,0.17,4.89,32.98,310.59,1.82
2002-10-30,0.00,0.14,3.36,1.48,5.91,0.14,4.37,59.48,278.93,1.78
2002-10-31,0.97,0.13,4.98,1.06,4.24,0.16,4.96,55.34,290.15,1.74
2002-11-01,7.78,0.08,8.68,2.23,8.92,0.10,6.93,23.36,337.34,2.26
2002-11-02,18.66,0.22,9.12,10.14,40.50,0.31,7.02,27.05,338.59,4.50
2002-11-03,2.29,0.51,8.63,7.71,30.80,0.66,5.95,58.95,299.18,4.47
2002-11-04,0.33,0.33,7.71,2.48,9.92,0.42,5.63,60.16,291.80,3.29
2002-11-05,8.04,0.25,9.70,1.52,6.06,0.33,6.95,43.28,321.21,3.54
2002-11-06,0.35,0.60,8.56,4.08,16.30,0.79,5.92,42.58,313.61,5.26
2002-11-07,3.66,0.63,4.55,1.77,7.08,0.83,4.14,56.24,273.55,5.25
2002-11-08,6.15,0.30,5.96,4.56,18.20,0.41,5.30,27.87,317.17,4.07
2002-11-09,4.12,0.12,3.81,2.37,9.46,0.16,4.59,24.57,309.70,1.90
2002-11-10,1.91,0.19,5.83,2.78,11.10,0.26,5.29,38.01,302.34,3.64
2002-11-11,6.14,0.48,6.12,2.75,11.00,0.65,4.94,36.60,302.76,4.63
2002-11-12,4.79,0.30,4.32,4.88,19.50,0.40,4.61,26.28,307.39,3.88
2002-11-13,6.17,0.03,4.47,2.63,10.50,0.04,5.13,24.30,311.61,2.27
2002-11-14,16.11,0.24,6.82,14.67,58.60,0.39,5.88,11.76,328.01,7.36
2002-11-15,0.64,0.12,5.05,4.38,17.50,0.16,5.08,27.36,308.07,2.99
2002-11-16,0.72,0.07,3.88,2.11,8.43,0.10,4.69,24.43,305.61,2.32
2002-11-17,0.03,0.03,2.83,1.51,6.05,0.03,4.34,36.11,282.88,2.34
2002-11-18,0.03,0.01,2.18,1.15,4.58,0.01,4.25,27.26,291.80,1.65
2002-11-19,0.12,0.23,4.07,0.94,3.74,0.28,4.61,22.28,307.13,3.88
2002-11-20,8.06,0.33,5.52,1.87,7.48,0.49,5.08,10.39,320.80,5.61
2002-11-21,10.02,0.24,7.84,5.86,23.40,0.38,6.27,10.19,333.01,6.79
2002-11-22,0.48,0.38,7.37,3.88,15.50,0.53,5.73,22.36,321.62,5.21
2002-11-23,0.10,0.24,6.30,1.69,6.77,0.30,5.35,26.02,309.61,4.24
2002-11-24,0.00,0.03,4.87,1.19,4.75,0.03,4.99,31.80,292.85,2.80
2002-11-25,0.58,0.01,3.59,0.97,3.86,0.01,4.78,20.05,305.59,2.17
2002-11-26,1.29,0.18,5.80,0.88,3.51,0.26,5.31,18.11,318.75,3.78
2002-11-27,4.69,0.58,7.46,1.01,4.03,0.82,5.71,15.74,330.41,7.50
2002-11-28,0.22,0.24,6.96,2.11,8.45,0.31,5.61,22.03,316.19,4.27
2002-11-29,0.11,0.00,4.41,1.23,4.93,0.00,5.08,22.25,303.57,1.29
2002-11-30,5.37,0.00,5.23,1.03,4.12,0.00,5.37,8.69,320.25,2.56
2002-12-01,10.64,0.31,6.32,3.80,15.20,0.45,5.35,21.55,311.60,5.39
2002-12-02,2.17,0.32,6.25,6.08,24.30,0.47,5.41,15.32,323.03,5.43
2002-12-03,5.42,0.10,6.51,2.75,11.00,0.14,5.66,15.44,324.01,2.98
2002-12-04,0.66,0.33,5.27,4.53,18.10,0.47,4.92,16.43,314.54,4.99
2002-12-05,1.40,0.21,4.40,2.11,8.43,0.30,4.54,20.46,301.10,3.73
2002-12-06,4.47,0.14,4.96,1.78,7.13,0.20,4.91,15.66,314.01,3.08
2002-12-07,3.62,0.28,3.56,3.13,12.50,0.40,4.34,14.57,308.39,4.36
2002-12-08,0.01,0.63,3.51,2.68,10.70,0.67,3.92,15.38,304.40,6.04
2002-12-09,0.92,0.91,3.49,1.47,5.88,1.19,3.43,22.75,285.27,6.55
2002-12-10,0.00,0.84,2.21,1.10,4.39,0.85,3.21,19.66,285.57,6.76
2002-12-11,0.00,0.70,2.01,0.87,3.48,0.70,3.21,24.55,274.13,6.23
2002-12-12,0.00,0.59,1.95,0.73,2.93,0.59,3.32,7.55,299.47,5.07
2002-12-13,2.20,0.07,2.58,0.69,2.77,0.10,4.12,13.15,305.09,2.11
2002-12-14,1.85,0.21,2.96,0.71,2.83,0.30,4.22,12.89,307.43,3.80
2002-12-15,12.76,0.21,2.80,2.70,10.80,0.32,4.21,7.42,306.89,4.90
2002-12-16,2.11,0.03,2.30,4.66,18.60,0.04,4.28,7.39,305.18,3.47
2002-12-17,0.03,0.00,0.05,2.01,8.03,0.00,3.43,25.98,264.94,2.12
2002-12-18,0.07,0.00,-1.89,1.12,4.46,0.00,3.02,35.61,237.56,1.20
2002-12-19,0.05,0.00,-2.21,0.79,3.17,0.00,2.95,19.31,267.62,1.59
2002-12-20,0.01,0.00,-1.99,0.68,2.70,0.00,3.05,14.90,278.16,1.15
2002-12-21,20.08,0.01,0.77,3.80,15.20,0.01,3.82,7.33,297.37,2.59
2002-12-22,4.30,0.03,4.65,9.01,36.00,0.04,5.15,12.83,316.78,3.28
2002-12-23,6.69,0.12,6.73,6.33,25.30,0.19,5.84,7.35,327.54,5.16
2002-12-24,3.13,0.27,8.52,5.33,21.30,0.40,6.37,15.57,329.75,5.34
2002-12-25,0.74,0.02,6.76,2.78,11.10,0.02,5.86,17.25,317.90,2.94
2002-12-26,13.50,0.06,6.24,4.63,18.50,0.09,5.78,12.83,325.20,4.13
2002-12-27,2.83,0.01,6.05,7.93,31.70,0.01,5.73,13.21,323.55,2.78
2002-12-28,1.15,0.28,5.74,3.18,12.70,0.38,5.01,17.10,312.23,4.18
2002-12-29,9.65,0.02,4.21,2.95,11.80,0.03,4.92,7.57,314.91,3.17
2002-12-30,1.89,0.26,2.93,5.18,20.70,0.37,4.17,13.85,305.68,4.37
2002-12-31,8.26,0.31,1.06,2.41,9.62,0.43,3.33,18.09,285.72,3.84
2003-01-01,14.01,0.05,2.28,8.11,32.40,0.08,4.33,13.62,304.61,3.76
2003-01-02,5.76,0.19,2.54,8.21,32.80,0.30,4.25,13.59,305.77,5.06
2003-01-03,4.28,0.15,-0.78,3.15,12.60,0.24,3.16,21.50,271.62,4.47
2003-01-04,0.01,0.02,-1.38,1.86,7.42,0.02,3.06,31.98,248.88,3.48
2003-01-05,0.53,0.00,-2.56,1.29,5.17,0.00,2.89,24.61,258.72,1.81
2003-01-06,0.03,0.01,-2.75,1.09,4.34,0.01,2.75,24.07,258.79,2.09
2003-01-07,0.51,0.02,-3.41,0.89,3.57,0.03,2.56,28.54,247.40,2.50
2003-01-08,7.68,0.00,-0.59,1.00,3.99,0.01,3.49,21.83,276.23,3.23
2003-01-09,2.19,0.27,1.76,2.83,11.30,0.39,3.73,18.14,293.89,4.20
2003-01-10,0.05,0.23,0.60,1.97,7.86,0.27,3.17,31.25,261.68,3.77
2003-01-11,0.03,0.00,-1.21,1.12,4.49,0.00,3.12,33.78,252.18,1.91
2003-01-12,0.51,0.30,2.91,3.83,15.30,0.45,4.17,9.01,307.21,5.52
2003-01-13,2.19,0.75,8.60,5.41,21.60,1.02,5.93,9.17,335.91,7.92
2003-01-14,4.58,0.92,8.37,4.51,18.00,1.22,5.74,16.69,333.28,8.83
2003-01-15,2.14,1.09,5.98,3.45,13.80,1.43,4.43,31.94,290.74,9.74
2003-01-16,4.63,1.07,6.35,1.95,7.81,1.38,4.59,17.04,322.00,7.99
2003-01-17,1.17,0.95,6.01,3.15,12.60,1.27,4.67,24.72,307.16,9.21
2003-01-18,6.65,0.52,4.21,2.17,8.66,0.72,4.30,20.16,307.70,5.39
2003-01-19,3.52,0.05,3.77,3.80,15.20,0.07,4.78,19.73,309.11,2.67
2003-01-20,7.05,0.15,3.74,7.91,31.60,0.22,4.69,19.43,309.85,3.99
2003-01-21,6.89,0.04,3.77,4.51,18.00,0.05,4.73,23.75,303.68,2.37
2003-01-22,13.32,0.24,3.49,8.43,33.70,0.35,4.49,19.31,309.69,4.39
2003-01-23,0.27,0.14,1.93,4.08,16.30,0.19,3.68,41.83,265.58,3.08
2003-01-24,6.92,0.63,7.48,2.48,9.89,0.87,5.63,21.09,327.90,6.98
2003-01-25,1.49,0.86,6.58,4.98,19.90,1.15,4.74,46.77,282.14,7.67
2003-01-26,0.81,0.59,8.95,2.42,9.66,0.80,6.23,28.79,325.12,6.31
2003-01-27,8.55,0.80,8.09,2.95,11.80,1.08,5.67,29.81,319.53,7.85
2003-01-28,0.30,1.00,3.32,4.48,17.90,1.32,3.67,30.27,293.07,8.99
2003-01-29,0.07,1.08,2.03,1.85,7.40,1.27,3.00,41.40,269.24,7.88
2003-01-30,0.01,0.42,-1.72,1.19,4.76,0.44,2.82,46.15,251.10,7.74
2003-01-31,0.57,0.33,-1.71,0.88,3.53,0.48,2.85,27.09,277.04,4.68
2003-02-01,5.94,0.25,2.28,1.33,5.30,0.36,4.02,57.73,265.66,4.71
2003-02-02,5.52,0.42,1.37,3.48,13.90,0.66,3.71,32.88,288.96,7.09
2003-02-03,0.42,0.31,-0.58,1.68,6.72,0.49,3.26,51.45,260.83,6.41
2003-02-04,0.11,0.49,-0.56,1.04,4.17,0.64,3.01,66.54,245.07,6.73
2003-02-05,0.01,0.25,-1.95,0.81,3.24,0.26,2.72,69.42,237.33,3.20
2003-02-06,0.40,0.23,1.49,0.96,3.82,0.33,3.94,26.61,299.95,4.18
2003-02-07,0.01,0.42,5.01,1.93,7.73,0.43,4.77,32.91,311.20,4.27
2003-02-08,5.83,0.66,6.91,1.50,5.98,0.88,5.30,28.79,325.52,5.69
2003-02-09,0.00,0.28,4.09,2.58,10.30,0.29,4.52,55.87,286.09,3.03
2003-02-10,3.38,0.36,1.41,1.82,7.28,0.49,3.66,37.01,290.81,3.91
2003-02-11,0.06,0.20,4.30,1.74,6.94,0.22,4.67,62.21,284.07,2.01
2003-02-12,0.17,0.09,2.13,1.12,4.49,0.10,4.29,43.61,292.13,1.02
2003-02-13,0.03,0.23,0.87,0.95,3.80,0.25,3.59,35.53,292.02,2.26
2003-02-14,0.00,0.21,-1.60,0.77,3.09,0.22,2.72,83.46,238.71,1.48
2003-02-15,0.07,0.29,-1.97,0.62,2.46,0.32,2.51,96.19,227.10,1.72
2003-02-16,0.00,0.39,-0.89,0.61,2.42,0.39,2.94,50.89,271.20,3.48
2003-02-17,0.06,0.39,-1.86,0.49,1.97,0.43,2.55,88.03,237.05,2.46
2003-02-18,0.02,0.54,-1.30,0.49,1.96,0.58,2.70,91.41,238.76,3.98
2003-02-19,0.00,0.74,0.60,0.50,2.00,0.74,3.01,74.60,260.82,5.16
2003-02-20,0.00,0.50,1.78,0.50,2.01,0.50,3.47,48.15,289.40,3.13
2003-02-21,0.00,0.31,2.47,0.52,2.06,0.31,3.96,75.21,275.08,1.57
2003-02-22,0.04,0.40,1.66,0.53,2.12,0.45,3.85,59.47,284.23,3.88
2003-02-23,0.17,0.59,4.26,0.55,2.19,0.67,4.47,60.12,297.01,4.64
2003-02-24,0.09,0.42,4.20,0.52,2.07,0.46,4.61,84.22,281.48,2.19
2003-02-25,0.04,0.81,4.61,0.50,1.98,0.89,4.17,73.20,289.28,4.30
2003-02-26,0.03,0.72,4.35,0.47,1.86,0.79,4.12,49.38,305.94,3.80
2003-02-27,0.03,0.54,4.61,0.45,1.79,0.56,4.49,46.89,310.83,3.03
2003-02-28,4.01,0.66,6.22,0.45,1.81,0.83,5.16,66.84,306.89,4.16
2003-03-01,6.93,0.68,5.33,0.97,3.88,0.87,4.85,70.30,301.70,4.61
2003-03-02,0.10,0.77,4.66,1.35,5.41,0.88,4.49,108.32,275.44,3.76
2003-03-03,0.35,0.71,3.98,0.75,2.98,0.85,4.22,101.69,276.77,2.95
2003-03-04,5.46,0.65,7.07,0.79,3.15,0.86,5.68,45.56,328.19,5.90
2003-03-05,0.04,1.01,6.22,1.30,5.18,1.10,4.79,67.80,309.62,5.87
2003-03-06,0.03,1.13,4.87,0.75,3.01,1.19,4.17,125.72,268.88,4.82
2003-03-07,6.26,0.73,4.82,1.23,4.90,0.95,4.57,48.26,315.77,5.10
2003-03-08,2.07,0.79,5.32,1.58,6.31,1.03,4.84,70.82,306.73,5.76
2003-03-09,9.19,1.21,8.30,3.28,13.10,1.52,5.64,61.17,327.24,8.35
2003-03-10,4.62,1.56,7.22,4.28,17.10,1.89,4.82,82.44,309.09,9.26
2003-03-11,6.84,1.55,7.00,3.98,15.90,1.86,4.80,115.03,291.30,8.40
2003-03-12,0.10,1.29,3.62,3.38,13.50,1.49,3.33,80.91,290.31,5.07
2003-03-13,0.03,0.77,2.03,1.24,4.97,0.80,3.40,94.00,279.04,2.43
2003-03-14,0.04,1.08,4.03,0.90,3.58,1.15,3.84,123.73,274.44,3.21
2003-03-15,0.10,1.05,3.54,0.71,2.85,1.18,3.85,136.43,267.79,3.07
2003-03-16,0.00,1.05,3.22,0.60,2.40,1.05,3.60,148.14,260.49,2.00
2003-03-17,0.00,0.83,2.18,0.53,2.10,0.83,3.72,124.15,270.44,2.07
2003-03-18,0.02,0.87,1.97,0.49,1.96,0.88,3.63,134.95,265.18,1.69
2003-03-19,0.02,1.09,3.06,0.45,1.80,1.10,3.60,164.77,255.65,1.40
2003-03-20,0.00,0.93,4.07,0.43,1.72,0.93,4.21,111.08,288.25,2.83
2003-03-21,0.03,1.35,6.15,0.41,1.64,1.39,4.53,152.23,279.26,3.00
2003-03-22,0.04,1.50,5.15,0.38,1.53,1.58,3.89,161.64,268.79,3.43
2003-03-23,0.00,1.59,5.52,0.36,1.44,1.59,3.67,196.04,253.88,1.92
2003-03-24,0.02,1.43,6.69,0.35,1.39,1.45,4.47,154.27,282.84,2.39
2003-03-25,0.00,1.14,6.98,0.34,1.34,1.14,4.95,111.47,305.82,2.49
2003-03-26,0.00,1.16,7.24,0.33,1.31,1.16,4.61,118.68,302.92,1.48
2003-03-27,0.00,1.27,6.50,0.32,1.26,1.27,4.68,144.91,290.17,1.72
2003-03-28,0.00,1.14,6.05,0.31,1.22,1.14,4.63,124.97,297.44,1.83
2003-03-29,0.00,1.87,7.30,0.30,1.18,1.87,4.38,178.20,278.96,3.48
2003-03-30,0.00,2.00,6.41,0.28,1.13,2.00,3.88,183.02,271.79,4.05
2003-03-31,7.08,1.96,5.85,0.28,1.10,2.19,3.86,184.26,270.45,4.57
2003-04-01,0.91,1.90,6.13,0.41,1.62,2.23,4.41,169.86,282.76,8.63
2003-04-02,0.00,2.10,4.89,0.35,1.38,2.10,3.39,172.93,271.72,6.04
2003-04-03,0.29,1.62,8.16,0.30,1.19,1.74,5.04,135.85,307.67,3.45
2003-04-04,0.00,2.15,9.44,0.29,1.14,2.15,5.34,184.27,296.13,4.39
2003-04-05,0.00,1.27,7.45,0.27,1.09,1.27,5.41,131.63,309.24,2.03
2003-04-06,0.00,1.05,6.31,0.27,1.07,1.05,4.89,92.27,317.42,2.68
2003-04-07,0.00,1.85,4.81,0.26,1.05,1.85,3.71,193.14,270.37,3.50
2003-04-08,0.00,1.79,4.47,0.27,1.08,1.79,3.75,207.52,265.38,2.45
2003-04-09,0.00,1.86,3.84,0.25,0.99,1.86,3.36,206.72,261.77,3.05
2003-04-10,0.00,1.38,2.53,0.24,0.97,1.38,3.13,149.52,276.30,2.39
2003-04-11,0.05,2.07,5.72,0.24,0.97,2.16,3.60,171.12,283.50,4.28
2003-04-12,0.00,1.98,6.49,0.24,0.94,1.98,4.08,199.74,279.90,2.32
2003-04-13,0.44,2.15,7.10,0.23,0.92,2.38,4.45,193.34,287.16,4.76
2003-04-14,0.02,1.84,10.12,0.23,0.93,1.88,5.32,91.94,338.01,4.26
2003-04-15,0.00,2.31,11.23,0.23,0.92,2.31,5.47,176.38,314.35,2.67
2003-04-16,0.00,2.93,12.30,0.22,0.87,2.93,5.61,246.29,295.40,2.34
2003-04-17,0.00,3.00,10.48,0.21,0.83,3.00,4.89,254.50,283.20,3.35
2003-04-18,0.02,2.67,8.77,0.20,0.81,2.70,4.59,246.23,279.48,3.01
2003-04-19,0.00,2.03,5.77,0.20,0.81,2.03,4.28,206.28,281.51,4.80
2003-04-20,0.00,1.95,6.55,0.20,0.82,1.95,4.64,183.82,293.78,5.75
2003-04-21,2.26,1.12,6.63,0.21,0.84,1.30,5.45,111.86,319.42,3.57
2003-04-22,0.00,1.92,7.87,0.22,0.88,1.93,5.38,193.95,299.98,2.60
2003-04-23,0.02,2.39,7.46,0.20,0.82,2.42,4.78,247.68,279.82,2.36
2003-04-24,0.02,1.29,5.86,0.20,0.81,1.32,5.11,138.93,308.42,3.51
2003-04-25,8.39,0.94,7.88,0.23,0.94,1.10,6.27,94.17,332.45,3.59
2003-04-26,2.35,2.20,9.09,0.32,1.28,2.43,5.65,196.82,306.81,4.91
2003-04-27,8.17,2.09,9.49,0.29,1.14,2.34,5.80,165.94,318.38,5.80
2003-04-28,3.13,1.04,8.32,0.59,2.36,1.25,6.36,100.67,333.44,4.71
2003-04-29,7.49,2.44,9.74,0.58,2.32,2.67,5.69,203.11,309.02,5.34
2003-04-30,7.70,1.77,8.20,0.75,3.00,1.95,5.73,171.79,312.62,3.56
2003-05-01,6.35,1.46,7.30,2.50,10.00,1.64,5.58,145.24,316.64,3.48
2003-05-02,6.93,0.48,6.93,2.29,9.16,0.61,6.01,56.38,328.69,3.76
2003-05-03,8.49,2.09,8.18,1.75,6.98,2.32,5.40,192.81,307.55,5.01
2003-05-04,4.32,2.40,11.19,2.68,10.70,2.66,6.08,141.13,336.20,6.73
2003-05-05,1.78,2.83,8.74,1.63,6.50,3.10,5.08,250.99,293.25,6.64
2003-05-06,1.07,2.75,8.90,0.82,3.28,3.01,4.87,210.26,304.33,6.17
2003-05-07,1.01,2.37,9.40,0.57,2.28,2.61,5.47,185.16,315.94,5.24
2003-05-08,0.63,3.51,9.55,0.46,1.82,3.81,4.71,274.86,288.79,7.71
2003-05-09,2.22,2.41,7.09,0.38,1.53,2.66,4.61,220.67,294.83,5.49
2003-05-10,2.90,2.79,7.43,0.36,1.44,3.03,4.44,255.79,286.20,5.10
2003-05-11,2.06,2.49,8.18,0.35,1.40,2.73,5.04,221.74,301.31,5.16
2003-05-12,2.71,2.46,6.61,0.37,1.48,2.71,4.54,245.41,287.46,5.11
2003-05-13,0.35,2.41,6.90,0.38,1.50,2.66,4.61,228.30,293.62,5.48
2003-05-14,3.83,2.72,7.51,0.37,1.49,2.95,4.61,254.96,289.29,4.65
2003-05-15,0.15,2.58,6.63,0.42,1.66,2.70,4.42,257.09,285.01,3.12
2003-05-16,11.64,0.67,7.19,0.75,2.99,0.87,5.88,61.77,329.59,5.13
2003-05-17,8.81,1.39,10.03,2.60,10.40,1.56,7.06,127.31,338.93,3.69
2003-05-18,4.66,2.26,10.30,2.88,11.50,2.50,6.38,192.04,323.92,5.45
2003-05-19,6.59,2.17,9.05,2.04,8.14,2.39,5.85,193.40,317.21,4.83
2003-05-20,3.31,2.09,9.46,2.04,8.14,2.30,6.07,180.96,322.71,4.43
2003-05-21,3.17,1.96,10.15,1.20,4.78,2.15,6.26,152.27,333.08,3.98
2003-05-22,2.86,1.95,11.59,1.07,4.26,2.16,7.34,159.71,339.66,4.81
2003-05-23,7.14,2.20,10.17,2.53,10.10,2.45,6.24,173.90,328.31,6.08
2003-05-24,1.02,2.09,9.41,1.78,7.10,2.23,6.12,185.89,322.25,2.71
2003-05-25,3.09,2.35,10.04,0.98,3.90,2.50,6.33,209.51,320.07,2.79
2003-05-26,0.10,2.59,10.69,0.77,3.07,2.75,5.93,200.31,323.74,3.66
2003-05-27,0.06,1.85,12.46,0.54,2.14,1.92,7.66,143.32,348.26,2.12
2003-05-28,0.75,2.02,14.04,0.45,1.80,2.15,8.11,137.12,357.38,2.87
2003-05-29,6.25,2.57,14.87,0.41,1.63,2.68,8.21,180.56,351.78,2.49
2003-05-30,0.42,2.96,15.03,0.68,2.70,3.03,8.55,223.99,343.50,2.42
2003-05-31,0.00,3.73,15.50,0.45,1.81,3.73,8.75,292.15,331.23,2.75
2003-06-01,0.11,3.16,15.72,0.34,1.37,3.25,8.50,227.83,344.60,2.68
2003-06-02,0.00,3.07,14.47,0.30,1.18,3.07,7.67,217.17,340.19,3.54
2003-06-03,0.25,2.51,13.05,0.27,1.09,2.64,7.25,178.43,342.63,3.52
2003-06-04,0.88,2.29,13.07,0.26,1.04,2.43,7.36,164.59,346.26,2.78
2003-06-05,1.74,3.14,12.88,0.25,0.99,3.34,6.75,225.78,329.45,4.82
2003-06-06,0.03,3.23,14.09,0.24,0.97,3.31,7.49,225.27,336.73,5.38
2003-06-07,5.58,3.84,13.95,0.23,0.91,4.02,6.89,282.74,320.26,4.40
2003-06-08,13.55,1.80,11.43,2.06,8.22,1.94,7.46,151.10,342.39,2.76
2003-06-09,0.87,3.62,12.87,1.03,4.13,3.79,6.60,285.57,314.66,3.79
2003-06-10,5.92,3.34,13.96,0.47,1.88,3.57,7.68,253.62,330.40,6.00
2003-06-11,0.89,3.93,13.24,0.53,2.12,4.15,6.39,290.20,314.19,5.16
2003-06-12,0.03,3.36,12.64,0.37,1.47,3.43,6.54,251.07,322.31,4.96
2003-06-13,0.00,3.54,12.90,0.31,1.22,3.54,6.47,262.92,320.21,4.43
2003-06-14,0.00,3.51,13.58,0.25,1.00,3.51,7.01,275.68,321.78,2.30
2003-06-15,0.00,3.47,14.43,0.23,0.91,3.47,7.18,248.06,332.50,3.15
2003-06-16,3.77,3.88,14.25,0.22,0.86,4.01,7.51,307.50,318.68,2.79
2003-06-17,0.15,2.76,14.14,0.24,0.97,2.86,8.15,211.21,342.32,2.63
2003-06-18,0.53,2.43,13.33,0.23,0.90,2.63,7.71,168.39,347.78,5.44
2003-06-19,0.27,3.50,13.25,0.23,0.92,3.75,6.61,229.94,330.46,6.66
2003-06-20,0.09,3.62,12.24,0.21,0.83,3.78,5.75,235.71,321.89,6.41
2003-06-21,2.07,2.39,12.47,0.19,0.77,2.52,6.85,174.33,341.22,2.51
2003-06-22,0.05,1.88,13.74,0.21,0.83,1.92,8.72,146.37,355.06,3.53
2003-06-23,0.00,3.16,13.81,0.20,0.79,3.16,7.25,215.86,337.96,5.18
2003-06-24,0.00,3.82,14.07,0.18,0.73,3.82,6.96,283.91,321.58,3.79
2003-06-25,0.00,4.11,14.58,0.17,0.68,4.11,7.79,330.10,315.68,2.71
2003-06-26,0.00,3.63,14.13,0.16,0.66,3.63,7.63,285.00,323.92,4.03
2003-06-27,15.20,0.88,13.01,0.20,0.81,0.99,8.39,67.67,357.80,2.59
2003-06-28,2.35,2.79,13.75,0.48,1.90,2.92,8.19,224.71,337.56,2.78
2003-06-29,0.00,2.62,13.06,0.36,1.45,2.62,7.70,208.80,337.21,3.11
2003-06-30,14.98,1.82,12.56,0.30,1.21,2.02,8.13,149.49,348.53,4.69
2003-07-01,4.98,0.85,12.38,1.71,6.84,1.04,8.35,67.31,354.77,5.08
2003-07-02,0.75,2.03,12.98,0.81,3.25,2.18,7.57,139.52,352.07,3.41
2003-07-03,0.00,2.52,13.38,0.45,1.81,2.52,7.86,196.09,340.86,3.04
2003-07-04,1.19,3.10,14.07,0.33,1.31,3.25,8.12,249.07,331.82,3.39
2003-07-05,1.40,1.34,12.33,0.30,1.20,1.45,7.89,102.24,354.32,2.42
2003-07-06,0.00,2.23,13.71,0.27,1.09,2.23,7.54,145.14,353.87,3.08
2003-07-07,1.09,2.50,14.71,0.23,0.92,2.69,8.48,172.79,352.64,4.60
2003-07-08,0.07,2.42,15.13,0.22,0.87,2.48,8.61,164.45,356.50,3.39
2003-07-09,0.08,2.99,16.64,0.20,0.80,3.04,9.61,219.56,351.69,2.57
2003-07-10,0.75,2.80,16.67,0.19,0.76,2.99,9.52,183.17,359.75,4.87
2003-07-11,0.00,3.04,13.48,0.20,0.80,3.04,7.00,199.02,337.83,5.56
2003-07-12,0.02,3.85,14.63,0.18,0.72,3.88,6.99,276.16,322.06,3.82
2003-07-13,0.00,4.62,16.62,0.16,0.64,4.62,7.83,341.53,315.33,2.88
2003-07-14,0.00,4.13,17.19,0.15,0.61,4.13,8.69,286.83,334.84,3.78
2003-07-15,0.00,3.79,17.91,0.15,0.60,3.79,9.39,258.25,346.58,3.29
2003-07-16,0.05,4.01,18.43,0.15,0.59,4.07,10.31,284.24,344.77,4.34
2003-07-17,0.75,0.75,16.62,0.16,0.65,0.87,11.21,64.34,372.67,3.84
2003-07-18,0.79,2.33,15.57,0.19,0.74,2.49,9.45,172.24,355.90,3.99
2003-07-19,2.59,3.03,17.08,0.17,0.68,3.16,9.24,200.79,355.77,3.27
2003-07-20,3.86,3.09,16.02,0.18,0.72,3.23,8.59,212.91,346.86,3.47
2003-07-21,0.80,2.58,15.16,0.19,0.76,2.75,8.81,187.63,349.39,3.98
2003-07-22,0.30,2.45,15.04,0.20,0.80,2.61,8.53,166.09,353.60,3.91
2003-07-23,1.34,1.91,14.84,0.18,0.71,2.09,8.73,114.35,365.14,4.58
2003-07-24,4.44,2.88,14.99,0.17,0.70,3.07,8.07,188.84,346.59,4.88
2003-07-25,0.91,1.73,14.52,0.18,0.74,1.89,9.13,127.78,359.91,3.96
2003-07-26,1.13,2.48,14.17,0.20,0.79,2.62,7.98,183.86,343.62,2.94
2003-07-27,1.10,3.06,13.63,0.19,0.74,3.16,7.08,225.50,327.76,3.78
2003-07-28,2.78,2.45,13.91,0.16,0.65,2.63,7.77,167.69,345.84,4.31
2003-07-29,6.53,1.52,14.99,0.19,0.77,1.67,9.60,111.97,365.01,3.77
2003-07-30,1.21,1.65,15.10,0.27,1.07,1.77,9.71,130.42,361.04,2.69
2003-07-31,3.91,1.78,14.48,0.23,0.93,1.96,8.77,119.44,360.83,4.14
2003-08-01,0.02,3.48,15.48,0.25,1.01,3.52,8.06,246.69,329.45,5.16
2003-08-02,0.00,3.15,14.06,0.25,1.00,3.16,7.08,223.56,326.82,4.13
2003-08-03,0.02,3.00,15.22,0.18,0.74,3.02,7.69,216.66,335.00,2.69
2003-08-04,0.29,3.52,17.02,0.16,0.63,3.58,8.60,268.35,329.63,1.78
2003-08-05,0.59,2.54,17.93,0.15,0.59,2.61,9.62,163.78,364.59,2.43
2003-08-06,0.09,2.97,18.27,0.15,0.59,3.03,10.40,214.04,353.48,2.53
2003-08-07,0.00,2.83,17.81,0.15,0.59,2.83,10.75,217.37,350.94,2.56
2003-08-08,0.01,2.91,17.52,0.14,0.56,2.92,10.07,219.78,347.42,2.29
2003-08-09,0.00,3.24,19.80,0.13,0.53,3.24,11.01,228.18,356.32,2.17
2003-08-10,0.47,1.66,18.08,0.13,0.53,1.76,11.43,120.42,374.47,2.49
2003-08-11,0.23,1.62,15.99,0.13,0.54,1.73,10.32,129.33,362.57,2.67
2003-08-12,1.44,1.48,16.50,NaN,NaN,1.56,10.12,105.77,370.97,1.95
2003-08-13,0.05,3.44,15.24,NaN,NaN,3.53,7.47,233.22,324.21,5.03
2003-08-14,0.01,3.30,14.00,NaN,NaN,3.32,6.70,244.83,312.02,3.90
2003-08-15,0.08,2.24,13.15,NaN,NaN,2.29,7.02,178.99,330.68,1.85
2003-08-16,0.00,2.82,13.86,NaN,NaN,2.82,7.22,234.03,316.01,2.24
2003-08-17,0.75,2.02,14.55,NaN,NaN,2.17,7.78,119.06,356.47,3.37
2003-08-18,0.04,2.80,15.37,NaN,NaN,2.87,8.27,191.75,337.60,4.95
2003-08-19,0.00,2.97,14.44,NaN,NaN,2.97,7.31,185.60,332.51,5.88
2003-08-20,0.55,2.49,14.64,NaN,NaN,2.67,7.76,165.46,340.65,4.14
2003-08-21,3.18,1.93,15.22,NaN,NaN,2.17,8.92,103.60,363.60,6.71
2003-08-22,0.00,3.00,14.88,NaN,NaN,3.00,7.58,200.18,328.41,5.30
2003-08-23,0.00,2.38,14.73,NaN,NaN,2.38,8.13,189.72,332.40,2.48
2003-08-24,0.00,2.51,14.39,NaN,NaN,2.51,8.03,209.06,323.82,2.75
2003-08-25,0.09,1.59,13.16,NaN,NaN,1.70,7.48,99.27,353.39,3.16
2003-08-26,0.20,1.64,12.58,0.12,0.46,1.77,7.28,113.73,345.26,3.21
2003-08-27,0.17,1.72,11.65,0.11,0.45,1.83,6.22,126.60,334.09,2.25
2003-08-28,2.70,1.39,10.24,0.11,0.46,1.53,6.53,115.30,332.34,2.88
2003-08-29,0.52,2.14,10.66,0.13,0.52,2.35,6.16,178.18,310.10,4.74
2003-08-30,0.00,2.08,9.99,0.14,0.55,2.08,5.55,174.26,305.79,3.54
2003-08-31,0.03,1.80,10.17,0.13,0.53,1.83,5.70,143.13,318.06,2.94
2003-09-01,0.03,1.74,11.54,0.13,0.52,1.76,5.99,130.96,328.22,2.22
2003-09-02,0.00,1.35,12.95,0.13,0.53,1.35,7.25,94.24,350.83,1.95
2003-09-03,0.00,2.15,13.98,0.13,0.51,2.15,6.91,167.58,325.18,2.23
2003-09-04,0.00,2.06,14.07,0.11,0.46,2.06,6.96,147.49,332.99,2.51
2003-09-05,0.71,1.95,13.91,0.11,0.46,2.07,6.95,125.18,340.74,2.85
2003-09-06,3.41,1.48,11.89,0.12,0.48,1.59,7.16,129.74,330.35,2.31
2003-09-07,0.71,1.94,11.38,0.13,0.51,2.09,6.29,168.23,309.35,3.05
2003-09-08,0.06,1.70,11.96,0.12,0.49,1.77,6.79,146.56,321.52,2.55
2003-09-09,1.00,1.72,10.75,0.12,0.47,1.89,6.23,140.17,316.75,3.67
2003-09-10,0.02,1.62,11.01,0.12,0.47,1.64,6.61,163.04,308.89,2.01
2003-09-11,1.20,1.03,10.53,0.11,0.44,1.17,7.07,92.62,336.15,2.99
2003-09-12,0.17,1.98,11.94,0.11,0.44,2.12,6.07,163.07,307.93,2.90
2003-09-13,0.00,2.73,15.10,0.11,0.42,2.74,6.91,145.77,330.28,5.05
2003-09-14,0.00,2.27,16.53,0.10,0.41,2.27,8.60,117.30,352.74,4.98
2003-09-15,0.00,1.75,15.32,0.10,0.41,1.75,8.21,116.02,346.59,3.11
2003-09-16,0.00,1.64,14.59,0.10,0.41,1.64,7.66,107.55,345.46,2.80
2003-09-17,0.01,3.02,16.13,0.10,0.41,3.03,6.87,151.46,327.29,5.13
2003-09-18,2.03,1.70,15.56,0.10,0.40,1.88,8.69,87.95,358.77,4.73
2003-09-19,4.94,1.31,13.41,0.11,0.43,1.44,7.93,106.36,339.33,2.82
2003-09-20,3.30,0.74,11.25,0.13,0.54,0.82,7.65,71.69,344.34,1.90
2003-09-21,15.12,1.16,11.32,0.15,0.58,1.32,7.35,114.25,324.34,3.55
2003-09-22,3.26,1.12,9.90,0.36,1.43,1.32,6.58,97.12,323.92,4.82
2003-09-23,0.64,1.70,6.11,0.26,1.04,1.92,3.96,163.51,263.79,4.52
2003-09-24,0.00,1.26,9.08,0.17,0.69,1.26,5.60,89.79,319.97,4.06
2003-09-25,2.09,1.51,11.00,0.15,0.59,1.72,6.10,77.83,335.01,4.77
2003-09-26,0.00,1.37,10.24,0.14,0.57,1.37,6.09,110.51,313.70,4.08
2003-09-27,0.22,0.81,7.75,0.14,0.58,0.89,5.44,92.39,310.48,1.67
2003-09-28,1.41,0.88,8.18,0.14,0.56,0.97,5.59,109.53,302.65,1.66
2003-09-29,3.32,0.72,9.51,0.14,0.56,0.85,6.60,57.25,338.01,3.35
2003-09-30,0.07,0.67,9.89,0.16,0.63,0.73,6.79,70.14,332.48,2.07
2003-10-01,0.00,0.92,10.04,0.16,0.65,0.92,6.60,118.81,304.32,1.99
2003-10-02,0.18,0.85,9.75,0.15,0.58,0.95,6.39,91.58,316.93,2.43
2003-10-03,0.00,1.55,10.43,0.13,0.52,1.55,5.67,112.51,302.91,4.54
2003-10-04,0.62,1.09,5.38,0.13,0.50,1.30,4.26,101.70,283.66,4.55
2003-10-05,1.97,1.06,5.71,0.12,0.49,1.29,4.44,84.32,295.56,5.09
2003-10-06,0.10,1.55,7.71,0.13,0.51,1.73,4.81,93.23,297.88,7.37
2003-10-07,0.00,1.82,6.49,0.12,0.49,1.82,3.80,122.17,267.02,6.69
2003-10-08,5.39,1.46,10.15,0.12,0.49,1.70,5.70,57.88,332.85,5.76
2003-10-09,2.23,1.16,12.23,0.14,0.58,1.40,7.44,54.23,346.90,6.34
2003-10-10,0.14,1.96,10.03,0.17,0.69,2.13,5.05,95.30,301.14,6.82
2003-10-11,0.14,0.83,8.65,0.16,0.64,0.93,5.34,84.84,303.83,2.49
2003-10-12,0.00,0.80,10.04,0.14,0.56,0.80,6.36,45.94,339.40,3.52
2003-10-13,0.00,1.06,10.06,0.13,0.53,1.06,6.11,47.30,337.38,4.90
2003-10-14,0.01,1.22,9.54,0.13,0.50,1.24,5.58,63.40,320.81,5.07
2003-10-15,0.02,1.07,8.34,0.12,0.49,1.11,5.18,70.18,308.39,4.53
2003-10-16,0.00,0.77,7.45,0.12,0.49,0.77,5.18,100.45,281.02,3.32
2003-10-17,0.00,0.65,6.48,0.12,0.49,0.65,4.96,83.84,287.95,3.19
2003-10-18,0.27,0.58,6.32,0.12,0.48,0.69,4.82,56.22,307.26,2.68
2003-10-19,2.56,0.74,5.34,0.12,0.48,0.92,4.45,57.30,300.10,4.20
2003-10-20,1.05,0.42,2.77,0.13,0.52,0.54,4.00,65.04,281.37,3.20
2003-10-21,5.20,0.28,1.24,0.13,0.54,0.36,3.76,50.75,285.23,2.71
2003-10-22,5.92,0.36,3.20,0.17,0.66,0.49,4.35,37.53,305.47,3.95
2003-10-23,0.66,0.36,3.86,0.22,0.87,0.45,4.32,79.92,270.91,2.55
2003-10-24,0.05,0.58,3.68,0.19,0.76,0.65,3.93,68.76,276.24,3.65
2003-10-25,2.75,0.53,4.60,0.17,0.67,0.69,4.48,54.02,294.41,4.23
2003-10-26,0.01,0.40,3.96,0.16,0.65,0.40,4.22,61.48,282.88,2.87
2003-10-27,0.00,0.44,7.02,0.15,0.61,0.44,5.39,57.40,301.91,3.24
2003-10-28,4.42,0.28,7.92,0.15,0.61,0.36,6.04,21.66,333.01,3.12
2003-10-29,0.04,0.16,4.59,0.17,0.69,0.17,4.92,45.93,299.82,1.99
2003-10-30,3.40,0.18,3.09,0.18,0.72,0.23,4.36,62.32,275.24,2.68
2003-10-31,7.08,0.39,5.55,0.19,0.77,0.51,5.00,43.43,304.31,3.99
2003-11-01,7.34,0.38,4.77,0.30,1.19,0.50,4.68,38.14,304.30,3.72
2003-11-02,4.94,0.53,7.13,0.55,2.21,0.73,5.52,47.23,305.82,5.63
2003-11-03,0.33,0.63,6.62,0.53,2.10,0.83,5.06,50.61,297.15,5.37
2003-11-04,0.03,0.50,7.12,0.37,1.47,0.54,5.59,29.34,323.93,5.19
2003-11-05,0.01,1.06,11.35,0.27,1.08,1.10,6.76,35.94,335.96,6.61
2003-11-06,0.00,0.44,10.10,0.22,0.88,0.44,6.57,53.38,309.22,3.81
2003-11-07,0.00,0.33,8.84,0.19,0.77,0.33,6.25,45.72,310.98,3.60
2003-11-08,0.45,0.72,7.04,0.18,0.71,0.93,5.22,23.78,326.62,5.70
2003-11-09,0.23,0.53,6.74,0.17,0.68,0.68,5.13,30.89,315.23,4.37
2003-11-10,0.00,0.18,7.38,0.17,0.66,0.18,5.82,33.77,315.38,2.69
2003-11-11,5.61,0.23,7.03,0.16,0.64,0.31,5.81,25.76,323.30,3.68
2003-11-12,3.77,0.17,7.59,0.20,0.78,0.24,5.90,47.68,296.74,3.69
2003-11-13,7.06,0.14,6.21,0.31,1.22,0.19,5.36,39.67,298.79,3.14
2003-11-14,0.23,0.54,7.61,0.66,2.63,0.73,5.80,21.35,329.68,6.59
2003-11-15,0.09,0.62,6.93,0.44,1.74,0.77,5.09,36.80,301.96,5.59
2003-11-16,0.52,0.19,4.22,0.30,1.19,0.25,4.31,47.40,272.72,3.23
2003-11-17,1.45,0.22,7.71,0.25,1.01,0.30,6.13,19.74,331.13,3.77
2003-11-18,4.99,0.84,11.60,0.28,1.13,1.08,7.29,22.18,345.64,7.18
2003-11-19,3.70,0.42,8.89,0.65,2.61,0.57,6.19,31.09,317.81,4.90
2003-11-20,0.77,0.08,6.54,0.72,2.86,0.11,5.65,24.65,315.90,2.73
2003-11-21,0.05,0.01,2.36,0.53,2.12,0.01,4.20,32.79,281.50,2.02
2003-11-22,0.10,0.00,0.56,0.37,1.49,0.00,3.80,26.41,282.06,1.27
2003-11-23,0.19,0.00,-0.85,0.30,1.20,0.00,3.43,33.76,263.17,0.95
2003-11-24,3.41,0.06,1.25,0.27,1.06,0.09,3.93,21.79,290.96,3.39
2003-11-25,4.00,0.35,5.52,0.37,1.49,0.50,4.97,20.33,313.35,4.80
2003-11-26,1.86,0.23,4.30,0.67,2.66,0.34,4.72,19.20,309.00,4.51
2003-11-27,0.07,0.29,3.76,0.61,2.42,0.35,4.29,31.57,283.11,5.03
2003-11-28,2.22,0.14,3.28,0.44,1.75,0.20,4.42,20.84,299.83,3.80
2003-11-29,5.90,0.53,7.01,0.69,2.74,0.77,5.59,15.60,327.46,7.66
2003-11-30,4.56,0.02,3.42,0.81,3.24,0.03,4.47,22.67,296.11,2.23
2003-12-01,12.43,0.10,4.45,1.94,7.75,0.15,5.01,8.56,316.14,4.99
2003-12-02,1.77,0.03,7.14,2.40,9.58,0.05,6.14,9.98,329.76,3.74
2003-12-03,0.33,0.00,6.36,1.31,5.23,0.00,5.85,8.31,325.94,1.76
2003-12-04,0.01,0.00,4.47,0.86,3.44,0.00,4.86,27.45,289.94,1.92
2003-12-05,0.42,0.00,5.46,0.63,2.53,0.00,5.13,28.25,292.25,1.79
2003-12-06,0.00,0.38,4.49,0.53,2.10,0.38,4.24,17.05,306.87,3.55
2003-12-07,0.02,0.00,-0.35,0.44,1.76,0.00,3.13,37.56,243.50,1.48
2003-12-08,0.03,0.00,-3.07,0.37,1.48,0.00,2.69,31.68,242.19,2.04
2003-12-09,0.11,0.03,1.27,0.35,1.39,0.03,3.95,14.31,297.77,2.50
2003-12-10,5.60,0.22,5.27,0.34,1.35,0.32,5.09,14.31,317.31,4.58
2003-12-11,0.12,0.04,3.61,0.61,2.43,0.05,4.52,23.27,290.02,3.48
2003-12-12,3.77,0.02,2.52,0.66,2.65,0.04,4.38,7.55,306.39,3.59
2003-12-13,1.89,0.60,7.86,1.09,4.34,0.83,5.55,22.17,311.38,6.70
2003-12-14,0.22,0.52,3.65,0.81,3.24,0.70,3.92,24.48,283.31,5.77
2003-12-15,0.01,0.21,0.11,0.55,2.19,0.22,2.84,26.28,260.38,3.06
2003-12-16,0.48,0.12,2.43,0.45,1.80,0.17,4.12,7.39,305.09,3.62
2003-12-17,0.07,0.11,4.59,0.44,1.77,0.12,4.72,21.10,297.22,3.71
2003-12-18,0.03,0.15,2.55,0.40,1.58,0.16,3.96,18.12,292.60,3.26
2003-12-19,5.57,0.00,2.47,0.37,1.46,0.00,4.11,28.00,272.59,2.15
2003-12-20,27.65,0.01,1.48,4.48,17.90,0.02,4.07,7.33,301.14,3.37
2003-12-21,0.44,0.59,1.19,6.06,24.20,0.86,3.30,22.77,274.03,7.70
2003-12-22,3.30,0.15,-0.57,1.54,6.16,0.25,3.34,13.86,287.23,4.77
2003-12-23,2.30,0.10,5.99,3.18,12.70,0.15,5.56,12.65,323.82,3.89
2003-12-24,1.62,0.52,8.54,1.89,7.57,0.73,6.10,15.07,330.49,6.56
2003-12-25,6.41,0.60,7.78,1.34,5.36,0.83,5.67,15.21,326.14,6.80
2003-12-26,9.00,0.24,5.87,4.56,18.20,0.36,5.28,7.43,322.78,5.15
2003-12-27,0.00,0.36,1.43,2.41,9.61,0.36,3.57,20.54,282.02,5.93
2003-12-28,0.02,0.37,0.98,1.17,4.67,0.42,3.31,29.78,260.38,6.03
2003-12-29,0.02,0.01,-2.48,0.76,3.05,0.01,2.72,33.06,239.91,2.48
2003-12-30,0.00,0.00,-5.44,0.48,1.90,0.00,2.35,23.21,246.77,1.56
2003-12-31,10.00,0.06,-2.89,0.57,2.28,0.11,2.94,14.17,277.25,4.85
2004-01-01,3.53,0.24,2.67,2.35,9.39,0.36,4.18,15.08,302.35,5.12
2004-01-02,2.32,0.10,1.08,2.18,8.71,0.14,3.67,9.88,297.80,2.82
2004-01-03,0.09,0.17,2.19,2.25,8.98,0.23,4.12,13.85,303.64,4.35
2004-01-04,2.39,0.04,3.02,2.36,9.43,0.05,4.42,14.41,307.15,2.10
2004-01-05,5.42,0.10,6.02,2.68,10.70,0.15,5.59,14.03,323.90,3.94
2004-01-06,0.31,0.41,6.10,2.75,11.00,0.56,4.93,26.66,296.09,5.52
2004-01-07,4.18,0.45,5.85,1.48,5.91,0.62,4.98,15.32,319.81,5.19
2004-01-08,10.05,0.47,6.56,3.25,13.00,0.70,5.45,14.72,325.70,7.30
2004-01-09,0.12,0.37,4.22,2.75,11.00,0.49,4.45,17.61,307.55,4.87
2004-01-10,7.60,0.67,6.16,1.51,6.03,0.90,4.85,18.81,314.89,6.36
2004-01-11,4.10,0.67,4.49,3.95,15.80,0.96,4.31,27.06,290.37,8.19
2004-01-12,10.52,0.50,3.28,2.70,10.80,0.73,3.94,28.27,282.71,6.26
2004-01-13,1.19,0.35,2.59,4.43,17.70,0.52,3.91,26.73,283.90,5.49
2004-01-14,0.04,0.35,1.91,2.18,8.70,0.41,3.64,22.04,289.57,4.46
2004-01-15,13.01,0.24,1.98,1.68,6.71,0.35,3.96,17.10,301.22,4.35
2004-01-16,3.32,0.21,2.11,5.46,21.80,0.32,4.04,20.35,296.75,4.73
2004-01-17,3.23,0.05,0.97,2.98,11.90,0.08,3.72,29.30,276.24,3.19
2004-01-18,6.12,0.26,2.01,3.73,14.90,0.39,3.98,17.37,302.73,4.76
2004-01-19,4.38,0.64,8.67,4.23,16.90,0.88,6.14,17.75,336.29,7.01
2004-01-20,2.80,0.02,7.55,3.15,12.60,0.03,6.29,10.69,331.77,2.89
2004-01-21,0.25,0.21,5.83,2.13,8.51,0.28,5.16,19.71,319.99,2.88
2004-01-22,0.28,0.19,6.08,1.43,5.72,0.26,5.37,22.10,318.33,3.32
2004-01-23,2.15,0.12,5.78,1.21,4.84,0.17,5.40,11.12,322.66,3.79
2004-01-24,0.02,0.31,3.11,1.21,4.84,0.33,3.96,46.41,265.61,4.63
2004-01-25,0.08,0.05,1.52,0.95,3.80,0.06,3.75,46.89,260.06,2.63
2004-01-26,2.93,0.10,0.15,0.96,3.83,0.14,3.55,27.33,283.52,3.08
2004-01-27,1.73,0.28,-0.87,0.94,3.77,0.42,3.01,35.32,266.10,4.41
2004-01-28,1.11,0.36,-2.12,0.71,2.82,0.58,2.80,28.21,271.31,6.54
2004-01-29,2.71,0.49,0.57,0.78,3.13,0.73,3.20,48.33,256.62,6.27
2004-01-30,14.66,0.19,3.09,3.88,15.50,0.30,4.42,12.92,308.81,4.97
2004-01-31,29.23,0.10,2.91,21.12,84.40,0.16,4.53,13.21,308.46,5.04
2004-02-01,16.79,0.27,3.70,16.94,67.70,0.38,4.51,38.45,294.17,4.44
2004-02-02,11.18,0.64,7.41,7.38,29.50,0.87,5.60,24.27,329.39,6.54
2004-02-03,12.23,0.92,10.85,16.64,66.50,1.21,7.04,26.56,344.83,8.98
2004-02-04,6.31,0.58,9.15,6.38,25.50,0.80,6.34,14.43,338.96,6.43
2004-02-05,6.84,1.16,9.18,5.28,21.10,1.47,5.71,59.83,300.54,8.38
2004-02-06,0.16,1.16,6.05,3.98,15.90,1.40,4.38,48.48,296.29,8.04
2004-02-07,3.32,0.86,2.84,2.24,8.96,1.16,3.63,56.53,273.74,7.76
2004-02-08,0.08,0.89,0.79,1.68,6.72,1.07,3.00,69.29,251.69,8.10
2004-02-09,0.21,0.42,0.08,1.12,4.49,0.54,2.95,50.73,267.89,3.16
2004-02-10,0.10,0.69,6.85,1.20,4.79,0.82,5.25,16.47,326.87,6.98
2004-02-11,0.02,0.48,7.66,1.01,4.03,0.49,5.34,49.94,310.43,2.68
2004-02-12,0.00,0.25,5.28,0.85,3.40,0.25,4.97,40.76,309.27,2.04
2004-02-13,1.79,0.27,5.58,0.83,3.31,0.33,5.17,37.70,314.59,2.43
2004-02-14,0.12,0.23,4.63,0.78,3.13,0.28,4.96,31.84,315.94,2.40
2004-02-15,0.13,0.26,3.66,0.70,2.81,0.31,4.33,39.40,304.01,1.75
2004-02-16,6.20,0.24,3.61,0.69,2.74,0.28,4.35,40.16,303.99,1.56
2004-02-17,0.00,0.52,3.81,1.13,4.51,0.52,4.21,67.78,282.24,3.84
2004-02-18,0.10,0.41,1.78,0.86,3.43,0.48,3.54,71.78,269.47,2.49
2004-02-19,0.82,0.38,1.96,0.70,2.81,0.47,3.69,72.48,271.56,2.36
2004-02-20,0.00,0.45,1.25,0.66,2.63,0.45,3.42,64.05,274.97,2.96
2004-02-21,0.00,0.47,1.11,0.59,2.34,0.47,3.26,58.47,278.68,2.67
2004-02-22,0.01,0.80,0.31,0.53,2.12,0.83,2.95,82.74,257.05,5.77
2004-02-23,3.42,0.86,0.92,0.48,1.91,1.10,2.98,97.17,249.93,5.02
2004-02-24,0.04,0.57,1.92,0.61,2.44,0.62,3.66,57.48,287.28,4.39
2004-02-25,0.03,0.84,-1.82,0.52,2.06,0.89,2.35,102.90,235.45,5.20
2004-02-26,6.07,0.76,-1.49,0.43,1.71,1.00,2.51,78.48,255.26,5.11
2004-02-27,4.63,0.57,-1.00,0.48,1.93,0.81,3.00,72.15,265.73,5.99
2004-02-28,2.43,0.63,-0.89,0.48,1.93,0.85,2.93,97.21,250.68,4.86
2004-02-29,0.30,0.57,-0.87,0.50,1.98,0.66,2.87,119.14,238.00,2.40
2004-03-01,0.12,0.64,-1.28,0.51,2.03,0.73,2.63,131.81,230.73,2.15
2004-03-02,0.03,0.70,-0.01,0.62,2.49,0.75,2.94,106.93,252.51,3.15
2004-03-03,3.58,0.59,2.78,1.62,6.48,0.76,3.97,47.54,304.14,4.20
2004-03-04,0.54,0.52,4.29,3.68,14.70,0.60,4.75,88.89,290.05,1.99
2004-03-05,5.66,0.46,3.63,4.15,16.60,0.53,4.57,80.13,292.67,1.55
2004-03-06,3.90,0.75,3.79,2.70,10.80,0.89,4.16,103.70,278.97,2.85
2004-03-07,2.13,0.85,3.25,2.15,8.58,1.06,3.98,103.26,277.36,4.46
2004-03-08,0.03,0.63,2.68,1.60,6.41,0.65,3.64,88.09,282.61,1.61
2004-03-09,0.05,0.55,1.04,1.05,4.21,0.59,3.28,66.43,286.90,2.04
2004-03-10,0.91,0.62,1.07,0.87,3.46,0.78,3.34,58.31,292.25,3.36
2004-03-11,0.75,0.80,1.23,0.81,3.25,1.07,3.35,54.88,295.16,6.01
2004-03-12,0.03,0.88,1.55,0.70,2.81,0.94,3.38,61.44,293.68,6.18
2004-03-13,1.60,0.57,3.28,0.63,2.53,0.69,4.30,70.26,300.88,2.71
2004-03-14,5.91,1.01,6.12,1.40,5.60,1.30,4.98,66.34,317.07,7.52
2004-03-15,4.88,1.38,8.54,2.04,8.14,1.70,5.71,88.19,319.01,8.81
2004-03-16,0.97,1.46,10.26,1.84,7.37,1.75,6.35,68.13,338.19,8.35
2004-03-17,0.02,1.89,8.02,1.12,4.49,1.95,4.84,145.35,287.20,6.93
2004-03-18,13.36,1.03,5.30,0.82,3.27,1.27,4.61,88.32,304.34,5.46
2004-03-19,8.53,1.18,4.00,4.91,19.60,1.48,4.08,110.00,287.79,7.07
2004-03-20,17.60,1.11,5.56,15.22,60.80,1.42,4.71,81.04,310.32,7.81
2004-03-21,1.35,1.29,4.37,4.03,16.10,1.57,4.07,119.10,286.48,6.13
2004-03-22,1.84,1.32,3.98,2.02,8.09,1.55,3.89,141.17,275.19,4.74
2004-03-23,1.48,1.12,3.29,1.50,6.01,1.34,3.87,124.30,280.98,4.45
2004-03-24,3.50,1.31,3.72,1.18,4.71,1.54,3.67,126.49,281.01,4.38
2004-03-25,3.11,0.87,3.99,1.59,6.37,1.05,4.34,93.09,300.33,3.63
2004-03-26,0.31,0.83,5.21,1.46,5.84,0.96,4.81,88.43,309.33,2.68
2004-03-27,0.50,1.02,7.11,1.07,4.27,1.16,5.18,90.39,317.91,2.76
2004-03-28,0.14,1.62,7.43,0.89,3.56,1.81,4.91,142.72,297.15,4.67
2004-03-29,0.00,1.04,6.63,0.72,2.87,1.04,4.83,98.17,312.67,2.00
2004-03-30,0.00,1.41,6.58,0.63,2.50,1.42,4.80,144.80,294.31,3.20
2004-03-31,0.62,1.32,5.99,0.56,2.24,1.55,4.83,133.69,297.40,4.97
2004-04-01,2.96,0.85,6.80,0.57,2.26,1.04,5.57,77.81,324.91,4.39
2004-04-02,2.50,0.98,7.70,0.72,2.87,1.16,5.72,82.93,327.61,3.82
2004-04-03,3.65,1.20,6.76,0.83,3.31,1.45,5.15,96.86,317.55,5.68
2004-04-04,1.19,1.69,5.56,0.94,3.75,1.94,4.38,172.63,282.90,5.45
2004-04-05,4.83,1.60,4.71,0.78,3.13,1.88,4.10,154.94,285.46,6.35
2004-04-06,4.73,1.37,4.48,1.35,5.38,1.61,4.17,134.19,292.98,5.10
2004-04-07,0.89,1.32,4.48,1.43,5.70,1.55,4.17,125.10,296.69,4.72
2004-04-08,0.28,1.18,4.42,0.87,3.46,1.34,3.77,92.90,306.19,2.93
2004-04-09,0.80,1.06,7.22,0.66,2.65,1.21,5.55,100.98,321.65,2.91
2004-04-10,0.19,0.95,6.11,0.58,2.31,1.06,4.99,83.78,321.59,2.56
2004-04-11,0.42,1.11,7.98,0.52,2.08,1.19,5.50,96.48,326.94,1.88
2004-04-12,0.22,1.18,7.89,0.48,1.91,1.28,5.49,101.42,325.31,2.30
2004-04-13,0.40,1.79,7.89,0.43,1.72,1.99,5.25,167.30,303.30,4.01
2004-04-14,0.00,1.57,9.35,0.41,1.62,1.58,5.79,88.97,337.04,5.95
2004-04-15,0.49,1.53,7.28,0.38,1.53,1.78,5.00,110.05,319.57,5.50
2004-04-16,0.59,1.27,5.80,0.37,1.49,1.37,4.93,135.84,305.73,2.04
2004-04-17,8.30,1.42,5.40,0.36,1.45,1.63,4.52,134.87,303.23,4.28
2004-04-18,21.84,0.99,5.55,3.28,13.10,1.18,5.06,98.94,317.12,4.07
2004-04-19,0.11,1.97,6.19,6.56,26.20,2.16,4.33,170.32,295.07,5.90
2004-04-20,3.19,2.12,7.38,1.74,6.95,2.32,4.69,193.54,294.48,4.05
2004-04-21,3.28,1.61,9.52,1.49,5.95,1.88,6.03,102.66,336.07,6.56
2004-04-22,0.18,2.77,8.94,1.25,4.98,2.97,4.94,241.55,287.40,5.27
2004-04-23,0.25,1.53,9.08,0.79,3.15,1.67,5.99,129.57,326.72,3.13
2004-04-24,0.00,2.11,12.10,0.64,2.57,2.11,7.02,168.99,330.73,3.01
2004-04-25,0.00,3.02,12.11,0.53,2.12,3.02,6.22,263.21,300.28,2.23
2004-04-26,0.03,2.17,10.49,0.46,1.82,2.20,6.12,193.35,315.40,1.86
2004-04-27,4.32,0.68,7.96,0.44,1.76,0.84,6.00,54.60,333.16,3.85
2004-04-28,2.28,1.48,7.52,0.52,2.07,1.70,5.48,132.40,319.72,4.65
2004-04-29,2.20,1.38,5.99,0.57,2.29,1.66,4.88,120.43,315.27,6.40
2004-04-30,0.01,0.66,7.19,0.62,2.48,0.67,5.82,55.94,329.51,5.14
2004-05-01,0.00,2.96,9.48,0.49,1.94,2.96,5.39,276.49,288.83,3.67
2004-05-02,0.01,2.63,9.60,0.39,1.56,2.66,5.37,230.83,302.28,3.07
2004-05-03,8.39,2.64,7.81,0.35,1.40,2.87,4.58,233.30,291.67,4.76
2004-05-04,0.81,1.42,6.12,0.61,2.43,1.63,5.07,143.34,311.98,4.06
2004-05-05,1.49,1.53,5.97,0.53,2.10,1.69,5.07,162.26,306.86,2.96
2004-05-06,0.45,1.87,7.79,0.49,1.97,2.03,5.56,183.77,310.42,3.31
2004-05-07,3.05,1.86,8.32,0.42,1.69,2.03,5.57,167.61,316.94,3.17
2004-05-08,1.09,0.72,9.95,0.47,1.89,0.89,7.05,59.24,343.24,4.32
2004-05-09,0.05,1.52,11.06,0.45,1.81,1.58,7.44,132.43,341.51,2.63
2004-05-10,1.69,2.38,11.55,0.39,1.55,2.52,7.24,212.02,324.56,2.84
2004-05-11,0.28,0.99,9.25,0.35,1.38,1.07,6.57,85.36,339.56,2.47
2004-05-12,0.00,1.97,9.43,0.32,1.29,1.97,5.83,167.86,323.49,2.22
2004-05-13,0.54,2.20,10.43,0.30,1.19,2.34,6.47,191.19,323.86,2.64
2004-05-14,0.00,2.52,12.57,0.28,1.13,2.52,7.15,190.05,334.94,4.13
2004-05-15,0.00,3.19,13.69,0.27,1.06,3.19,7.07,236.56,328.06,3.47
2004-05-16,0.00,4.21,13.88,0.25,1.00,4.21,6.93,345.03,301.05,2.94
2004-05-17,0.00,3.40,11.88,0.24,0.95,3.40,5.94,261.37,311.11,4.47
2004-05-18,0.08,3.35,11.16,0.22,0.89,3.45,5.36,241.84,311.23,5.13
2004-05-19,0.02,3.40,11.90,0.22,0.86,3.44,5.83,242.64,316.18,5.42
2004-05-20,1.97,2.57,8.71,0.22,0.86,2.75,5.25,230.33,305.10,3.36
2004-05-21,0.92,1.98,6.44,0.22,0.90,2.13,4.75,191.74,304.03,2.54
2004-05-22,0.00,3.38,8.50,0.22,0.87,3.38,4.43,309.51,280.63,2.85
2004-05-23,0.00,3.96,10.28,0.20,0.81,3.96,4.72,344.55,279.52,2.87
2004-05-24,0.00,3.18,10.69,0.20,0.79,3.18,5.41,248.14,309.72,4.01
2004-05-25,0.00,2.47,8.66,0.20,0.78,2.47,5.13,214.88,309.30,2.69
2004-05-26,0.49,2.33,7.69,0.20,0.78,2.44,4.62,203.13,306.36,2.42
2004-05-27,0.00,3.47,9.07,0.19,0.78,3.48,5.04,325.05,283.95,2.96
2004-05-28,1.38,2.18,10.81,0.19,0.76,2.35,6.28,162.47,334.74,3.54
2004-05-29,2.23,1.99,12.30,0.21,0.86,2.15,7.45,149.94,346.22,3.29
2004-05-30,0.29,3.04,11.54,0.21,0.85,3.12,6.56,258.19,316.50,2.45
2004-05-31,0.00,2.94,11.88,0.19,0.78,2.95,6.88,247.99,321.39,2.32
2004-06-01,8.16,1.59,11.23,0.22,0.87,1.69,7.50,133.84,344.92,2.01
2004-06-02,7.76,3.18,12.00,0.25,1.01,3.33,6.50,262.16,315.92,2.86
2004-06-03,0.89,1.72,12.36,0.27,1.07,1.90,7.71,124.90,352.44,4.00
2004-06-04,0.00,3.21,13.30,0.26,1.02,3.21,6.83,220.61,332.69,5.02
2004-06-05,0.24,2.67,14.19,0.21,0.84,2.74,7.93,191.66,345.96,3.30
2004-06-06,0.01,3.40,15.90,0.20,0.79,3.42,8.53,235.41,344.45,4.18
2004-06-07,0.00,3.17,14.76,0.19,0.75,3.17,8.02,236.61,338.34,2.79
2004-06-08,0.00,1.89,14.59,0.18,0.72,1.89,8.92,132.95,361.66,3.37
2004-06-09,0.06,3.27,15.31,0.17,0.70,3.36,8.12,222.87,344.31,4.33
2004-06-10,2.76,3.52,14.88,0.18,0.70,3.73,8.02,257.39,334.25,5.27
2004-06-11,1.24,2.92,12.64,0.19,0.75,3.15,6.93,208.84,333.70,5.95
2004-06-12,0.11,3.20,13.22,0.18,0.70,3.32,7.22,248.04,327.66,4.20
2004-06-13,0.01,3.41,14.89,0.17,0.66,3.43,8.13,254.23,335.52,4.09
2004-06-14,0.00,4.38,16.94,0.16,0.64,4.38,8.77,301.48,334.74,6.29
2004-06-15,0.00,3.48,14.70,0.16,0.63,3.48,7.61,234.31,338.16,5.60
2004-06-16,0.67,2.59,13.05,0.16,0.62,2.75,7.38,193.47,340.28,3.31
2004-06-17,8.75,2.08,12.01,0.17,0.66,2.29,7.20,151.10,345.11,4.59
2004-06-18,1.52,2.29,8.71,0.21,0.86,2.47,5.74,212.50,313.73,3.41
2004-06-19,3.55,1.77,7.29,0.20,0.80,1.97,5.13,152.02,320.20,3.82
2004-06-20,2.91,2.14,8.80,0.21,0.84,2.29,5.55,184.31,320.07,2.64
2004-06-21,3.80,2.27,9.55,0.21,0.85,2.38,5.94,197.85,321.11,1.85
2004-06-22,24.50,3.50,11.67,0.23,0.92,3.65,6.31,297.61,306.77,3.08
2004-06-23,13.95,1.42,11.58,1.73,6.92,1.68,7.89,126.30,349.00,6.63
2004-06-24,7.45,1.10,9.65,3.40,13.60,1.36,6.50,67.79,341.42,6.69
2004-06-25,0.04,3.33,11.38,1.12,4.49,3.35,5.84,263.75,311.79,4.00
2004-06-26,7.10,1.59,10.64,0.68,2.72,1.78,7.13,133.53,342.69,4.25
2004-06-27,0.24,3.06,13.49,0.77,3.06,3.25,7.69,242.65,331.30,4.41
2004-06-28,1.46,3.58,12.23,0.44,1.76,3.78,6.20,277.95,312.76,4.64
2004-06-29,0.92,2.27,13.12,0.34,1.36,2.45,7.58,158.79,348.60,4.04
2004-06-30,5.21,2.18,12.97,0.40,1.61,2.40,7.85,162.55,347.27,5.14
2004-07-01,0.77,3.22,11.84,0.48,1.90,3.43,6.35,257.22,315.61,4.77
2004-07-02,12.06,2.17,11.39,0.33,1.33,2.36,6.87,169.14,336.89,4.07
2004-07-03,6.79,2.22,11.61,1.50,5.98,2.42,7.06,177.70,336.07,4.23
2004-07-04,11.87,2.03,11.36,2.63,10.50,2.16,7.15,168.43,337.27,2.55
2004-07-05,2.58,2.92,11.69,1.45,5.78,3.08,6.67,245.53,318.66,3.31
2004-07-06,0.42,2.61,12.00,0.73,2.93,2.68,6.76,207.26,329.51,2.60
2004-07-07,0.98,2.32,11.61,0.46,1.83,2.46,6.83,180.89,334.43,3.75
2004-07-08,1.74,1.88,9.59,0.38,1.51,2.13,6.07,140.82,333.89,5.77
2004-07-09,0.97,1.99,10.32,0.35,1.38,2.17,6.07,142.30,336.59,3.68
2004-07-10,0.85,0.92,10.65,0.31,1.25,1.02,6.78,66.91,346.26,2.33
2004-07-11,1.96,1.56,11.16,0.31,1.24,1.69,7.00,115.40,348.14,2.72
2004-07-12,0.53,1.87,11.65,0.30,1.21,2.02,6.72,125.39,347.62,3.19
2004-07-13,1.92,2.86,12.45,0.27,1.07,3.01,6.19,204.26,329.28,3.11
2004-07-14,0.03,3.02,14.61,0.25,0.99,3.07,7.95,209.61,341.40,5.15
2004-07-15,0.00,1.96,12.96,0.22,0.88,1.96,7.34,136.19,351.26,2.39
2004-07-16,4.78,2.75,13.56,0.20,0.81,2.90,7.48,207.18,336.16,3.22
2004-07-17,0.48,2.07,12.24,0.22,0.89,2.21,7.45,164.86,340.77,2.85
2004-07-18,0.01,3.39,12.93,0.21,0.86,3.40,6.52,258.53,316.65,3.97
2004-07-19,2.36,3.05,13.21,0.19,0.76,3.20,7.01,237.19,324.88,3.09
2004-07-20,1.71,2.33,14.78,0.19,0.78,2.47,8.45,164.26,352.95,3.06
2004-07-21,0.00,2.88,15.94,0.20,0.78,2.88,8.96,204.27,348.81,3.78
2004-07-22,2.80,2.06,14.40,0.19,0.76,2.19,8.28,142.84,356.01,2.75
2004-07-23,0.07,3.34,13.69,0.19,0.76,3.47,7.16,252.03,322.12,4.66
2004-07-24,4.36,2.06,12.19,0.18,0.71,2.28,6.91,121.91,349.55,5.36
2004-07-25,0.69,2.51,12.88,0.20,0.79,2.68,7.47,197.71,333.53,3.88
2004-07-26,0.00,2.82,12.86,0.19,0.77,2.82,7.30,234.71,323.02,2.59
2004-07-27,0.00,2.06,15.21,0.18,0.74,2.06,8.68,147.18,357.99,1.95
2004-07-28,0.54,2.05,16.12,0.17,0.67,2.13,9.68,149.88,361.71,2.18
2004-07-29,9.66,2.38,17.10,0.18,0.71,2.49,9.59,156.90,364.45,2.62
2004-07-30,0.93,2.47,15.90,0.27,1.09,2.58,9.78,196.28,349.32,2.60
2004-07-31,0.42,1.73,14.72,0.34,1.37,1.81,9.11,133.29,358.33,1.90
2004-08-01,0.11,2.28,14.49,0.27,1.08,2.36,8.90,186.93,343.17,2.35
2004-08-02,10.08,2.08,15.01,0.22,0.87,2.24,9.10,156.75,353.09,3.51
2004-08-03,9.25,1.49,16.26,0.39,1.57,1.59,10.56,115.34,368.54,2.54
2004-08-04,0.01,0.60,15.73,0.82,3.28,0.61,10.49,57.96,369.32,1.85
2004-08-05,1.99,1.70,16.24,0.44,1.77,1.82,10.39,130.94,364.57,2.91
2004-08-06,0.00,2.71,17.35,0.32,1.28,2.71,10.39,208.44,350.57,2.55
2004-08-07,0.02,2.65,16.82,0.25,1.01,2.67,9.91,205.13,347.93,2.30
2004-08-08,3.23,2.52,17.78,0.21,0.85,2.69,10.75,178.21,359.65,4.68
2004-08-09,36.44,1.34,17.34,2.73,10.90,1.47,11.59,108.17,373.08,3.17
2004-08-10,14.02,1.24,16.48,8.94,35.70,1.38,11.30,110.89,368.31,3.41
2004-08-11,8.97,1.61,16.28,5.51,22.00,1.73,10.59,129.88,363.43,2.95
2004-08-12,32.76,1.31,15.39,14.72,58.80,1.47,10.35,113.92,362.85,3.89
2004-08-13,0.09,1.71,14.73,7.03,28.10,1.83,9.40,139.38,353.28,3.62
2004-08-14,0.21,2.39,14.71,1.83,7.33,2.49,8.54,195.99,335.81,2.28
2004-08-15,2.33,2.40,16.21,1.02,4.09,2.52,9.28,179.76,347.83,2.76
2004-08-16,1.27,1.98,14.99,0.79,3.15,2.09,9.20,162.03,347.01,2.39
2004-08-17,12.60,2.05,14.75,0.99,3.94,2.14,9.04,173.25,342.15,1.84
2004-08-18,10.73,1.52,15.21,5.28,21.10,1.68,9.94,127.75,357.08,3.88
2004-08-19,12.76,1.39,14.00,7.71,30.80,1.53,9.06,113.87,354.94,3.26
2004-08-20,0.73,1.86,12.05,3.38,13.50,2.03,7.16,143.70,334.93,3.82
2004-08-21,0.13,2.37,10.68,1.30,5.21,2.48,5.93,212.81,301.95,2.91
2004-08-22,0.11,2.26,11.41,0.76,3.02,2.33,6.40,202.04,309.61,2.47
2004-08-23,5.91,0.70,12.95,0.66,2.63,0.85,8.56,49.84,357.45,4.34
2004-08-24,3.26,1.20,13.67,1.03,4.12,1.32,9.20,109.28,353.09,2.82
2004-08-25,0.12,1.45,13.13,0.77,3.09,1.60,8.17,106.23,351.03,3.99
2004-08-26,3.94,1.69,11.98,0.58,2.30,1.88,7.17,123.94,338.52,4.24
2004-08-27,0.00,2.99,13.51,0.64,2.57,2.99,7.08,220.19,309.95,7.05
2004-08-28,1.36,2.10,11.88,0.46,1.82,2.30,6.41,139.42,329.82,4.54
2004-08-29,2.56,2.08,12.40,0.41,1.64,2.33,7.22,151.33,329.33,6.42
2004-08-30,3.69,2.06,12.32,0.43,1.70,2.29,6.97,139.92,331.86,5.67
2004-08-31,0.00,2.36,11.11,0.46,1.85,2.36,5.96,213.52,295.23,3.06
2004-09-01,0.01,1.78,11.23,0.36,1.42,1.79,6.65,167.14,314.61,2.09
2004-09-02,0.00,1.69,13.66,0.31,1.25,1.69,7.79,125.96,342.30,2.87
2004-09-03,0.33,2.12,14.83,0.29,1.14,2.31,8.24,139.54,342.47,4.81
2004-09-04,0.03,2.18,17.06,0.27,1.07,2.23,9.86,143.78,352.68,4.97
2004-09-05,1.06,1.52,16.09,0.27,1.07,1.61,9.82,124.47,354.39,2.15
2004-09-06,0.03,1.20,13.23,0.27,1.07,1.22,8.64,105.15,346.94,3.74
2004-09-07,0.00,1.97,12.04,0.25,1.01,1.97,6.94,185.88,306.43,2.93
2004-09-08,0.00,1.99,11.67,0.23,0.92,1.99,6.66,196.65,298.53,2.50
2004-09-09,0.04,1.91,13.04,0.22,0.89,1.96,7.52,176.57,314.28,2.77
2004-09-10,3.35,1.04,13.26,0.23,0.94,1.14,8.66,94.86,348.93,2.28
2004-09-11,1.62,1.73,13.57,0.25,1.01,1.97,7.91,98.69,347.74,6.48
2004-09-12,14.46,1.94,12.13,0.29,1.14,2.23,6.90,100.93,338.29,8.21
2004-09-13,8.15,2.16,10.89,1.55,6.20,2.45,6.11,150.39,308.11,7.78
2004-09-14,4.34,1.52,10.41,2.68,10.70,1.74,6.40,116.27,321.81,5.32
2004-09-15,0.15,1.86,9.40,1.53,6.12,2.05,5.23,159.73,292.34,4.02
2004-09-16,4.93,1.25,11.49,0.63,2.50,1.49,7.22,69.28,347.64,6.47
2004-09-17,1.61,1.62,12.49,1.60,6.39,1.82,7.22,109.69,333.21,4.95
2004-09-18,1.59,1.98,11.83,0.77,3.06,2.23,6.62,133.43,316.79,6.74
2004-09-19,5.86,1.74,10.70,0.62,2.49,2.02,6.31,111.54,320.96,7.49
2004-09-20,1.07,2.12,11.48,1.13,4.51,2.44,6.49,137.38,311.11,9.47
2004-09-21,0.93,2.27,10.21,0.73,2.90,2.58,5.44,140.61,299.07,8.30
2004-09-22,1.98,1.29,10.34,0.46,1.82,1.52,6.27,57.94,343.96,5.61
2004-09-23,0.35,1.62,10.16,0.41,1.63,1.85,5.99,127.14,306.28,5.45
2004-09-24,0.50,1.59,8.31,0.32,1.29,1.79,4.91,139.50,286.94,4.31
2004-09-25,0.05,1.23,11.07,0.28,1.13,1.27,6.64,65.31,342.44,4.81
2004-09-26,0.16,1.39,12.86,0.27,1.07,1.58,7.76,90.79,338.16,6.17
2004-09-27,0.69,0.86,12.11,0.26,1.04,1.02,7.80,57.39,351.24,4.11
2004-09-28,3.21,0.87,12.24,0.27,1.09,1.04,8.00,66.42,346.76,4.59
2004-09-29,2.87,0.81,9.68,0.39,1.54,0.92,6.47,81.41,324.86,2.48
2004-09-30,1.81,0.54,11.35,0.43,1.73,0.64,7.94,54.27,347.77,2.91
2004-10-01,4.00,0.74,9.83,0.52,2.06,0.88,6.78,68.25,331.63,3.55
2004-10-02,7.29,1.24,9.27,1.23,4.93,1.48,5.88,83.30,317.41,5.90
2004-10-03,17.50,0.91,9.71,1.97,7.89,1.11,6.54,70.87,327.71,5.12
2004-10-04,3.59,1.26,9.44,6.28,25.10,1.51,6.00,102.72,304.57,6.11
2004-10-05,5.37,1.50,9.51,3.18,12.70,1.79,5.84,104.57,301.80,7.95
2004-10-06,0.52,1.40,8.51,1.92,7.66,1.69,5.43,77.22,313.07,8.05
2004-10-07,0.41,1.00,8.68,0.91,3.65,1.19,5.73,91.07,304.73,4.39
2004-10-08,0.41,0.77,7.20,0.62,2.48,0.91,5.36,96.93,292.92,3.27
2004-10-09,0.14,0.70,6.52,0.51,2.02,0.82,5.00,59.10,313.30,3.23
2004-10-10,0.05,0.75,7.74,0.44,1.77,0.82,5.49,52.11,323.90,3.80
2004-10-11,0.10,1.08,8.11,0.39,1.56,1.24,5.19,57.13,320.18,4.87
2004-10-12,6.69,0.73,8.32,0.37,1.46,0.89,5.78,44.62,331.09,3.95
2004-10-13,8.67,0.48,9.64,3.45,13.80,0.60,7.01,63.24,325.16,3.60
2004-10-14,5.61,0.34,7.53,3.63,14.50,0.39,6.08,57.42,317.80,1.72
2004-10-15,4.91,0.42,7.67,3.25,13.00,0.53,6.07,49.22,323.51,3.32
2004-10-16,24.52,0.49,7.72,7.51,30.00,0.65,6.04,43.35,327.35,4.69
2004-10-17,3.24,0.50,7.81,11.79,47.10,0.64,5.97,45.96,324.87,3.94
2004-10-18,0.09,0.55,6.93,3.23,12.90,0.65,5.28,82.93,289.15,2.95
2004-10-19,11.73,0.53,6.13,2.37,9.47,0.69,5.21,38.33,320.78,4.50
2004-10-20,11.52,0.04,5.89,9.01,36.00,0.05,5.73,19.80,323.73,2.58
2004-10-21,6.62,0.93,7.59,9.01,36.00,1.23,5.50,55.46,311.51,8.41
2004-10-22,5.34,0.90,8.35,4.03,16.10,1.15,5.72,52.10,317.19,6.61
2004-10-23,11.29,0.30,7.85,4.00,16.00,0.37,6.11,53.39,314.29,2.48
2004-10-24,8.23,0.38,9.38,9.99,39.90,0.49,6.80,42.54,330.57,3.71
2004-10-25,4.73,0.48,8.36,5.38,21.50,0.62,6.12,49.34,317.95,4.12
2004-10-26,0.06,0.23,5.51,3.40,13.60,0.25,5.05,51.42,300.53,1.94
2004-10-27,3.24,0.52,6.52,1.85,7.41,0.70,5.34,42.28,313.09,5.12
2004-10-28,8.84,0.48,9.72,1.93,7.72,0.64,6.82,48.67,322.91,4.96
2004-10-29,5.01,0.24,9.33,6.63,26.50,0.32,7.02,32.72,335.88,3.58
2004-10-30,0.03,0.12,9.09,3.28,13.10,0.12,7.05,28.60,338.14,1.74
2004-10-31,0.02,0.19,7.75,1.68,6.70,0.20,5.97,36.53,322.13,1.78
2004-11-01,0.01,0.12,6.25,1.18,4.72,0.13,5.36,37.88,311.91,1.34
2004-11-02,1.22,0.18,6.89,1.00,3.99,0.24,5.93,26.61,327.37,2.88
2004-11-03,1.38,0.29,8.36,0.95,3.79,0.37,6.28,34.68,324.62,3.37
2004-11-04,0.31,0.65,7.28,0.92,3.66,0.78,5.21,61.54,285.28,5.53
2004-11-05,2.97,0.73,7.00,0.78,3.11,0.94,5.13,24.68,326.40,5.31
2004-11-06,1.36,0.15,9.61,0.90,3.61,0.18,7.16,24.23,340.89,2.52
2004-11-07,0.10,0.17,9.85,0.95,3.80,0.20,7.05,35.93,327.46,2.83
2004-11-08,0.31,0.15,8.05,0.80,3.20,0.18,6.17,26.70,328.60,1.94
2004-11-09,0.27,0.20,6.22,0.70,2.78,0.25,5.30,34.64,308.11,2.80
2004-11-10,0.23,0.59,5.05,0.61,2.43,0.77,4.35,35.82,297.27,4.74
2004-11-11,0.56,0.27,7.54,0.55,2.18,0.36,5.82,12.28,331.04,3.85
2004-11-12,1.18,0.67,7.06,0.59,2.36,0.92,5.29,41.82,298.64,7.25
2004-11-13,0.03,0.50,2.25,0.51,2.04,0.55,3.26,48.38,260.65,4.09
2004-11-14,0.09,0.47,6.19,0.47,1.87,0.53,4.99,32.06,305.51,4.83
2004-11-15,6.15,0.62,8.18,0.60,2.39,0.83,5.85,21.77,330.34,6.01
2004-11-16,1.46,0.12,7.47,1.38,5.51,0.15,6.16,20.44,329.13,3.00
2004-11-17,0.58,0.86,8.65,1.13,4.51,1.13,5.78,29.07,319.60,7.67
2004-11-18,0.04,0.51,2.35,0.71,2.85,0.57,3.54,19.17,300.67,4.15
2004-11-19,0.00,0.37,-0.82,0.55,2.20,0.37,2.65,47.82,239.79,4.24
2004-11-20,0.01,0.07,-1.94,0.47,1.86,0.08,2.74,39.63,248.12,2.53
2004-11-21,3.36,0.01,0.96,0.54,2.14,0.02,4.08,17.24,299.07,3.95
2004-11-22,1.51,0.76,9.21,0.94,3.75,1.01,6.06,29.43,317.65,7.15
2004-11-23,1.32,0.04,6.81,0.81,3.25,0.06,5.96,16.64,327.90,2.29
2004-11-24,0.85,0.21,8.40,0.76,3.03,0.29,6.37,16.98,334.39,3.71
2004-11-25,1.73,0.26,8.06,0.65,2.61,0.36,6.11,18.34,329.60,4.06
2004-11-26,0.03,0.30,7.06,0.74,2.95,0.33,5.37,29.32,303.76,4.21
2004-11-27,5.28,0.23,4.88,0.64,2.54,0.30,4.81,14.01,317.20,3.40
2004-11-28,1.77,0.41,3.72,1.52,6.08,0.58,4.21,21.87,298.19,5.25
2004-11-29,0.15,0.06,1.28,0.97,3.87,0.08,3.64,25.66,278.85,2.59
2004-11-30,0.07,0.25,3.58,0.71,2.85,0.32,4.30,20.41,299.49,4.14
2004-12-01,0.10,0.00,2.64,0.60,2.38,0.01,4.39,15.93,304.11,1.35
2004-12-02,0.37,0.00,0.64,0.53,2.10,0.00,3.66,39.24,250.34,1.95
2004-12-03,0.13,0.06,4.52,0.51,2.05,0.09,4.94,20.53,303.56,3.79
2004-12-04,0.01,0.57,8.01,0.51,2.05,0.60,5.73,15.24,330.18,5.74
2004-12-05,0.96,0.40,6.74,0.47,1.88,0.54,5.11,24.44,303.75,4.73
2004-12-06,0.93,0.75,8.22,0.52,2.07,1.00,5.65,15.99,328.49,6.87
2004-12-07,0.08,0.04,4.34,0.57,2.28,0.05,4.46,32.97,274.32,2.78
2004-12-08,0.00,0.12,5.03,0.49,1.94,0.12,5.08,16.20,312.64,3.82
2004-12-09,0.02,0.15,4.56,0.46,1.82,0.16,4.62,25.09,290.40,4.10
2004-12-10,0.10,0.09,3.90,0.43,1.71,0.11,4.66,16.72,305.07,3.49
2004-12-11,0.41,0.00,4.54,0.42,1.68,0.00,5.16,13.40,315.92,1.84
2004-12-12,0.04,0.01,5.11,0.42,1.67,0.01,5.12,22.30,299.25,2.74
2004-12-13,0.48,0.28,4.10,0.40,1.61,0.38,4.46,13.17,312.23,3.87
2004-12-14,8.12,0.71,8.20,1.50,6.00,1.00,5.89,8.10,334.07,8.96
2004-12-15,2.78,0.19,5.82,1.81,7.22,0.29,5.01,29.12,286.61,4.93
2004-12-16,3.82,0.88,6.01,1.83,7.32,1.19,4.68,19.01,307.04,8.82
2004-12-17,0.85,0.44,2.28,1.27,5.09,0.65,3.63,22.86,279.74,5.78
2004-12-18,0.49,0.20,0.94,0.82,3.29,0.30,3.49,20.94,278.32,4.34
2004-12-19,0.21,0.06,-1.70,0.63,2.51,0.09,2.66,35.04,235.84,3.00
2004-12-20,0.57,0.13,-0.32,0.56,2.24,0.19,3.29,14.35,286.77,3.29
2004-12-21,2.75,0.10,1.68,0.65,2.61,0.15,3.81,24.50,275.15,4.14
2004-12-22,4.28,0.63,8.45,1.75,6.99,0.89,5.90,20.04,318.62,7.63
2004-12-23,5.43,0.99,8.16,4.03,16.10,1.32,5.41,27.44,299.92,10.03
2004-12-24,7.06,0.49,2.74,4.91,19.60,0.72,3.90,13.35,303.98,6.18
2004-12-25,0.02,0.30,-0.32,2.02,8.09,0.33,3.16,18.18,278.28,5.36
2004-12-26,0.15,0.09,0.07,1.01,4.04,0.14,3.28,28.13,260.35,3.82
2004-12-27,7.77,0.28,2.97,2.65,10.60,0.44,4.27,13.52,306.42,5.68
2004-12-28,2.60,0.35,1.80,3.53,14.10,0.53,3.59,28.10,268.55,5.89
2004-12-29,1.07,0.35,4.93,1.70,6.79,0.52,4.86,13.22,317.47,5.76
2004-12-30,13.21,0.57,8.90,5.63,22.50,0.80,6.28,16.24,331.23,7.41
2004-12-31,1.23,0.02,3.72,5.31,21.20,0.02,4.66,24.06,290.28,3.46
2005-01-01,13.03,0.56,5.15,7.33,29.30,0.82,4.79,13.48,318.10,7.71
2005-01-02,1.96,0.59,2.24,4.31,17.20,0.88,3.57,30.34,265.28,8.05
2005-01-03,1.40,0.76,6.58,3.28,13.10,1.04,5.05,14.93,322.20,7.75
2005-01-04,0.55,0.89,6.12,2.15,8.58,1.20,4.64,25.92,295.08,8.86
2005-01-05,7.15,0.82,4.70,2.90,11.60,1.13,4.31,14.38,313.96,8.28
2005-01-06,8.31,0.88,6.41,2.85,11.40,1.21,4.97,14.72,322.90,9.43
2005-01-07,43.36,0.78,9.14,26.53,106.00,1.10,6.30,8.49,338.87,10.13
2005-01-08,7.69,0.82,4.31,28.28,113.00,1.18,4.27,23.40,294.59,11.27
2005-01-09,13.32,0.60,6.48,11.14,44.50,0.87,5.33,15.14,324.64,8.54
2005-01-10,2.81,1.14,8.17,8.08,32.30,1.48,5.28,26.32,308.97,9.86
2005-01-11,3.87,1.06,6.41,3.90,15.60,1.39,4.75,15.96,322.07,9.40
2005-01-12,2.70,1.16,3.36,3.18,12.70,1.54,3.56,25.83,285.36,11.16
2005-01-13,0.02,0.28,2.03,1.95,7.78,0.30,3.65,30.74,273.06,4.39
2005-01-14,0.86,0.12,1.43,1.40,5.61,0.17,3.81,18.18,295.80,2.93
2005-01-15,0.58,0.40,6.95,1.31,5.22,0.58,5.65,16.41,328.00,6.04
2005-01-16,3.71,0.61,6.81,1.33,5.30,0.86,5.19,28.60,304.39,7.03
2005-01-17,2.28,0.64,4.88,3.13,12.50,0.92,4.55,22.26,306.78,7.67
2005-01-18,2.07,0.52,0.77,2.06,8.24,0.78,3.34,24.31,282.67,7.21
2005-01-19,1.74,0.57,4.07,2.03,8.13,0.82,4.31,22.84,303.17,6.93
2005-01-20,1.21,1.23,5.94,1.94,7.77,1.59,4.41,21.90,313.34,10.24
2005-01-21,0.00,0.62,2.02,1.12,4.49,0.62,3.37,35.23,271.74,6.04
2005-01-22,0.19,0.15,-1.13,0.80,3.19,0.21,2.97,25.31,275.23,2.71
2005-01-23,0.75,0.44,0.56,0.74,2.95,0.61,3.15,28.31,278.38,4.64
2005-01-24,2.29,0.53,1.07,0.71,2.83,0.72,3.24,23.06,289.94,4.87
2005-01-25,1.53,0.22,2.83,0.91,3.65,0.30,4.21,21.33,304.85,3.48
2005-01-26,0.81,0.24,4.08,1.07,4.27,0.32,4.52,21.42,311.56,3.01
2005-01-27,0.56,0.45,4.65,1.03,4.10,0.61,4.54,27.36,305.71,4.85
2005-01-28,0.55,0.59,4.55,0.87,3.49,0.80,4.34,30.95,300.12,5.63
2005-01-29,0.14,0.12,4.02,0.71,2.84,0.15,4.42,49.62,273.84,2.80
2005-01-30,0.00,0.38,4.41,0.65,2.59,0.38,4.27,49.56,275.49,4.12
2005-01-31,1.05,0.73,7.87,0.64,2.54,0.96,5.56,34.17,315.94,6.55
2005-02-01,0.12,0.34,6.30,0.61,2.43,0.44,5.17,49.14,294.59,3.83
2005-02-02,0.27,0.42,5.29,0.56,2.25,0.54,4.64,38.90,301.09,3.62
2005-02-03,0.09,0.40,6.00,0.54,2.15,0.47,5.01,47.73,296.59,3.98
2005-02-04,0.86,0.69,5.93,0.52,2.06,0.93,4.86,32.84,312.97,6.33
2005-02-05,1.00,0.22,3.89,0.52,2.06,0.29,4.60,23.49,312.12,3.03
2005-02-06,0.02,0.14,2.81,0.50,2.01,0.15,4.29,38.36,294.54,2.11
2005-02-07,0.05,0.32,2.66,0.48,1.91,0.38,4.11,38.97,293.38,4.15
2005-02-08,5.68,0.59,4.47,0.49,1.95,0.81,4.44,38.52,302.89,5.71
2005-02-09,3.30,0.81,6.54,1.18,4.71,1.10,5.13,32.41,320.49,7.92
2005-02-10,0.25,0.99,4.53,1.65,6.58,1.19,3.93,68.01,273.82,6.74
2005-02-11,13.16,0.32,2.82,2.09,8.36,0.41,4.06,33.35,302.22,2.90
2005-02-12,0.19,0.70,4.06,4.81,19.20,0.97,4.30,49.68,293.74,7.35
2005-02-13,4.53,0.91,1.72,2.03,8.13,1.24,3.31,44.71,285.33,8.29
2005-02-14,0.40,1.00,2.31,1.32,5.28,1.20,3.19,57.46,276.16,6.38
2005-02-15,0.63,0.47,1.48,0.94,3.77,0.59,3.45,80.17,257.34,3.56
2005-02-16,0.37,0.32,1.32,0.78,3.11,0.42,3.70,46.43,287.10,3.10
2005-02-17,0.53,0.42,4.34,0.73,2.90,0.51,4.40,55.91,294.75,2.67
2005-02-18,0.38,0.94,4.46,0.68,2.72,1.20,4.01,79.41,274.98,5.97
2005-02-19,0.05,0.98,0.28,0.58,2.30,1.09,2.63,75.49,256.16,5.86
2005-02-20,0.65,0.69,-0.16,0.50,1.99,0.94,2.96,75.31,258.72,5.90
2005-02-21,6.68,0.46,0.00,0.53,2.10,0.64,3.30,68.64,267.71,4.70
2005-02-22,7.05,0.35,-0.06,0.65,2.61,0.51,3.44,56.19,278.30,4.50
2005-02-23,9.39,0.36,-1.11,0.72,2.87,0.54,3.19,53.59,275.75,5.33
2005-02-24,7.67,0.47,0.26,0.77,3.06,0.72,3.46,41.17,291.56,7.08
2005-02-25,5.81,0.50,1.62,1.93,7.73,0.69,3.71,40.40,299.10,4.83
2005-02-26,2.01,0.51,2.05,4.81,19.20,0.70,3.84,48.41,296.43,4.63
2005-02-27,0.56,0.53,1.22,2.88,11.50,0.64,3.27,64.81,279.84,2.51
2005-02-28,1.34,0.54,1.17,2.01,8.03,0.69,3.39,41.77,296.55,3.56
2005-03-01,3.21,0.46,1.19,2.58,10.30,0.60,3.69,70.37,281.14,3.41
2005-03-02,5.62,0.52,-0.29,1.79,7.15,0.70,3.22,72.77,272.69,4.32
2005-03-03,6.92,0.65,0.52,1.47,5.86,0.82,3.17,84.48,268.93,3.54
2005-03-04,0.07,1.02,2.53,4.10,16.40,1.17,3.45,93.96,272.85,5.65
2005-03-05,3.81,0.93,1.61,4.13,16.50,1.21,3.34,83.90,275.89,6.32
2005-03-06,0.28,0.73,0.74,2.58,10.30,0.87,3.21,126.86,249.22,2.56
2005-03-07,0.00,0.73,3.48,2.55,10.20,0.74,3.98,78.58,290.92,3.26
2005-03-08,0.03,0.85,3.32,3.20,12.80,0.88,3.84,99.02,279.11,3.39
2005-03-09,0.42,0.52,3.22,2.34,9.34,0.62,4.10,55.15,304.80,2.34
2005-03-10,0.19,0.74,4.11,3.43,13.70,0.90,4.23,71.31,300.67,3.43
2005-03-11,1.33,1.36,4.23,4.23,16.90,1.68,3.85,99.85,284.61,7.87
2005-03-12,0.00,1.37,1.90,1.62,6.47,1.37,2.88,114.63,263.38,5.78
2005-03-13,0.00,1.18,0.37,0.95,3.81,1.18,2.62,126.21,251.65,4.62
2005-03-14,14.59,0.80,2.54,2.26,9.03,1.02,3.76,67.34,297.01,4.86
2005-03-15,3.45,0.63,6.93,6.71,26.80,0.85,5.80,56.24,327.43,6.16
2005-03-16,1.55,1.34,10.39,2.90,11.60,1.66,6.66,75.41,335.25,9.08
2005-03-17,0.72,1.58,11.02,1.77,7.07,1.86,6.72,101.73,326.14,7.89
2005-03-18,0.00,0.91,10.39,1.26,5.05,0.93,7.03,63.83,342.18,5.52
2005-03-19,0.00,0.82,9.45,0.98,3.91,0.82,6.65,91.46,325.68,1.59
2005-03-20,0.01,0.70,8.11,0.80,3.19,0.70,6.19,69.77,329.33,2.76
2005-03-21,3.63,0.91,7.28,0.69,2.77,1.11,5.46,65.21,326.79,4.68
2005-03-22,1.04,0.82,9.13,0.95,3.78,0.99,6.46,62.27,338.39,4.10
2005-03-23,0.50,1.54,9.76,0.83,3.33,1.75,5.95,124.50,313.11,4.61
2005-03-24,2.07,1.06,9.03,0.70,2.81,1.20,6.01,87.05,327.40,3.11
2005-03-25,0.03,1.09,9.01,0.73,2.93,1.12,6.13,106.81,319.85,2.57
2005-03-26,0.17,0.30,6.12,0.62,2.47,0.38,5.65,37.54,324.57,3.44
2005-03-27,16.28,0.25,5.00,1.70,6.81,0.36,5.34,38.08,319.20,4.56
2005-03-28,2.72,0.63,5.15,5.91,23.60,0.80,5.16,69.24,318.30,4.08
2005-03-29,1.24,0.32,4.90,2.08,8.30,0.41,5.13,39.17,318.33,3.15
2005-03-30,0.54,0.29,4.73,1.32,5.28,0.40,5.18,39.72,317.74,4.07
2005-03-31,0.00,0.79,5.87,1.03,4.13,0.79,5.22,79.13,318.83,3.30
2005-04-01,0.00,0.90,8.05,0.85,3.38,0.91,5.95,72.58,332.61,4.03
2005-04-02,0.00,1.61,9.65,0.72,2.88,1.61,5.91,153.16,309.60,2.43
2005-04-03,1.61,1.66,8.79,0.61,2.45,1.83,5.31,140.28,309.51,3.36
2005-04-04,0.52,1.68,6.04,0.59,2.35,1.90,4.27,128.44,299.53,5.71
2005-04-05,10.96,1.97,6.26,0.52,2.09,2.26,4.27,165.52,287.25,6.88
2005-04-06,4.67,1.58,5.84,3.50,14.00,1.89,4.65,153.72,292.78,7.54
2005-04-07,0.54,1.41,3.46,1.93,7.70,1.68,3.73,128.13,289.06,6.24
2005-04-08,0.22,1.72,1.27,0.93,3.72,1.89,2.85,178.90,258.73,7.33
2005-04-09,0.99,1.31,4.70,0.72,2.88,1.60,4.25,104.36,305.51,6.60
2005-04-10,0.00,1.99,8.53,0.67,2.66,1.99,5.08,141.00,311.64,6.04
2005-04-11,0.60,2.37,9.43,0.53,2.12,2.64,5.28,176.61,304.02,6.58
2005-04-12,0.02,2.26,7.36,0.49,1.94,2.32,4.52,201.27,285.02,5.48
2005-04-13,0.11,1.46,5.14,0.46,1.82,1.56,4.36,152.20,293.57,3.10
2005-04-14,22.62,0.94,4.74,3.33,13.30,1.14,4.87,106.81,309.25,4.27
2005-04-15,27.12,0.68,3.91,15.14,60.50,0.97,4.46,48.26,312.27,7.78
2005-04-16,0.11,0.97,3.89,10.39,41.50,1.11,4.51,110.29,304.25,5.61
2005-04-17,29.02,1.47,5.32,8.18,32.70,1.72,4.54,147.99,298.49,5.03
2005-04-18,2.83,0.91,6.18,17.70,70.70,1.17,5.50,101.59,319.78,6.13
2005-04-19,0.33,1.77,5.69,3.08,12.30,1.95,4.61,195.45,286.47,3.37
2005-04-20,0.00,1.60,5.23,1.53,6.12,1.60,4.61,180.50,290.04,5.14
2005-04-21,0.00,2.13,5.45,1.04,4.16,2.13,4.46,248.64,269.96,2.36
2005-04-22,0.00,1.79,5.62,0.82,3.26,1.79,4.26,173.60,292.67,3.63
2005-04-23,0.02,2.21,5.64,0.68,2.71,2.26,4.12,228.94,275.65,4.43
2005-04-24,0.00,2.36,6.07,0.59,2.35,2.36,4.24,252.52,271.29,3.23
2005-04-25,1.45,2.20,7.09,0.53,2.11,2.40,4.85,225.00,287.10,3.88
2005-04-26,11.18,1.05,6.34,0.71,2.85,1.23,5.50,111.94,319.78,3.59
2005-04-27,4.23,1.91,7.59,1.92,7.66,2.09,5.32,190.65,302.20,3.47
2005-04-28,1.40,1.49,8.29,1.64,6.54,1.76,5.75,115.53,328.11,6.67
2005-04-29,0.00,3.17,9.90,1.02,4.06,3.17,5.20,270.58,287.18,5.98
2005-04-30,0.88,1.72,9.78,0.63,2.52,1.84,6.11,144.45,327.70,2.37
2005-05-01,8.72,1.28,10.01,2.95,11.80,1.46,7.00,115.67,338.55,3.90
2005-05-02,1.78,2.25,11.68,1.74,6.97,2.43,6.93,182.16,328.72,4.10
2005-05-03,3.10,1.55,10.90,1.15,4.59,1.71,7.10,127.20,340.21,3.44
2005-05-04,0.00,2.94,8.02,0.94,3.77,2.94,4.46,262.48,283.59,4.88
2005-05-05,0.06,2.19,9.67,0.70,2.81,2.30,5.81,164.48,323.10,6.49
2005-05-06,0.66,2.62,7.86,0.55,2.21,2.88,4.73,229.70,294.60,5.98
2005-05-07,0.94,2.48,6.34,0.47,1.89,2.75,4.34,245.24,283.49,5.83
2005-05-08,2.18,2.58,5.96,0.45,1.79,2.84,4.15,263.10,276.81,5.54
2005-05-09,0.85,2.29,5.13,0.43,1.71,2.52,3.92,233.17,280.89,4.20
2005-05-10,0.00,2.60,5.29,0.39,1.55,2.60,3.83,272.57,270.96,3.72
2005-05-11,0.00,2.99,6.67,0.33,1.32,3.00,3.93,300.77,268.91,2.26
2005-05-12,0.00,3.18,7.52,0.31,1.24,3.18,4.30,313.83,271.14,2.61
2005-05-13,0.00,2.72,6.84,0.29,1.16,2.72,4.69,288.92,278.46,4.44
2005-05-14,0.00,3.18,7.92,0.30,1.18,3.18,4.53,304.77,277.19,3.91
2005-05-15,0.19,2.57,9.94,0.29,1.15,2.67,5.06,204.30,313.85,2.39
2005-05-16,0.00,1.90,5.93,0.28,1.11,1.90,4.20,150.15,308.61,4.80
2005-05-17,3.32,2.18,4.59,0.28,1.12,2.36,3.43,204.00,286.01,3.12
2005-05-18,4.67,2.04,6.08,0.33,1.30,2.22,4.39,190.69,300.39,3.38
2005-05-19,2.88,1.64,9.55,0.38,1.52,1.82,6.29,131.90,335.04,3.95
2005-05-20,2.14,2.30,11.24,0.42,1.67,2.53,6.79,184.90,330.94,5.26
2005-05-21,9.52,2.59,9.02,0.63,2.50,2.77,5.50,233.51,306.56,3.67
2005-05-22,3.08,2.01,8.55,1.49,5.96,2.15,5.80,186.22,317.40,2.48
2005-05-23,5.80,2.27,8.14,1.31,5.22,2.52,5.41,213.05,308.29,5.49
2005-05-24,3.15,1.94,9.47,1.50,6.00,2.12,6.37,177.12,325.17,3.65
2005-05-25,1.83,1.67,11.80,1.07,4.27,1.88,7.47,121.16,349.76,5.03
2005-05-26,1.47,3.62,13.19,0.75,3.00,3.86,6.63,257.71,322.11,6.22
2005-05-27,0.28,1.69,10.10,0.52,2.07,1.84,6.54,132.55,338.74,4.07
2005-05-28,0.00,2.19,10.78,0.44,1.77,2.19,6.59,166.17,334.28,7.47
2005-05-29,0.00,3.29,9.85,0.35,1.41,3.29,5.28,277.65,299.69,5.20
2005-05-30,0.71,2.59,8.36,0.32,1.27,2.73,5.25,240.44,303.35,2.67
2005-05-31,2.49,2.59,8.50,0.32,1.26,2.73,5.21,235.76,304.98,2.47
2005-06-01,5.00,0.67,9.15,0.36,1.45,0.81,6.85,66.01,339.42,3.51
2005-06-02,4.31,1.50,12.18,0.52,2.08,1.67,7.99,119.02,352.78,3.85
2005-06-03,0.13,2.75,12.89,0.95,3.79,2.92,7.34,211.90,334.17,4.43
2005-06-04,2.31,1.84,11.18,0.53,2.13,2.02,7.20,151.78,340.56,3.83
2005-06-05,0.06,0.88,9.43,0.47,1.86,0.95,6.35,66.71,340.22,2.76
2005-06-06,0.00,3.01,8.58,0.38,1.50,3.01,4.91,273.01,294.10,3.51
2005-06-07,0.00,3.27,10.25,0.30,1.21,3.27,5.41,282.51,300.25,2.62
2005-06-08,0.00,3.86,13.93,0.27,1.07,3.86,6.79,295.01,316.88,2.92
2005-06-09,0.00,3.32,14.28,0.25,0.99,3.32,7.57,247.54,332.72,3.33
2005-06-10,0.18,3.19,10.90,0.24,0.94,3.29,5.91,269.07,308.66,3.24
2005-06-11,1.55,2.22,10.32,0.23,0.92,2.36,5.65,163.15,331.54,2.68
2005-06-12,3.68,1.87,7.97,0.24,0.98,2.04,5.44,164.43,320.82,3.27
2005-06-13,5.96,1.03,8.83,0.30,1.19,1.25,6.09,67.63,337.16,5.17
2005-06-14,1.43,1.86,10.03,0.42,1.66,2.06,6.34,143.36,336.73,4.33
2005-06-15,0.10,2.05,11.95,0.32,1.28,2.20,7.41,159.85,343.08,4.69
2005-06-16,6.33,0.95,12.92,0.34,1.37,1.09,8.32,67.81,357.42,3.46
2005-06-17,0.01,2.46,15.56,0.52,2.06,2.48,9.48,184.88,355.77,3.23
2005-06-18,0.00,3.23,18.62,0.36,1.42,3.23,11.04,226.27,362.54,2.84
2005-06-19,0.00,2.82,18.45,0.28,1.11,2.82,11.36,200.90,366.67,3.07
2005-06-20,0.43,4.21,15.22,0.23,0.93,4.36,7.68,319.12,320.21,3.34
2005-06-21,0.21,3.22,14.24,0.21,0.84,3.40,7.46,221.91,338.88,4.58
2005-06-22,0.08,3.51,16.19,0.20,0.80,3.61,8.66,236.39,346.42,4.98
2005-06-23,0.00,4.15,16.57,0.19,0.75,4.15,8.46,288.88,335.31,4.40
2005-06-24,1.37,1.63,13.67,0.19,0.74,1.74,8.71,124.40,359.27,2.31
2005-06-25,0.03,2.35,12.27,0.19,0.75,2.39,7.18,179.51,339.71,3.28
2005-06-26,0.00,4.29,13.85,0.18,0.71,4.29,7.18,353.80,304.64,2.23
2005-06-27,0.03,4.05,14.34,0.17,0.68,4.08,7.52,324.39,314.88,2.80
2005-06-28,0.03,4.20,15.03,0.17,0.67,4.24,7.99,332.97,317.20,2.89
2005-06-29,0.52,1.63,12.14,0.17,0.68,1.77,7.83,126.96,351.37,3.36
2005-06-30,8.40,1.94,13.89,0.24,0.96,2.05,8.87,154.28,353.91,2.43
2005-07-01,0.03,3.46,14.51,0.23,0.92,3.51,7.43,251.47,331.32,3.56
2005-07-02,0.75,2.60,14.78,0.18,0.73,2.74,8.43,185.19,350.49,3.57
2005-07-03,0.22,3.64,13.81,0.17,0.69,3.72,6.49,226.12,331.76,5.83
2005-07-04,0.14,2.03,11.76,0.17,0.67,2.08,6.74,145.66,343.93,2.68
2005-07-05,12.76,2.27,12.31,0.17,0.68,2.44,7.10,163.25,342.59,3.90
2005-07-06,4.79,1.44,11.48,0.45,1.80,1.64,7.66,117.01,350.04,4.37
2005-07-07,0.00,3.04,13.25,0.39,1.57,3.04,7.55,247.10,327.02,3.42
2005-07-08,0.00,3.76,14.29,0.23,0.93,3.76,7.57,303.11,317.09,2.08
2005-07-09,0.05,3.70,16.73,0.19,0.76,3.73,8.99,275.05,337.93,2.14
2005-07-10,0.02,3.54,18.83,0.18,0.70,3.56,10.68,250.43,355.91,2.08
2005-07-11,0.02,4.72,19.32,0.17,0.67,4.74,10.62,343.20,337.19,1.98
2005-07-12,1.93,4.01,18.98,0.17,0.70,4.10,10.50,285.31,348.16,2.22
2005-07-13,0.09,3.26,16.48,0.17,0.70,3.30,8.76,228.82,346.68,2.76
2005-07-14,3.76,2.29,15.99,0.17,0.66,2.45,8.95,137.13,366.52,3.74
2005-07-15,0.02,2.78,14.07,0.17,0.68,2.82,7.25,183.08,344.36,3.61
2005-07-16,0.02,3.46,14.40,0.16,0.63,3.49,7.48,261.47,325.90,3.41
2005-07-17,0.11,3.01,18.55,0.15,0.61,3.06,10.19,185.72,367.37,3.47
2005-07-18,1.15,3.06,15.28,0.15,0.61,3.26,8.20,202.67,345.90,5.07
2005-07-19,1.91,2.63,12.61,0.15,0.61,2.87,6.86,169.31,340.01,6.21
2005-07-20,0.00,3.49,13.86,0.15,0.61,3.49,6.84,228.92,329.14,6.16
2005-07-21,0.00,2.91,14.72,0.15,0.60,2.91,8.10,202.67,342.65,5.00
2005-07-22,0.02,2.60,13.26,0.15,0.59,2.63,7.44,199.02,335.76,3.14
2005-07-23,0.05,2.00,12.35,0.15,0.58,2.03,7.23,154.07,342.71,2.12
2005-07-24,0.38,1.67,11.35,0.15,0.59,1.77,6.83,114.29,347.75,3.38
2005-07-25,0.01,1.85,10.93,0.15,0.60,1.86,6.17,119.21,343.45,3.32
2005-07-26,0.00,2.10,11.88,0.15,0.59,2.10,6.40,154.21,338.40,2.15
2005-07-27,0.09,1.80,11.72,0.15,0.59,1.85,6.72,129.85,344.71,2.27
2005-07-28,22.36,0.73,10.83,0.19,0.77,0.90,7.54,60.98,347.49,4.50
2005-07-29,4.42,0.70,12.08,0.46,1.83,0.89,8.35,60.63,353.32,5.55
2005-07-30,2.40,1.27,11.50,0.43,1.73,1.46,7.79,106.17,350.04,4.50
2005-07-31,0.00,1.95,11.35,0.31,1.25,1.95,6.66,144.74,338.07,3.35
2005-08-01,0.00,1.85,12.33,0.22,0.89,1.85,6.99,136.46,344.75,2.06
2005-08-02,0.21,2.65,13.41,0.19,0.75,2.77,7.41,199.53,332.17,3.91
2005-08-03,0.21,3.11,13.39,0.17,0.68,3.32,7.01,227.35,322.44,5.45
2005-08-04,4.56,2.45,13.34,0.17,0.69,2.67,7.19,149.45,345.05,5.35
2005-08-05,0.71,2.72,12.93,0.18,0.70,2.90,7.02,206.90,325.83,4.17
2005-08-06,0.25,2.55,12.08,0.16,0.65,2.72,6.46,192.12,324.60,3.70
2005-08-07,0.00,2.75,11.70,0.15,0.61,2.75,6.16,213.18,315.23,4.14
2005-08-08,0.05,2.81,12.14,0.14,0.58,2.85,6.50,236.61,310.66,2.82
2005-08-09,2.41,1.56,12.66,0.15,0.58,1.65,7.82,124.35,348.52,1.79
2005-08-10,0.50,2.12,15.54,0.15,0.62,2.24,9.36,163.95,351.72,2.69
2005-08-11,13.52,1.64,13.97,0.20,0.80,1.74,8.48,124.34,354.41,2.19
2005-08-12,1.94,1.47,12.95,0.39,1.55,1.58,7.95,109.81,353.25,2.31
2005-08-13,2.41,1.81,12.93,0.27,1.08,1.97,8.04,146.59,342.47,3.70
2005-08-14,0.01,2.03,13.32,0.23,0.93,2.04,7.80,153.19,341.54,3.55
2005-08-15,0.00,2.21,13.77,0.19,0.78,2.22,8.06,174.76,337.12,3.37
2005-08-16,0.00,1.93,16.91,0.17,0.69,1.93,9.51,121.89,367.96,2.65
2005-08-17,0.00,2.83,16.53,0.16,0.63,2.83,8.62,185.00,345.85,3.82
2005-08-18,0.41,1.85,14.96,0.15,0.59,1.93,8.74,134.86,353.94,2.60
2005-08-19,0.06,2.36,13.23,0.14,0.57,2.40,7.52,196.39,324.92,2.96
2005-08-20,0.04,2.89,13.31,0.14,0.55,2.96,7.29,248.16,307.07,3.69
2005-08-21,1.03,2.72,14.34,0.13,0.53,2.86,7.90,223.59,320.45,3.19
2005-08-22,0.00,2.22,14.49,0.13,0.54,2.22,8.14,161.55,341.07,3.63
2005-08-23,10.29,1.88,12.54,0.14,0.55,2.10,7.36,129.28,341.22,5.19
2005-08-24,1.65,2.97,13.32,0.21,0.84,3.23,6.80,197.88,319.08,6.92
2005-08-25,1.79,2.11,9.93,0.21,0.85,2.28,5.82,189.77,304.65,3.43
2005-08-26,1.19,2.10,10.52,0.18,0.70,2.32,5.84,146.72,321.56,4.97
2005-08-27,0.32,1.88,12.66,0.16,0.65,2.06,6.93,117.67,343.23,3.91
2005-08-28,2.39,1.76,14.65,0.15,0.61,2.01,8.86,108.24,357.02,6.97
2005-08-29,0.00,3.10,14.56,0.16,0.64,3.10,7.27,212.05,316.62,5.76
2005-08-30,0.00,2.12,13.75,0.16,0.65,2.12,7.59,167.88,329.90,2.87
2005-08-31,5.71,1.48,16.36,0.16,0.64,1.60,10.04,108.59,363.89,2.80
2005-09-01,0.02,2.03,14.09,0.18,0.71,2.06,8.07,159.30,333.71,3.55
2005-09-02,0.00,2.04,11.69,0.15,0.62,2.04,6.46,188.90,307.26,2.15
2005-09-03,0.03,1.77,12.88,0.14,0.57,1.80,7.43,139.38,333.26,3.15
2005-09-04,0.00,1.95,15.76,0.14,0.55,1.95,9.02,146.27,345.48,3.09
2005-09-05,0.31,1.28,15.55,0.14,0.54,1.30,9.60,102.10,359.96,2.00
2005-09-06,0.11,2.48,16.11,0.13,0.53,2.54,8.57,199.70,324.13,2.82
2005-09-07,2.89,1.77,15.22,0.13,0.53,1.98,8.61,80.48,365.52,5.58
2005-09-08,12.48,1.53,14.70,0.15,0.60,1.70,8.52,83.84,361.29,4.34
2005-09-09,6.85,0.63,11.40,0.33,1.31,0.82,7.74,40.87,350.21,5.54
2005-09-10,0.01,0.56,11.71,0.47,1.86,0.57,7.92,40.33,351.67,4.17
2005-09-11,0.00,1.47,12.70,0.28,1.10,1.47,7.44,129.53,331.09,2.13
2005-09-12,0.00,1.97,13.94,0.20,0.80,1.97,7.87,184.64,313.63,2.38
2005-09-13,2.60,1.78,14.93,0.17,0.68,2.02,8.66,88.05,358.42,6.89
2005-09-14,5.38,2.33,13.92,0.17,0.67,2.58,7.25,119.90,337.56,6.76
2005-09-15,4.83,0.99,9.94,0.24,0.96,1.15,6.67,81.31,335.73,3.50
2005-09-16,0.44,1.64,7.56,0.32,1.28,1.84,4.78,154.32,286.25,4.05
2005-09-17,1.98,1.04,8.59,0.23,0.90,1.22,5.90,84.23,326.05,3.88
2005-09-18,0.05,1.50,12.67,0.21,0.82,1.57,7.39,104.92,336.50,4.33
2005-09-19,3.21,1.53,12.52,0.19,0.75,1.76,7.33,86.44,343.58,5.86
2005-09-20,0.07,1.76,12.38,0.20,0.80,1.81,6.76,142.29,314.11,3.71
2005-09-21,0.03,1.36,12.30,0.20,0.80,1.40,7.08,89.44,339.49,3.73
2005-09-22,2.09,1.93,14.86,0.17,0.69,2.14,8.25,120.15,337.22,5.67
2005-09-23,0.89,1.45,11.62,0.16,0.64,1.69,6.95,88.06,335.62,6.08
2005-09-24,1.09,1.43,7.39,0.17,0.70,1.60,4.61,138.42,283.86,3.40
2005-09-25,0.37,1.31,11.32,0.17,0.67,1.48,6.80,105.89,323.55,3.97
2005-09-26,5.87,1.10,11.58,0.17,0.68,1.33,7.28,56.63,349.90,5.88
2005-09-27,2.78,2.00,11.06,0.31,1.22,2.26,6.04,137.86,300.63,6.94
2005-09-28,8.09,1.26,8.57,0.37,1.49,1.52,5.66,86.89,316.62,6.47
2005-09-29,2.31,1.28,9.11,0.56,2.23,1.50,5.65,87.27,317.71,4.99
2005-09-30,2.79,1.00,12.41,0.35,1.41,1.23,7.98,62.60,348.97,6.28
2005-10-01,0.34,1.53,9.75,0.41,1.62,1.79,5.85,112.48,303.70,6.47
2005-10-02,0.13,1.15,9.31,0.28,1.11,1.25,5.68,82.49,318.26,3.90
2005-10-03,0.02,0.90,10.80,0.22,0.89,0.92,6.53,63.00,337.80,2.75
2005-10-04,0.00,0.46,10.06,0.20,0.79,0.46,6.16,27.64,342.85,1.97
2005-10-05,0.00,0.79,9.60,0.18,0.72,0.79,6.04,68.17,326.92,2.29
2005-10-06,0.00,0.60,9.83,0.17,0.68,0.60,6.83,56.80,335.81,2.77
2005-10-07,0.30,0.69,12.42,0.18,0.70,0.84,7.79,26.16,355.06,4.77
2005-10-08,0.25,0.90,10.13,0.17,0.70,1.02,6.65,64.60,330.53,5.03
2005-10-09,0.17,1.05,8.07,0.17,0.67,1.15,5.45,50.44,327.71,6.08
2005-10-10,0.98,1.56,13.22,0.17,0.67,1.83,7.61,67.07,342.28,7.88
2005-10-11,48.78,0.34,11.14,2.39,9.54,0.44,7.83,29.32,348.93,4.22
2005-10-12,15.26,0.27,10.17,12.99,51.90,0.36,7.62,36.62,344.26,3.90
2005-10-13,0.09,0.46,8.44,2.63,10.50,0.52,6.25,56.78,323.94,2.33
2005-10-14,0.13,0.53,6.52,1.12,4.47,0.59,5.19,76.14,298.42,2.32
2005-10-15,0.00,0.47,10.71,0.74,2.97,0.47,7.47,45.12,342.26,3.38
2005-10-16,0.03,0.73,11.23,0.58,2.32,0.77,7.32,67.75,327.35,4.33
2005-10-17,0.02,0.61,11.20,0.48,1.91,0.64,7.48,40.88,346.32,4.35
2005-10-18,2.30,0.99,9.87,0.41,1.64,1.20,6.17,36.56,341.72,5.30
2005-10-19,2.17,0.48,9.71,0.40,1.61,0.61,6.93,36.59,341.17,4.22
2005-10-20,0.63,0.71,8.84,0.42,1.66,0.89,6.08,51.26,323.55,4.75
2005-10-21,16.14,0.34,8.24,1.35,5.38,0.44,6.40,38.06,331.70,3.33
2005-10-22,7.09,0.18,7.85,4.41,17.60,0.23,6.14,19.39,332.88,2.76
2005-10-23,12.03,0.27,6.24,2.35,9.38,0.33,5.49,33.29,324.22,2.16
2005-10-24,33.22,0.26,9.90,20.82,83.20,0.38,7.30,18.59,343.11,6.18
2005-10-25,9.29,0.73,9.70,11.29,45.10,0.93,6.49,53.07,321.98,5.55
2005-10-26,3.78,0.50,10.85,4.48,17.90,0.65,7.39,36.96,341.87,4.61
2005-10-27,0.28,0.99,14.41,2.60,10.40,1.18,8.50,74.81,324.65,5.39
2005-10-28,5.78,1.01,12.73,2.08,8.32,1.24,7.75,38.39,347.96,6.66
2005-10-29,0.61,0.63,11.09,1.56,6.25,0.81,7.33,38.59,339.17,5.46
2005-10-30,6.76,1.15,13.29,1.98,7.92,1.40,7.94,34.91,352.51,7.43
2005-10-31,2.49,0.73,10.08,1.53,6.10,0.92,6.52,45.09,325.26,5.27
2005-11-01,10.31,0.67,7.69,1.42,5.68,0.85,5.30,59.22,295.28,4.66
2005-11-02,10.09,0.25,9.46,6.46,25.80,0.33,7.08,30.08,337.03,4.03
2005-11-03,8.46,0.39,11.14,8.06,32.20,0.53,7.74,25.76,348.89,5.10
2005-11-04,1.75,0.47,8.77,4.18,16.70,0.65,6.27,14.62,337.15,5.58
2005-11-05,14.38,0.34,6.64,2.25,9.00,0.46,5.51,35.87,313.50,4.20
2005-11-06,8.40,0.62,9.07,9.51,38.00,0.82,6.32,30.30,331.12,6.04
2005-11-07,5.37,0.85,7.36,6.38,25.50,1.12,5.14,56.09,288.62,7.16
2005-11-08,8.47,0.39,6.81,7.76,31.00,0.53,5.43,13.39,327.09,4.75
2005-11-09,2.98,0.40,5.37,3.15,12.60,0.53,4.62,59.50,272.32,4.35
2005-11-10,2.38,0.75,9.55,2.73,10.90,0.99,6.35,32.10,327.68,6.81
2005-11-11,4.94,0.94,9.13,2.60,10.40,1.24,6.13,24.44,334.72,9.13
2005-11-12,0.39,0.71,5.80,2.70,10.80,0.86,4.67,40.32,294.31,6.61
2005-11-13,0.00,0.22,3.45,1.39,5.54,0.22,3.98,58.73,257.28,3.35
2005-11-14,0.79,0.74,8.03,1.13,4.52,1.00,5.68,13.72,332.91,7.36
2005-11-15,0.26,0.60,6.40,0.94,3.74,0.78,4.73,44.51,287.48,5.03
2005-11-16,0.10,0.39,1.89,0.79,3.15,0.49,3.46,48.14,258.83,4.57
2005-11-17,0.04,0.10,-0.25,0.67,2.67,0.12,3.02,50.74,244.38,2.55
2005-11-18,0.05,0.01,-1.81,0.58,2.30,0.01,2.96,54.55,233.41,1.63
2005-11-19,0.05,0.01,-1.49,0.52,2.08,0.01,3.11,39.79,254.07,1.73
2005-11-20,0.07,0.02,2.07,0.53,2.12,0.03,3.98,37.82,272.67,2.19
2005-11-21,0.04,0.00,0.91,0.50,2.01,0.00,3.83,36.34,269.21,1.46
2005-11-22,0.08,0.00,-1.70,0.46,1.84,0.00,3.22,28.44,267.91,1.31
2005-11-23,0.12,0.01,0.28,0.43,1.71,0.01,3.66,26.73,278.97,2.17
2005-11-24,0.13,0.58,3.18,0.49,1.95,0.82,3.93,32.63,280.11,7.34
2005-11-25,13.58,0.26,0.63,0.52,2.07,0.42,3.50,27.98,275.61,5.65
2005-11-26,10.31,0.24,3.05,3.80,15.20,0.35,4.27,19.45,301.99,4.55
2005-11-27,0.88,0.30,2.07,3.88,15.50,0.44,3.81,20.57,293.70,4.56
2005-11-28,0.26,0.38,0.47,1.59,6.34,0.55,3.27,22.09,281.60,5.28
2005-11-29,0.10,0.09,-0.52,0.95,3.80,0.11,3.01,34.63,254.24,2.85
2005-11-30,0.36,0.03,0.87,0.76,3.04,0.05,3.88,15.21,297.48,2.65
2005-12-01,3.36,0.31,5.55,0.82,3.27,0.47,5.20,15.52,319.65,5.93
2005-12-02,11.47,0.31,5.54,1.44,5.75,0.47,5.23,14.97,320.24,6.45
2005-12-03,6.16,0.10,5.30,8.18,32.70,0.16,5.24,8.31,320.27,4.24
2005-12-04,0.21,0.02,4.42,4.05,16.20,0.03,4.91,17.23,309.50,2.25
2005-12-05,4.67,0.00,3.57,1.86,7.42,0.00,4.72,19.28,301.01,1.66
2005-12-06,2.12,0.04,3.63,3.00,12.00,0.06,4.51,26.19,286.48,3.44
2005-12-07,0.19,0.00,0.21,1.73,6.92,0.00,3.58,29.83,262.47,2.35
2005-12-08,0.02,0.00,1.02,1.18,4.73,0.00,3.92,26.50,272.80,1.52
2005-12-09,0.92,0.06,2.96,0.96,3.85,0.10,4.43,7.75,308.35,3.72
2005-12-10,0.12,0.37,8.68,1.00,3.99,0.49,6.31,16.22,330.33,5.56
2005-12-11,1.09,0.40,8.36,0.87,3.46,0.56,5.93,23.28,312.89,5.61
2005-12-12,0.11,0.04,2.17,0.74,2.97,0.05,3.80,33.08,261.28,3.03
2005-12-13,0.00,0.16,3.16,0.66,2.65,0.16,4.19,18.81,295.29,3.64
2005-12-14,0.02,0.23,5.54,0.63,2.50,0.25,4.77,21.05,301.78,3.62
2005-12-15,0.12,0.96,7.85,0.60,2.41,1.17,5.21,13.66,328.97,7.09
2005-12-16,0.00,0.76,3.94,0.55,2.18,0.76,3.78,24.04,284.06,6.70
2005-12-17,0.00,0.37,-1.12,0.46,1.82,0.37,2.59,27.70,251.36,4.65
2005-12-18,0.87,0.12,0.06,0.43,1.72,0.19,3.48,14.13,289.72,3.78
2005-12-19,0.10,0.23,3.91,0.47,1.87,0.30,4.15,24.12,285.44,3.85
2005-12-20,0.67,0.16,4.72,0.46,1.85,0.22,4.75,18.31,303.80,3.73
2005-12-21,1.80,0.40,5.93,0.47,1.87,0.57,5.02,17.66,310.92,5.44
2005-12-22,2.46,0.17,5.65,0.57,2.28,0.25,5.21,7.33,321.63,4.18
2005-12-23,0.05,0.41,7.60,0.76,3.03,0.50,5.52,25.72,301.83,5.70
2005-12-24,0.10,0.06,4.38,0.62,2.46,0.09,4.55,26.42,284.78,3.26
2005-12-25,0.13,0.00,1.29,0.53,2.11,0.00,3.96,18.48,287.69,1.52
2005-12-26,2.32,0.12,1.93,0.52,2.07,0.17,3.98,13.89,300.07,3.28
2005-12-27,0.78,0.15,-0.38,0.61,2.43,0.23,3.21,17.96,278.98,3.70
2005-12-28,3.03,0.00,-2.95,0.54,2.15,0.00,2.96,20.15,264.53,1.91
2005-12-29,2.84,0.00,-5.30,0.40,1.60,0.00,2.51,19.05,255.96,1.58
2005-12-30,8.67,0.05,-0.05,1.10,4.39,0.09,3.67,13.16,293.43,4.55
2005-12-31,0.95,0.05,2.67,5.68,22.70,0.08,4.39,14.69,303.92,3.45
2006-01-01,0.02,0.04,2.82,2.37,9.47,0.05,4.31,18.22,296.55,2.98
2006-01-02,0.64,0.00,2.37,1.28,5.11,0.01,4.30,17.99,295.72,2.39
2006-01-03,0.03,0.01,4.02,1.04,4.14,0.01,4.84,20.66,298.86,3.16
2006-01-04,0.36,0.00,-0.07,0.81,3.22,0.00,3.70,24.46,271.96,1.14
2006-01-05,0.05,0.17,1.31,0.76,3.05,0.20,3.74,14.04,298.92,3.38
2006-01-06,1.51,0.00,0.57,0.70,2.80,0.00,3.88,14.35,296.43,1.21
2006-01-07,0.49,0.00,1.29,0.76,3.05,0.00,4.13,15.07,299.16,1.78
2006-01-08,0.15,0.00,-0.31,0.70,2.78,0.00,3.52,21.86,277.47,1.20
2006-01-09,4.96,0.16,1.34,0.63,2.51,0.25,3.93,13.24,299.91,5.08
2006-01-10,15.43,0.41,7.09,5.73,22.90,0.63,5.81,15.07,328.90,7.97
2006-01-11,0.01,0.44,4.86,6.46,25.80,0.48,4.53,33.91,279.83,6.69
2006-01-12,0.01,0.60,4.70,1.83,7.31,0.63,4.54,19.89,306.94,7.83
2006-01-13,1.31,0.67,6.12,1.14,4.57,0.96,5.05,12.25,323.16,8.40
2006-01-14,0.06,0.10,4.43,0.94,3.76,0.12,4.84,21.12,306.09,3.30
2006-01-15,2.34,0.33,3.20,0.83,3.31,0.48,4.19,23.70,294.74,5.38
2006-01-16,2.44,0.32,4.52,1.01,4.05,0.47,4.77,17.68,313.85,5.36
2006-01-17,0.31,0.23,3.17,1.14,4.54,0.32,4.20,20.34,302.16,3.60
2006-01-18,5.08,0.03,6.03,1.39,5.57,0.04,5.63,10.35,324.14,3.09
2006-01-19,4.20,0.50,8.97,2.58,10.30,0.71,6.48,17.63,338.28,6.78
2006-01-20,0.54,0.68,5.09,2.65,10.60,0.97,4.53,37.12,284.65,8.46
2006-01-21,0.03,0.26,4.07,1.32,5.28,0.27,4.36,26.11,299.37,3.38
2006-01-22,0.08,0.06,2.47,0.93,3.70,0.08,4.31,10.89,305.96,3.46
2006-01-23,0.03,0.22,1.62,0.76,3.03,0.24,3.88,19.75,299.85,3.94
2006-01-24,0.12,0.11,1.93,0.69,2.74,0.14,3.93,26.89,290.81,2.60
2006-01-25,0.43,0.36,2.86,0.66,2.65,0.48,3.92,22.80,301.44,3.65
2006-01-26,1.26,0.22,1.86,0.61,2.42,0.29,3.65,28.89,287.88,2.76
2006-01-27,2.48,0.33,2.37,0.65,2.61,0.45,3.94,20.96,303.88,3.99
2006-01-28,0.04,0.10,2.28,0.77,3.07,0.12,4.08,30.39,291.17,2.53
2006-01-29,0.00,0.02,-0.15,0.64,2.56,0.02,3.37,36.59,271.36,1.31
2006-01-30,0.06,0.00,-3.21,0.50,2.01,0.01,2.83,36.31,259.11,1.34
2006-01-31,0.05,0.01,-3.60,0.41,1.62,0.01,2.76,45.15,247.57,1.97
2006-02-01,0.02,0.02,-2.13,0.44,1.76,0.02,3.15,29.73,276.06,1.58
2006-02-02,0.00,0.01,-0.97,0.49,1.94,0.01,3.46,28.57,283.90,1.07
2006-02-03,0.03,0.01,1.20,0.51,2.04,0.01,4.06,30.96,292.85,0.89
2006-02-04,0.00,0.05,3.22,0.51,2.04,0.05,4.53,46.66,286.83,1.59
2006-02-05,0.00,0.26,3.84,0.48,1.92,0.26,4.47,25.75,311.58,2.75
2006-02-06,0.03,0.64,5.92,0.45,1.81,0.71,4.83,27.95,319.62,5.07
2006-02-07,3.71,0.83,6.79,0.52,2.06,1.11,5.18,31.48,321.20,7.71
2006-02-08,0.02,0.65,2.78,0.68,2.70,0.70,3.64,69.53,262.18,5.30
2006-02-09,0.00,0.80,0.33,0.48,1.91,0.80,2.66,61.08,256.58,5.04
2006-02-10,0.00,0.32,-0.42,0.42,1.67,0.32,2.73,57.69,259.33,2.13
2006-02-11,2.30,0.36,1.12,0.39,1.56,0.52,3.65,31.91,295.16,4.59
2006-02-12,1.32,0.24,5.23,0.52,2.08,0.32,5.23,31.45,318.25,3.27
2006-02-13,4.16,0.25,5.96,0.59,2.34,0.33,5.50,32.24,321.86,3.22
2006-02-14,12.95,0.58,6.05,2.42,9.68,0.80,5.17,37.86,317.08,6.11
2006-02-15,3.42,0.77,4.87,4.33,17.30,1.03,4.48,59.67,291.77,6.81
2006-02-16,6.84,0.61,3.51,3.15,12.60,0.83,4.16,49.48,294.95,5.80
2006-02-17,0.05,0.40,3.23,3.43,13.70,0.43,4.15,69.58,278.47,3.04
2006-02-18,0.22,0.22,0.68,1.41,5.65,0.25,3.62,75.41,263.55,1.49
2006-02-19,1.94,0.29,1.51,1.03,4.10,0.39,3.92,49.15,289.24,3.39
2006-02-20,6.99,0.62,2.72,1.05,4.18,0.83,3.87,75.23,274.16,4.99
2006-02-21,2.08,0.60,2.11,2.43,9.71,0.83,3.76,66.51,279.17,5.62
2006-02-22,3.30,0.62,1.03,1.56,6.23,0.83,3.29,53.06,283.49,4.68
2006-02-23,8.98,0.22,2.94,3.68,14.70,0.33,4.42,21.74,308.18,4.79
2006-02-24,0.60,0.70,2.59,3.85,15.40,0.97,3.87,52.21,294.58,6.89
2006-02-25,1.18,0.92,2.46,1.74,6.96,1.22,3.52,45.99,297.41,6.92
2006-02-26,0.41,0.83,2.39,1.19,4.77,1.08,3.48,43.40,299.44,5.46
2006-02-27,4.77,0.64,2.14,1.41,5.63,0.84,3.66,50.38,295.19,4.63
2006-02-28,0.01,0.81,-0.91,1.21,4.83,0.85,2.76,96.68,249.53,6.57
2006-03-01,0.00,0.90,-1.34,0.78,3.12,0.90,2.45,106.35,242.38,5.11
2006-03-02,0.00,0.69,-2.40,0.62,2.49,0.69,2.35,115.69,234.27,3.23
2006-03-03,0.43,0.53,-3.12,0.57,2.28,0.68,2.47,102.03,242.26,3.13
2006-03-04,0.79,0.85,-1.36,0.54,2.17,1.09,2.55,114.03,242.40,4.81
2006-03-05,0.11,0.99,0.29,0.49,1.94,1.14,2.77,111.06,251.82,4.82
2006-03-06,0.92,0.92,-0.21,0.45,1.78,1.09,2.63,142.46,233.06,3.02
2006-03-07,2.47,0.22,1.01,0.50,2.01,0.31,3.80,27.46,298.17,3.58
2006-03-08,1.54,0.37,4.88,0.82,3.28,0.45,5.27,58.10,313.24,2.22
2006-03-09,8.69,0.43,4.06,1.27,5.09,0.54,4.82,56.89,309.82,3.20
2006-03-10,2.95,0.26,2.57,3.20,12.80,0.39,4.31,28.99,306.36,4.83
2006-03-11,0.95,0.61,0.34,1.72,6.87,0.81,3.25,54.60,290.89,4.35
2006-03-12,2.21,0.52,-1.70,1.01,4.03,0.80,2.87,37.40,283.00,7.43
2006-03-13,13.05,0.69,0.36,1.47,5.87,0.98,3.14,30.55,292.31,7.08
2006-03-14,4.29,0.46,1.28,3.05,12.20,0.63,3.91,66.97,293.21,4.37
2006-03-15,3.49,0.56,1.49,4.25,17.00,0.77,3.56,31.60,298.89,5.50
2006-03-16,2.81,0.68,0.52,2.73,10.90,0.93,3.35,63.55,290.19,5.70
2006-03-17,0.10,0.90,1.85,2.73,10.90,1.06,3.52,77.55,289.97,5.95
2006-03-18,0.10,0.88,2.59,2.65,10.60,1.07,3.62,61.58,301.39,4.71
2006-03-19,1.34,0.72,3.25,2.65,10.60,0.88,3.99,62.15,305.92,3.34
2006-03-20,1.18,0.72,1.90,2.60,10.40,0.92,3.64,60.44,300.19,4.36
2006-03-21,0.16,0.97,0.00,1.63,6.52,1.15,2.83,111.11,266.46,3.84
2006-03-22,0.00,0.97,-1.03,1.04,4.16,0.97,2.57,142.88,248.26,2.63
2006-03-23,0.06,1.27,1.52,0.84,3.35,1.39,3.06,148.76,258.35,4.26
2006-03-24,10.65,0.75,3.01,2.08,8.33,1.02,4.15,64.51,306.74,6.59
2006-03-25,12.82,0.79,6.64,6.96,27.80,0.97,5.60,84.02,318.27,4.25
2006-03-26,7.74,0.97,9.28,9.31,37.20,1.19,6.62,86.56,330.98,5.48
2006-03-27,4.60,0.81,9.23,6.21,24.80,1.01,6.76,73.06,336.78,5.10
2006-03-28,3.33,0.86,6.30,5.03,20.10,1.11,5.30,66.47,324.29,6.49
2006-03-29,12.36,1.67,4.25,3.30,13.20,1.92,3.73,174.77,266.52,5.21
2006-03-30,10.33,0.69,6.03,10.01,40.00,0.89,5.47,72.76,322.11,4.79
2006-03-31,7.74,0.89,6.23,8.16,32.60,1.08,5.41,99.57,313.02,4.19
2006-04-01,5.73,1.36,6.80,5.73,22.90,1.58,5.21,143.78,299.01,4.73
2006-04-02,1.96,0.87,4.69,4.18,16.70,1.05,4.77,98.04,306.73,3.78
2006-04-03,2.44,1.37,3.16,2.85,11.40,1.60,3.82,166.48,272.37,4.53
2006-04-04,0.04,1.82,1.77,1.76,7.05,1.91,2.84,213.59,244.53,4.70
2006-04-05,0.09,1.61,3.15,1.19,4.77,1.74,3.35,153.43,275.35,5.28
2006-04-06,0.96,1.73,5.26,1.01,4.03,2.03,4.15,149.57,289.61,7.30
2006-04-07,4.35,1.31,3.58,0.88,3.52,1.60,3.81,107.05,297.37,6.43
2006-04-08,4.61,1.32,2.37,1.35,5.38,1.57,3.61,155.68,275.65,5.13
2006-04-09,0.14,1.61,2.28,1.22,4.88,1.83,3.23,178.27,265.74,4.83
2006-04-10,3.52,1.80,2.29,0.83,3.32,2.01,2.99,205.89,255.23,3.72
2006-04-11,1.67,1.59,5.79,0.97,3.88,1.88,4.52,137.34,300.62,6.83
2006-04-12,1.78,1.57,6.60,0.90,3.60,1.86,4.78,121.31,310.70,6.69
2006-04-13,0.85,2.49,7.15,0.92,3.67,2.82,4.37,205.22,282.80,9.03
2006-04-14,0.00,2.36,6.51,0.66,2.62,2.37,4.14,220.89,274.68,5.52
2006-04-15,0.03,1.40,6.84,0.54,2.16,1.44,4.72,120.40,313.02,2.65
2006-04-16,0.68,2.29,7.59,0.48,1.92,2.53,4.56,193.91,291.32,5.41
2006-04-17,0.00,2.32,6.47,0.44,1.75,2.32,4.23,207.53,281.83,7.13
2006-04-18,2.33,1.97,6.05,0.41,1.62,2.20,4.30,187.23,287.99,4.62
2006-04-19,0.50,1.57,5.80,0.43,1.70,1.71,4.58,163.31,296.62,2.45
2006-04-20,3.25,1.15,6.39,0.44,1.74,1.25,5.13,112.83,316.92,1.85
2006-04-21,0.05,1.38,6.89,0.47,1.86,1.43,5.41,142.54,311.30,2.49
2006-04-22,0.20,1.41,7.76,0.43,1.71,1.52,5.49,112.48,324.32,5.20
2006-04-23,0.00,2.78,7.77,0.38,1.52,2.78,4.48,274.47,270.58,3.57
2006-04-24,2.27,1.86,7.34,0.34,1.36,2.10,4.80,146.63,310.71,5.11
2006-04-25,0.41,2.40,10.09,0.35,1.39,2.67,5.72,169.25,318.61,7.05
2006-04-26,0.27,2.47,9.02,0.35,1.38,2.68,4.78,175.08,309.27,4.94
2006-04-27,0.00,2.33,8.07,0.32,1.27,2.33,4.65,202.95,297.08,3.35
2006-04-28,0.00,2.02,7.48,0.30,1.20,2.02,4.71,176.07,303.74,3.31
2006-04-29,0.08,2.42,6.96,0.29,1.14,2.51,4.39,233.03,283.95,3.67
2006-04-30,4.82,1.78,5.46,0.28,1.13,1.93,4.33,180.91,293.93,2.65
2006-05-01,1.61,1.42,5.98,0.36,1.45,1.61,4.87,137.07,311.22,3.56
2006-05-02,1.91,1.50,6.91,0.36,1.45,1.77,4.94,101.18,325.15,6.29
2006-05-03,0.00,3.69,10.71,0.35,1.39,3.69,5.27,309.85,283.31,6.13
2006-05-04,0.26,2.61,12.11,0.30,1.18,2.81,6.64,196.09,326.68,4.41
2006-05-05,0.00,3.70,12.09,0.27,1.08,3.70,5.84,305.67,293.49,3.78
2006-05-06,11.16,2.33,9.86,0.27,1.06,2.48,5.95,206.04,313.70,2.95
2006-05-07,1.16,0.63,9.45,0.59,2.37,0.75,6.88,58.46,340.83,3.02
2006-05-08,0.00,2.96,10.79,0.46,1.83,2.97,6.23,264.73,303.77,5.98
2006-05-09,0.00,3.24,10.82,0.32,1.29,3.24,6.20,300.79,294.81,4.01
2006-05-10,0.00,3.99,11.20,0.28,1.10,3.99,5.25,351.51,277.32,2.80
2006-05-11,0.37,3.34,11.32,0.26,1.05,3.46,5.64,285.03,298.70,2.32
2006-05-12,3.91,1.77,9.34,0.27,1.09,1.92,6.19,155.95,326.79,2.82
2006-05-13,0.02,1.63,6.09,0.33,1.33,1.67,4.96,164.32,308.19,3.31
2006-05-14,11.85,1.50,6.87,0.39,1.55,1.66,5.42,148.50,316.89,3.06
2006-05-15,11.50,0.52,9.01,3.50,14.00,0.63,7.03,61.43,338.90,3.06
2006-05-16,0.85,1.65,10.24,2.00,8.01,1.79,7.03,149.55,334.59,2.83
2006-05-17,10.98,1.86,12.07,2.32,9.26,2.06,7.64,149.86,343.52,4.42
2006-05-18,3.48,3.00,11.80,1.97,7.87,3.29,6.47,221.72,322.92,8.07
2006-05-19,1.18,1.81,10.12,1.19,4.75,2.02,6.66,156.38,332.44,4.60
2006-05-20,1.75,0.70,8.25,0.89,3.54,0.84,6.26,63.04,334.83,3.50
2006-05-21,16.93,1.61,7.02,2.55,10.20,1.78,5.50,162.24,315.79,3.22
2006-05-22,0.49,1.25,6.05,3.95,15.80,1.48,5.05,110.38,322.71,4.92
2006-05-23,1.45,2.49,6.15,1.22,4.87,2.75,4.36,249.27,287.38,5.46
2006-05-24,0.57,2.60,6.83,0.80,3.18,2.88,4.56,253.19,290.17,6.52
2006-05-25,1.14,3.03,7.76,0.58,2.32,3.23,4.54,282.61,286.26,4.03
2006-05-26,2.11,1.41,8.21,0.57,2.27,1.58,6.17,134.28,329.41,3.42
2006-05-27,2.02,2.50,10.92,0.57,2.26,2.75,6.46,198.91,326.82,5.96
2006-05-28,0.00,3.07,10.08,0.52,2.07,3.07,5.35,231.82,311.87,6.47
2006-05-29,1.97,2.33,6.63,0.39,1.57,2.56,4.59,220.36,298.51,4.78
2006-05-30,0.22,2.73,6.76,0.35,1.40,2.98,4.26,250.68,290.19,5.34
2006-05-31,0.99,3.21,7.52,0.32,1.26,3.38,4.55,315.02,279.16,3.25
2006-06-01,0.00,2.38,11.18,0.30,1.19,2.38,6.26,176.06,332.74,3.53
2006-06-02,0.00,4.27,12.71,0.27,1.09,4.27,6.23,357.22,293.03,3.71
2006-06-03,0.16,3.48,12.07,0.25,0.99,3.58,6.39,289.48,308.98,3.36
2006-06-04,0.00,2.36,11.76,0.24,0.96,2.36,6.54,180.18,335.25,2.31
2006-06-05,0.00,1.99,11.58,0.23,0.91,1.99,6.98,156.55,341.04,1.98
2006-06-06,0.48,3.92,14.77,0.22,0.88,3.98,7.71,306.77,320.55,2.55
2006-06-07,0.00,3.39,14.20,0.21,0.84,3.39,8.07,273.62,327.59,2.73
2006-06-08,0.00,3.79,14.18,0.20,0.81,3.79,8.04,313.17,318.49,2.25
2006-06-09,0.00,3.41,14.80,0.19,0.76,3.41,8.12,261.85,333.02,3.00
2006-06-10,0.00,4.06,15.39,0.18,0.73,4.06,7.85,295.33,326.65,4.82
2006-06-11,5.54,3.86,16.98,0.18,0.72,3.98,8.95,274.32,341.42,2.88
2006-06-12,0.89,2.89,15.54,0.21,0.85,3.07,8.98,207.72,350.25,4.54
2006-06-13,0.00,3.30,13.39,0.20,0.80,3.30,6.76,233.50,330.40,4.15
2006-06-14,0.06,2.82,12.09,0.18,0.72,2.87,6.86,227.95,326.89,2.81
2006-06-15,0.02,3.39,13.47,0.17,0.70,3.41,7.23,268.67,323.88,2.56
2006-06-16,0.16,2.15,15.20,0.17,0.68,2.27,8.68,141.29,363.15,2.75
2006-06-17,2.08,2.46,16.02,0.18,0.70,2.58,8.99,162.85,362.45,2.72
2006-06-18,6.24,1.77,13.93,0.20,0.79,1.94,8.62,124.27,360.65,3.89
2006-06-19,0.05,2.30,13.60,0.21,0.84,2.41,8.30,176.98,347.71,4.86
2006-06-20,7.42,2.48,11.83,0.20,0.78,2.72,6.96,189.45,335.15,6.01
2006-06-21,2.00,2.61,10.40,0.28,1.12,2.92,5.90,178.22,329.20,8.73
2006-06-22,0.08,2.36,11.62,0.23,0.93,2.51,6.59,147.33,343.40,6.85
2006-06-23,0.00,2.45,11.84,0.21,0.83,2.45,6.64,180.92,336.45,3.43
2006-06-24,3.60,1.72,11.60,0.19,0.76,1.83,6.93,124.63,348.98,2.15
2006-06-25,0.31,2.09,11.12,0.22,0.87,2.23,7.23,184.66,333.65,3.86
2006-06-26,0.29,2.50,10.43,0.20,0.80,2.66,6.17,207.83,322.91,3.42
2006-06-27,0.11,2.30,10.91,0.19,0.74,2.37,6.53,191.28,329.72,1.80
2006-06-28,0.31,2.67,13.10,0.17,0.69,2.79,7.51,209.40,336.89,2.52
2006-06-29,0.00,3.02,15.37,0.16,0.66,3.02,7.95,192.81,351.42,3.70
2006-06-30,1.45,2.34,15.33,0.16,0.63,2.48,8.60,152.50,361.08,3.09
2006-07-01,0.02,3.58,16.65,0.16,0.63,3.60,8.82,254.50,343.14,2.84
2006-07-02,0.54,2.85,16.93,0.15,0.60,2.92,9.78,205.33,357.02,2.16
2006-07-03,0.01,2.68,15.89,0.15,0.58,2.69,9.77,208.34,351.60,2.96
2006-07-04,0.02,2.64,15.14,0.14,0.57,2.67,8.97,198.67,349.45,3.44
2006-07-05,0.16,3.19,16.67,0.14,0.56,3.25,9.48,235.25,348.60,2.22
2006-07-06,0.22,3.61,18.33,0.14,0.55,3.74,10.16,247.03,354.19,3.29
2006-07-07,0.21,2.95,15.21,0.14,0.54,3.10,7.68,169.17,354.90,4.56
2006-07-08,3.13,2.61,12.54,0.14,0.55,2.82,6.52,156.76,343.88,5.00
2006-07-09,0.20,2.27,14.41,0.15,0.61,2.49,8.56,153.71,355.49,6.17
2006-07-10,0.78,2.71,14.32,0.14,0.58,2.90,8.08,191.73,345.58,4.53
2006-07-11,0.00,3.85,13.96,0.14,0.55,3.85,6.58,255.03,323.74,5.90
2006-07-12,0.27,2.66,14.22,0.14,0.54,2.81,7.83,173.07,349.03,5.03
2006-07-13,0.00,4.01,12.80,0.13,0.54,4.01,6.04,324.32,297.90,3.21
2006-07-14,0.00,4.17,13.42,0.13,0.51,4.17,6.40,341.41,296.99,2.71
2006-07-15,0.00,4.52,14.89,0.12,0.49,4.52,6.63,348.68,300.69,2.82
2006-07-16,0.00,4.46,16.47,0.12,0.48,4.46,6.86,304.72,319.34,3.06
2006-07-17,0.01,5.13,20.07,0.12,0.47,5.13,8.45,331.31,331.96,2.72
2006-07-18,0.00,4.67,19.70,0.12,0.46,4.67,9.44,314.82,338.84,2.55
2006-07-19,0.00,4.35,19.06,0.11,0.45,4.35,9.02,271.87,345.78,3.55
2006-07-20,0.05,2.29,16.99,0.12,0.47,2.33,10.16,162.71,364.58,2.51
2006-07-21,0.01,3.21,18.48,0.12,0.48,3.21,10.16,211.30,360.29,3.09
2006-07-22,0.00,2.39,17.83,0.12,0.47,2.39,10.26,163.97,368.05,1.98
2006-07-23,0.00,3.66,17.57,0.11,0.45,3.66,8.87,236.40,347.25,3.76
2006-07-24,0.07,3.99,17.63,0.11,0.44,4.04,8.56,275.44,335.92,2.83
2006-07-25,0.00,4.48,19.32,0.11,0.44,4.48,9.19,299.30,337.90,2.87
2006-07-26,0.00,3.19,19.07,0.11,0.44,3.19,10.38,206.65,363.12,2.87
2006-07-27,0.00,3.33,18.22,0.11,0.44,3.33,9.64,222.13,354.13,2.87
2006-07-28,0.00,3.29,17.19,0.11,0.44,3.29,9.24,240.45,343.91,2.15
2006-07-29,1.66,2.18,17.42,0.11,0.45,2.31,9.98,133.96,371.79,3.14
2006-07-30,3.75,4.03,17.07,0.12,0.46,4.21,8.19,262.34,333.61,4.53
2006-07-31,4.33,2.23,14.39,0.12,0.49,2.43,8.27,143.88,354.08,5.03
2006-08-01,7.62,2.06,13.27,0.15,0.59,2.22,7.96,157.04,344.61,3.72
2006-08-02,17.78,1.06,12.86,0.45,1.79,1.30,8.26,62.47,357.15,6.47
2006-08-03,0.00,2.93,13.86,0.50,2.01,2.93,7.62,227.67,326.24,4.12
2006-08-04,0.16,1.66,14.78,0.22,0.88,1.74,8.50,110.98,363.69,2.12
2006-08-05,0.00,2.33,18.06,0.17,0.68,2.33,10.69,161.61,366.24,2.70
2006-08-06,3.13,2.17,17.95,0.16,0.63,2.31,10.71,141.58,370.32,3.51
2006-08-07,0.00,3.08,14.03,0.16,0.63,3.08,7.01,231.01,321.89,3.16
2006-08-08,1.38,1.98,12.67,0.14,0.56,2.13,7.28,144.11,342.60,3.18
2006-08-09,0.00,3.15,13.09,0.14,0.55,3.15,6.37,195.27,326.04,6.28
2006-08-10,0.75,2.89,12.87,0.13,0.51,3.13,6.45,172.66,332.10,6.24
2006-08-11,1.82,2.11,12.31,0.13,0.51,2.33,6.82,124.26,345.22,5.32
2006-08-12,2.29,2.08,12.12,0.13,0.53,2.29,6.85,132.51,341.59,5.14
2006-08-13,1.32,1.57,12.22,0.14,0.55,1.79,7.60,104.47,350.99,5.61
2006-08-14,0.06,1.98,13.18,0.14,0.57,2.09,7.91,153.29,341.05,3.93
2006-08-15,0.17,1.23,11.49,0.14,0.56,1.30,7.43,96.15,349.40,2.34
2006-08-16,0.23,1.61,13.22,0.14,0.55,1.65,7.86,127.73,348.07,1.62
2006-08-17,1.12,1.40,14.15,0.13,0.53,1.52,9.02,110.11,357.61,2.79
2006-08-18,17.00,0.46,13.50,0.33,1.31,0.57,9.47,52.20,359.36,3.74
2006-08-19,1.14,1.46,13.84,0.42,1.66,1.60,9.21,131.97,349.52,2.99
2006-08-20,3.68,1.42,13.98,0.33,1.31,1.53,9.03,118.23,353.62,2.61
2006-08-21,1.87,1.79,13.79,0.26,1.04,1.91,8.52,150.57,342.59,2.55
2006-08-22,0.86,1.81,13.43,0.22,0.86,1.93,7.92,143.67,341.80,2.52
2006-08-23,2.98,1.46,14.53,0.19,0.77,1.57,9.16,117.17,355.55,2.52
2006-08-24,0.00,2.52,13.15,0.18,0.74,2.52,7.36,215.85,314.51,3.38
2006-08-25,3.46,1.81,11.82,0.17,0.66,1.90,7.19,165.52,324.94,1.77
2006-08-26,0.28,1.38,13.35,0.18,0.73,1.50,8.19,105.54,352.26,2.49
2006-08-27,1.35,2.29,12.94,0.16,0.65,2.49,7.29,179.25,323.80,4.55
2006-08-28,0.37,2.38,11.71,0.15,0.59,2.59,6.57,198.18,309.19,4.89
2006-08-29,0.00,2.20,11.81,0.14,0.55,2.21,6.63,165.32,320.83,5.24
2006-08-30,5.90,2.10,12.43,0.13,0.53,2.29,6.60,136.75,333.07,4.25
2006-08-31,3.65,1.90,15.36,0.15,0.60,2.07,9.26,144.40,347.51,4.33
2006-09-01,2.45,2.26,15.13,0.21,0.85,2.47,8.82,169.96,336.02,5.49
2006-09-02,23.54,1.07,12.08,1.06,4.24,1.24,7.96,83.22,351.16,4.00
2006-09-03,3.81,1.75,13.53,1.11,4.43,1.95,8.10,130.53,340.60,4.80
2006-09-04,2.85,2.10,14.10,0.54,2.16,2.29,7.48,118.88,345.86,4.74
2006-09-05,3.95,1.00,14.15,0.37,1.46,1.14,9.42,84.85,359.06,3.64
2006-09-06,0.02,1.81,15.19,0.45,1.80,1.83,8.96,124.45,349.58,4.69
2006-09-07,0.00,1.94,11.49,0.35,1.38,1.94,6.44,157.65,314.69,3.78
2006-09-08,0.00,2.03,10.52,0.24,0.97,2.03,6.25,219.35,284.54,2.13
2006-09-09,0.03,2.05,11.32,0.20,0.80,2.09,6.70,210.83,291.82,2.96
2006-09-10,0.03,1.73,12.75,0.18,0.73,1.77,7.66,167.13,317.54,2.48
2006-09-11,0.55,1.66,15.52,0.17,0.68,1.74,9.03,139.23,342.34,2.20
2006-09-12,0.00,1.30,15.94,0.16,0.65,1.30,9.79,96.65,360.56,3.06
2006-09-13,5.49,1.55,16.14,0.16,0.63,1.70,9.51,106.23,357.26,3.52
2006-09-14,19.94,0.61,14.09,0.92,3.68,0.68,9.74,62.70,361.84,2.00
2006-09-15,0.21,1.65,13.14,0.98,3.91,1.78,8.14,168.36,315.64,2.80
2006-09-16,0.00,0.85,13.11,0.42,1.66,0.85,8.96,90.01,347.71,1.72
2006-09-17,0.12,1.10,14.39,0.30,1.21,1.17,9.20,103.53,347.77,2.21
2006-09-18,4.40,1.47,13.14,0.25,0.99,1.65,7.84,111.97,336.22,4.26
2006-09-19,0.01,2.06,12.29,0.25,0.99,2.08,6.71,134.94,318.11,6.55
2006-09-20,0.08,1.80,14.91,0.22,0.87,1.87,8.56,73.96,360.85,7.86
2006-09-21,0.05,2.79,18.25,0.19,0.76,2.88,9.48,150.85,340.82,6.39
2006-09-22,3.14,1.21,14.31,0.18,0.72,1.35,8.27,72.62,357.43,3.24
2006-09-23,7.08,1.08,13.13,0.18,0.74,1.22,8.58,111.57,334.03,3.28
2006-09-24,3.15,0.63,13.74,0.31,1.23,0.73,9.48,67.20,355.94,3.09
2006-09-25,0.78,0.62,13.15,0.42,1.69,0.67,9.05,71.70,350.88,1.25
2006-09-26,0.28,1.23,13.09,0.30,1.21,1.36,8.08,124.99,323.74,2.89
2006-09-27,4.89,0.87,13.50,0.25,1.01,1.04,8.68,58.99,357.52,4.46
2006-09-28,0.47,1.51,13.57,0.32,1.27,1.72,7.82,94.39,338.64,5.28
2006-09-29,0.34,0.67,11.87,0.30,1.21,0.76,8.00,69.26,343.63,2.28
2006-09-30,3.51,1.02,10.89,0.24,0.97,1.14,7.19,130.55,305.58,2.47
2006-10-01,3.14,0.66,11.94,0.24,0.97,0.76,8.21,76.35,338.93,2.72
2006-10-02,2.27,0.60,10.89,0.35,1.39,0.70,7.59,64.92,339.19,2.68
2006-10-03,1.07,0.68,10.27,0.31,1.23,0.80,7.08,68.31,333.29,3.11
2006-10-04,1.43,0.81,9.15,0.29,1.16,0.93,6.28,100.58,307.07,2.66
2006-10-05,4.61,0.25,9.98,0.29,1.14,0.34,7.36,27.15,343.47,4.16
2006-10-06,6.84,1.10,12.08,0.93,3.72,1.33,7.60,71.93,337.53,6.34
2006-10-07,0.40,1.65,10.48,0.80,3.21,1.93,6.01,89.17,314.87,7.69
2006-10-08,5.23,1.22,11.76,0.46,1.84,1.44,6.91,59.98,341.04,5.31
2006-10-09,0.17,1.13,11.22,0.59,2.37,1.31,6.88,101.24,310.78,4.79
2006-10-10,0.67,0.40,8.68,0.46,1.83,0.48,6.75,59.21,326.56,2.52
2006-10-11,6.12,0.23,12.95,0.46,1.83,0.31,9.05,24.24,357.09,5.06
2006-10-12,0.27,0.73,10.68,0.80,3.20,0.87,7.06,84.68,316.85,3.47
2006-10-13,0.08,0.50,9.88,0.48,1.91,0.56,7.00,80.43,315.42,2.12
2006-10-14,0.00,0.49,10.40,0.36,1.45,0.49,7.30,72.27,322.75,2.65
2006-10-15,0.00,0.49,9.94,0.31,1.24,0.49,6.58,29.19,342.48,2.95
2006-10-16,1.07,0.61,9.45,0.28,1.10,0.74,6.38,43.70,335.86,3.28
2006-10-17,3.29,0.06,10.82,0.27,1.09,0.08,8.01,21.51,347.40,2.85
2006-10-18,5.56,0.33,11.08,0.34,1.35,0.39,7.86,52.93,336.57,2.29
2006-10-19,4.72,0.40,11.65,1.15,4.59,0.52,8.15,40.45,347.64,4.34
2006-10-20,13.78,0.32,10.90,3.15,12.60,0.40,7.78,39.36,344.32,3.12
2006-10-21,9.23,0.34,10.39,2.23,8.91,0.41,7.36,51.28,331.78,2.45
2006-10-22,1.17,0.40,8.93,2.88,11.50,0.51,6.57,59.51,316.68,3.40
2006-10-23,0.24,0.21,7.80,1.37,5.46,0.24,6.27,51.21,317.27,1.49
2006-10-24,3.18,0.26,7.41,0.92,3.68,0.31,6.03,57.96,308.37,2.33
2006-10-25,27.29,0.24,8.15,6.88,27.50,0.32,6.56,31.30,334.69,3.64
2006-10-26,0.71,1.12,10.45,6.16,24.60,1.42,6.59,50.67,326.42,8.81
2006-10-27,6.05,0.23,6.97,2.85,11.40,0.31,5.75,18.26,328.41,3.66
2006-10-28,0.36,0.48,11.76,2.18,8.70,0.64,7.99,37.31,344.69,5.40
2006-10-29,1.63,0.73,9.46,1.34,5.34,0.89,5.87,63.65,304.27,4.04
2006-10-30,3.30,0.63,11.44,1.20,4.81,0.83,7.59,58.20,321.74,6.53
2006-10-31,0.32,1.17,7.03,1.43,5.73,1.46,4.75,50.61,301.35,7.79
2006-11-01,0.00,0.68,3.06,0.87,3.49,0.68,3.48,60.10,268.39,4.41
2006-11-02,0.00,0.35,2.41,0.66,2.63,0.35,3.48,70.73,253.82,2.82
2006-11-03,0.02,0.21,2.72,0.56,2.23,0.22,3.81,74.89,251.25,2.49
2006-11-04,0.00,0.67,7.60,0.51,2.02,0.67,5.32,41.49,311.06,4.81
2006-11-05,0.00,1.20,9.80,0.45,1.81,1.20,5.69,29.60,334.56,6.17
2006-11-06,0.00,0.72,8.62,0.41,1.64,0.72,5.41,59.46,291.68,4.65
2006-11-07,0.48,0.39,8.12,0.38,1.52,0.52,6.02,30.18,325.82,4.11
2006-11-08,1.17,0.38,7.99,0.39,1.54,0.51,6.00,33.72,320.13,4.50
2006-11-09,0.04,0.40,4.05,0.37,1.48,0.46,4.04,58.75,265.41,3.90
2006-11-10,8.52,0.29,5.78,0.40,1.61,0.43,5.27,12.82,322.32,5.41
2006-11-11,4.38,0.86,5.75,1.62,6.48,1.15,4.57,36.55,299.86,7.55
2006-11-12,1.92,0.66,6.39,1.07,4.26,0.87,4.98,22.96,321.59,5.53
2006-11-13,0.37,1.09,8.94,0.97,3.88,1.37,5.57,43.01,305.05,8.02
2006-11-14,1.13,0.61,6.35,0.75,3.00,0.83,4.92,35.48,302.04,5.72
2006-11-15,12.17,0.16,6.64,2.01,8.03,0.22,5.85,20.23,326.54,3.87
2006-11-16,1.78,0.47,5.94,2.85,11.40,0.67,5.12,22.96,317.38,5.98
2006-11-17,6.31,0.43,3.81,1.49,5.95,0.63,4.44,20.89,308.94,6.37
2006-11-18,3.65,0.34,2.64,1.96,7.84,0.50,3.93,36.20,278.74,5.14
2006-11-19,12.62,0.25,3.00,3.28,13.10,0.40,4.27,36.37,280.57,6.02
2006-11-20,1.05,0.71,5.60,4.58,18.30,0.99,4.63,36.35,290.35,7.68
2006-11-21,0.03,0.77,4.89,1.67,6.66,0.84,4.30,33.67,289.29,7.62
2006-11-22,8.59,0.22,3.60,1.14,4.57,0.31,4.36,22.61,301.76,3.65
2006-11-23,5.22,0.47,6.14,4.28,17.10,0.70,5.20,27.22,306.39,7.26
2006-11-24,7.31,0.47,6.16,3.95,15.80,0.69,5.16,28.30,303.86,6.93
2006-11-25,4.86,0.44,6.97,2.88,11.50,0.62,5.55,19.11,323.06,5.86
2006-11-26,4.36,0.25,5.89,3.68,14.70,0.36,5.12,31.44,295.69,4.80
2006-11-27,4.23,0.74,9.02,2.60,10.40,1.00,6.09,25.43,320.50,7.86
2006-11-28,3.09,0.40,7.59,2.68,10.70,0.58,5.69,29.96,305.05,6.09
2006-11-29,0.31,0.44,7.88,2.36,9.42,0.61,5.81,30.06,305.53,6.61
2006-11-30,4.26,1.25,9.09,1.45,5.80,1.56,5.65,15.21,337.01,9.19
2006-12-01,2.20,0.57,7.75,1.83,7.31,0.81,5.63,27.80,306.36,7.32
2006-12-02,5.70,0.59,6.14,1.75,6.99,0.84,4.95,25.12,301.96,7.18
2006-12-03,14.81,0.89,6.82,9.01,36.00,1.26,5.20,22.83,309.25,12.12
2006-12-04,8.65,1.06,7.19,4.08,16.30,1.41,5.00,25.83,303.34,10.33
2006-12-05,3.77,0.31,6.65,5.96,23.80,0.47,5.49,24.83,304.67,6.41
2006-12-06,15.56,0.13,4.56,3.08,12.30,0.20,4.68,32.85,277.88,4.88
2006-12-07,5.74,0.38,5.51,12.74,50.90,0.59,5.07,18.76,309.93,7.28
2006-12-08,0.01,0.21,4.11,3.90,15.60,0.22,4.44,27.21,284.63,4.76
2006-12-09,1.30,0.17,2.35,1.94,7.77,0.26,3.79,32.33,264.55,4.42
2006-12-10,15.81,0.44,6.41,4.76,19.00,0.69,5.46,7.68,325.44,8.83
2006-12-11,0.92,0.68,5.94,7.63,30.50,0.96,4.75,27.95,289.56,8.17
2006-12-12,11.94,0.89,5.41,6.86,27.40,1.22,4.50,17.14,309.23,9.25
2006-12-13,8.32,0.69,8.21,6.31,25.20,0.99,6.00,12.95,334.16,9.64
2006-12-14,3.21,0.57,8.74,5.93,23.70,0.83,6.31,15.26,331.69,8.66
2006-12-15,0.03,0.14,4.00,3.30,13.20,0.16,4.65,7.42,313.24,3.95
2006-12-16,0.05,0.02,2.43,1.88,7.51,0.03,4.14,28.76,271.41,4.00
2006-12-17,0.05,0.03,2.25,1.35,5.41,0.04,4.00,31.42,264.54,3.81
2006-12-18,0.05,0.00,-0.14,1.03,4.13,0.00,3.66,22.04,273.57,1.54
2006-12-19,0.08,0.00,-0.15,0.87,3.49,0.00,3.68,26.24,265.16,1.69
2006-12-20,0.06,0.00,0.14,0.83,3.31,0.00,3.81,24.60,270.10,2.22
2006-12-21,0.03,0.01,2.08,0.80,3.20,0.01,4.14,23.53,280.45,3.70
2006-12-22,0.00,0.00,4.37,0.74,2.97,0.00,5.16,21.11,298.09,2.46
2006-12-23,0.00,0.00,2.27,0.67,2.66,0.00,4.29,22.70,283.79,1.98
2006-12-24,0.05,0.00,-2.23,0.59,2.35,0.00,3.36,18.84,271.34,1.20
2006-12-25,0.10,0.00,-1.13,0.56,2.22,0.00,3.63,16.02,282.48,2.02
2006-12-26,0.11,0.00,-0.06,0.56,2.22,0.00,3.78,15.59,288.05,1.41
2006-12-27,0.16,0.00,0.14,0.54,2.17,0.00,3.77,15.23,289.65,1.69
2006-12-28,0.24,0.00,1.69,0.52,2.08,0.00,4.36,14.66,299.34,1.91
2006-12-29,13.65,0.41,6.92,0.94,3.77,0.65,5.73,13.06,328.05,8.30
2006-12-30,2.23,0.37,5.66,4.13,16.50,0.56,5.03,23.92,298.37,6.90
2006-12-31,8.27,0.85,5.53,3.88,15.50,1.18,4.65,13.70,318.47,9.33
2007-01-01,2.57,0.64,3.77,3.53,14.10,0.94,4.11,21.96,290.85,8.37
2007-01-02,1.29,0.34,3.88,2.31,9.23,0.51,4.33,23.64,289.30,5.82
2007-01-03,5.95,0.51,7.74,2.83,11.30,0.77,5.90,7.93,332.02,8.36
2007-01-04,1.07,0.89,6.91,3.13,12.50,1.19,4.88,25.91,299.04,8.30
2007-01-05,1.06,0.40,6.31,1.81,7.25,0.58,5.11,26.19,298.09,5.98
2007-01-06,5.11,0.28,4.88,1.69,6.74,0.40,4.84,18.49,308.21,5.07
2007-01-07,6.60,0.34,6.90,3.83,15.30,0.52,5.70,17.02,322.39,6.63
2007-01-08,13.53,0.32,5.03,5.73,22.90,0.49,5.00,15.12,317.33,6.18
2007-01-09,6.03,0.68,7.77,10.31,41.20,0.97,5.69,24.09,312.70,9.24
2007-01-10,17.73,0.16,3.12,6.26,25.00,0.24,4.24,29.04,280.73,4.68
2007-01-11,6.59,0.94,5.72,15.44,61.70,1.31,4.66,24.34,301.88,11.28
2007-01-12,4.58,1.08,8.20,6.71,26.80,1.42,5.55,20.09,324.01,10.79
2007-01-13,6.76,0.80,6.75,6.08,24.30,1.11,5.19,17.63,322.57,9.08
2007-01-14,0.07,0.92,5.03,3.85,15.40,1.10,4.28,26.49,295.75,9.15
2007-01-15,0.76,1.16,7.32,2.05,8.20,1.50,5.05,19.85,321.46,10.24
2007-01-16,8.12,0.06,1.90,1.47,5.86,0.09,3.77,34.89,269.31,2.78
2007-01-17,9.95,0.47,3.20,4.76,19.00,0.72,4.09,31.98,281.32,7.48
2007-01-18,4.47,0.42,3.22,7.53,30.10,0.65,4.23,21.50,301.13,6.87
2007-01-19,6.14,0.56,5.79,4.76,19.00,0.79,4.90,25.71,307.11,6.63
2007-01-20,4.48,0.96,4.71,5.01,20.00,1.31,4.21,33.55,287.51,10.39
2007-01-21,2.83,0.26,1.76,3.08,12.30,0.38,3.82,26.05,288.39,4.63
2007-01-22,1.51,0.34,1.04,2.30,9.20,0.49,3.32,41.78,259.12,4.75
2007-01-23,1.55,0.24,-0.44,1.60,6.41,0.35,3.08,33.92,265.87,3.92
2007-01-24,2.20,0.34,1.42,1.62,6.48,0.50,3.65,25.62,289.48,5.01
2007-01-25,1.05,0.12,0.30,1.38,5.53,0.17,3.35,38.33,265.81,2.99
2007-01-26,0.39,0.33,4.38,1.47,5.88,0.46,4.58,26.65,304.99,4.33
2007-01-27,0.03,0.42,4.67,1.58,6.31,0.49,4.44,39.42,287.53,4.81
2007-01-28,0.00,0.87,7.46,1.44,5.75,0.87,5.28,30.43,315.77,7.65
2007-01-29,0.02,0.39,6.35,0.99,3.95,0.41,5.04,38.44,300.16,4.00
2007-01-30,0.05,0.44,3.94,0.87,3.46,0.52,4.30,37.09,290.96,5.22
2007-01-31,0.01,0.58,8.36,0.80,3.20,0.62,6.12,25.04,331.90,6.80
2007-02-01,0.01,0.38,8.16,0.70,2.80,0.40,6.01,35.51,319.85,4.07
2007-02-02,0.00,0.54,5.52,0.64,2.56,0.54,4.46,73.02,263.26,4.47
2007-02-03,0.07,0.16,1.93,0.57,2.27,0.19,3.59,79.44,242.01,2.05
2007-02-04,0.09,0.17,1.13,0.54,2.16,0.21,3.60,49.02,272.06,2.50
2007-02-05,0.03,0.23,0.05,0.52,2.08,0.25,3.20,62.67,253.44,2.85
2007-02-06,0.04,0.22,-2.10,0.47,1.87,0.24,2.68,69.63,237.77,2.68
2007-02-07,0.30,0.14,-2.06,0.45,1.78,0.18,2.88,70.63,240.10,2.31
2007-02-08,0.62,0.13,-1.23,0.45,1.81,0.19,3.30,31.94,282.67,3.28
2007-02-09,7.85,0.16,-0.74,0.47,1.89,0.23,3.41,31.16,286.48,3.65
2007-02-10,19.28,0.31,1.28,4.38,17.50,0.55,3.86,16.47,299.52,8.77
2007-02-11,3.98,0.21,3.83,7.71,30.80,0.32,4.83,38.18,304.64,4.91
2007-02-12,1.50,0.18,4.36,5.08,20.30,0.24,5.02,33.30,312.43,2.95
2007-02-13,1.02,0.34,4.06,2.70,10.80,0.45,4.57,58.55,288.19,3.57
2007-02-14,0.09,0.45,3.94,1.68,6.72,0.55,4.29,79.32,269.74,3.54
2007-02-15,0.38,0.95,5.73,1.16,4.63,1.25,4.64,36.67,315.88,7.80
2007-02-16,0.41,0.30,5.53,0.96,3.83,0.41,5.12,18.77,320.93,4.32
2007-02-17,0.00,0.31,4.73,0.85,3.39,0.31,4.81,71.87,285.25,2.27
2007-02-18,0.28,0.34,2.25,0.72,2.88,0.41,3.91,88.34,260.51,2.32
2007-02-19,4.12,0.19,4.60,0.80,3.20,0.28,4.99,20.01,316.70,4.25
2007-02-20,2.67,0.43,6.41,1.07,4.29,0.54,5.44,56.36,309.08,3.34
2007-02-21,5.59,0.28,4.42,1.15,4.60,0.34,4.90,51.20,304.25,2.16
2007-02-22,8.58,0.30,5.98,5.03,20.10,0.41,5.62,36.84,323.71,4.33
2007-02-23,3.58,0.37,6.27,3.48,13.90,0.48,5.60,45.28,319.44,3.68
2007-02-24,2.74,0.25,6.11,3.40,13.60,0.30,5.73,40.21,323.27,2.25
2007-02-25,1.61,0.29,5.39,2.53,10.10,0.36,5.34,42.16,318.61,2.44
2007-02-26,4.31,0.79,3.58,1.75,7.00,0.98,3.85,72.74,285.25,4.26
2007-02-27,11.74,0.42,4.01,5.11,20.40,0.61,4.75,43.45,311.64,5.96
2007-02-28,4.31,1.14,6.09,6.43,25.70,1.49,4.77,44.73,319.96,10.04
2007-03-01,0.21,1.03,3.86,3.18,12.70,1.24,3.93,66.39,294.47,7.15
2007-03-02,3.21,0.77,3.16,1.68,6.72,0.94,3.82,100.27,271.38,3.44
2007-03-03,0.24,0.76,4.68,1.64,6.55,0.91,4.59,110.10,276.25,3.99
2007-03-04,10.44,0.29,3.93,3.28,13.10,0.44,4.74,25.97,313.25,5.56
2007-03-05,8.25,1.20,5.44,3.75,15.00,1.53,4.50,86.98,294.02,8.76
2007-03-06,0.16,1.35,6.78,4.73,18.90,1.64,4.86,105.61,290.67,8.07
2007-03-07,0.43,0.93,5.77,2.01,8.05,1.10,4.68,106.15,287.07,3.66
2007-03-08,2.55,1.12,5.49,1.33,5.32,1.36,4.51,113.25,282.33,5.44
2007-03-09,0.77,1.40,4.89,1.37,5.49,1.69,4.07,139.51,264.46,6.82
2007-03-10,0.01,1.29,7.97,1.05,4.20,1.32,5.39,71.89,319.92,7.92
2007-03-11,2.07,1.11,8.01,0.90,3.60,1.39,5.58,59.91,327.73,7.27
2007-03-12,0.10,1.21,6.62,0.85,3.41,1.39,4.89,97.87,300.51,6.06
2007-03-13,0.18,1.09,5.53,0.80,3.19,1.30,4.65,116.36,286.91,5.17
2007-03-14,0.00,1.04,6.49,0.69,2.74,1.04,4.99,89.36,306.37,4.95
2007-03-15,0.26,1.09,6.37,0.64,2.56,1.34,4.88,72.85,314.54,6.07
2007-03-16,2.90,1.01,4.87,0.62,2.49,1.30,4.46,67.39,310.24,7.22
2007-03-17,5.94,1.25,8.11,1.02,4.09,1.57,5.65,80.38,321.54,8.75
2007-03-18,1.67,1.25,2.41,2.30,9.17,1.61,3.56,124.44,270.90,9.35
2007-03-19,2.37,1.17,1.35,1.32,5.28,1.49,3.24,128.77,264.27,7.12
2007-03-20,0.39,1.28,0.28,0.95,3.78,1.60,2.80,136.34,255.08,7.11
2007-03-21,3.42,1.14,0.58,0.73,2.93,1.35,2.95,151.39,251.49,3.79
2007-03-22,0.25,0.71,4.78,1.05,4.18,0.89,4.85,76.40,310.27,4.27
2007-03-23,0.15,0.92,4.05,0.89,3.55,1.10,4.45,117.80,288.74,3.64
2007-03-24,0.04,0.97,3.61,0.69,2.77,1.03,4.29,132.67,280.92,2.86
2007-03-25,0.04,1.30,5.90,0.59,2.36,1.37,4.94,161.82,280.74,4.65
2007-03-26,0.00,1.23,6.05,0.53,2.11,1.23,5.13,158.72,284.41,3.44
2007-03-27,0.02,0.96,5.60,0.49,1.95,0.98,5.16,122.81,298.30,2.44
2007-03-28,9.33,0.81,5.13,0.49,1.95,0.91,5.13,104.61,304.25,1.94
2007-03-29,0.58,0.41,4.85,1.79,7.14,0.56,5.00,39.17,317.77,4.53
2007-03-30,0.00,0.60,6.19,0.99,3.94,0.61,5.30,39.72,324.14,5.79
2007-03-31,0.00,1.56,5.48,0.69,2.76,1.56,4.55,180.12,275.46,5.54
2007-04-01,0.07,1.71,4.81,0.53,2.11,1.84,4.17,210.43,261.81,3.98
2007-04-02,0.48,1.35,4.70,0.46,1.84,1.52,4.30,156.04,283.38,3.26
2007-04-03,0.13,1.24,4.84,0.43,1.73,1.45,4.26,108.82,301.73,4.55
2007-04-04,0.00,2.19,7.14,0.41,1.62,2.19,4.43,250.43,258.55,2.11
2007-04-05,0.00,2.44,8.77,0.37,1.49,2.44,4.93,249.42,268.19,3.17
2007-04-06,0.02,1.69,7.25,0.35,1.39,1.73,4.51,137.89,302.93,3.54
2007-04-07,0.00,2.27,7.54,0.33,1.32,2.27,4.52,238.47,267.95,2.84
2007-04-08,0.00,2.31,8.37,0.32,1.26,2.31,4.87,203.95,286.17,5.33
2007-04-09,0.00,1.95,10.14,0.30,1.20,1.95,6.01,144.36,319.61,5.82
2007-04-10,0.00,1.98,10.52,0.29,1.16,1.98,5.99,134.61,325.01,5.23
2007-04-11,0.00,2.04,10.05,0.28,1.12,2.04,5.75,173.71,309.40,3.28
2007-04-12,0.00,2.10,9.26,0.27,1.08,2.10,5.45,208.89,293.88,1.82
2007-04-13,0.00,1.50,7.62,0.26,1.05,1.50,5.66,160.81,305.56,2.11
2007-04-14,0.00,2.36,10.90,0.26,1.03,2.36,6.46,231.30,298.59,1.84
2007-04-15,0.00,2.60,12.65,0.25,0.99,2.60,6.89,227.69,308.50,2.51
2007-04-16,0.00,2.16,9.67,0.23,0.93,2.16,5.52,187.63,305.60,3.14
2007-04-17,0.06,2.33,7.13,0.22,0.89,2.44,4.33,210.62,283.57,4.72
2007-04-18,0.00,2.14,7.25,0.21,0.86,2.15,4.57,193.28,291.68,4.39
2007-04-19,2.36,1.80,7.32,0.22,0.89,2.05,4.98,156.49,306.20,5.29
2007-04-20,1.22,1.12,5.84,0.24,0.94,1.29,4.86,99.11,317.94,3.28
2007-04-21,0.05,1.74,10.04,0.25,0.98,1.82,6.04,123.02,331.85,4.26
2007-04-22,0.09,1.44,11.16,0.23,0.94,1.56,7.07,97.80,346.32,5.13
2007-04-23,7.57,1.23,12.31,0.25,1.00,1.44,8.19,96.44,352.72,5.58
2007-04-24,5.28,1.47,12.83,0.46,1.85,1.65,8.18,111.70,351.33,4.28
2007-04-25,0.00,2.25,11.68,0.50,1.99,2.26,6.94,178.09,326.19,6.20
2007-04-26,0.00,2.23,8.56,0.36,1.43,2.23,5.52,219.64,297.66,2.96
2007-04-27,0.02,2.19,8.06,0.29,1.14,2.23,5.37,218.74,296.01,3.83
2007-04-28,0.00,2.22,8.15,0.25,1.00,2.22,5.28,212.82,298.13,4.31
2007-04-29,0.00,1.93,7.86,0.23,0.94,1.93,5.46,189.91,304.83,4.08
2007-04-30,0.00,3.08,8.70,0.22,0.89,3.08,5.03,306.76,272.41,4.25
2007-05-01,0.00,2.64,8.16,0.21,0.84,2.64,5.27,272.34,284.50,4.02
2007-05-02,0.00,2.30,7.98,0.21,0.83,2.30,5.46,235.45,295.31,2.63
2007-05-03,0.05,2.35,7.80,0.20,0.81,2.39,5.46,244.99,292.67,2.57
2007-05-04,0.00,1.38,7.27,0.20,0.80,1.38,5.22,114.31,324.41,3.22
2007-05-05,1.73,2.18,9.70,0.20,0.80,2.34,5.83,185.41,317.73,3.17
2007-05-06,2.26,2.89,10.25,0.20,0.81,3.18,5.64,222.14,309.63,7.96
2007-05-07,1.57,2.18,9.15,0.21,0.83,2.43,5.57,172.26,318.76,5.66
2007-05-08,2.09,2.30,9.07,0.21,0.83,2.54,5.49,187.07,314.58,5.64
2007-05-09,9.29,1.83,8.59,0.21,0.83,1.99,5.82,168.17,318.96,3.03
2007-05-10,6.80,1.96,8.49,0.76,3.03,2.21,5.82,188.27,313.81,5.94
2007-05-11,8.68,1.24,6.97,0.73,2.92,1.42,5.46,112.07,325.66,3.64
2007-05-12,7.15,1.34,8.10,1.43,5.71,1.52,6.03,124.38,328.89,3.85
2007-05-13,2.38,1.00,7.61,1.23,4.92,1.17,6.13,100.33,331.40,3.70
2007-05-14,0.89,2.28,7.61,0.91,3.62,2.50,4.95,208.31,303.22,4.35
2007-05-15,1.26,2.17,7.91,0.54,2.15,2.30,5.31,206.80,306.58,2.26
2007-05-16,2.88,1.21,8.04,0.47,1.86,1.33,6.17,113.86,331.97,2.26
2007-05-17,2.38,1.44,11.22,0.50,1.99,1.58,7.66,126.54,344.92,2.84
2007-05-18,6.18,2.63,11.49,0.52,2.09,2.93,6.69,203.99,326.71,8.27
2007-05-19,2.02,3.06,9.78,1.20,4.81,3.38,5.63,272.77,299.61,9.12
2007-05-20,0.00,2.95,9.16,0.71,2.83,2.95,5.14,259.35,298.70,3.90
2007-05-21,0.03,3.48,9.49,0.41,1.63,3.54,5.00,315.19,285.30,3.32
2007-05-22,0.00,3.11,10.51,0.31,1.23,3.11,5.31,231.21,312.13,4.94
2007-05-23,0.03,2.88,12.72,0.26,1.05,2.94,7.27,229.62,328.37,4.88
2007-05-24,0.33,2.16,13.05,0.25,1.00,2.36,7.97,165.87,345.83,4.89
2007-05-25,0.13,2.96,9.25,0.24,0.94,3.07,5.02,249.48,302.22,3.76
2007-05-26,1.36,2.54,7.37,0.22,0.88,2.71,4.58,232.47,297.64,3.06
2007-05-27,0.66,1.75,6.80,0.21,0.86,1.99,4.98,153.55,316.16,5.01
2007-05-28,4.00,1.97,6.71,0.21,0.84,2.21,4.49,148.62,315.27,5.10
2007-05-29,7.73,1.52,7.22,0.24,0.94,1.71,5.33,130.99,324.40,3.89
2007-05-30,0.13,1.79,8.65,0.34,1.37,1.99,5.99,161.87,325.15,4.52
2007-05-31,0.88,3.28,11.66,0.30,1.21,3.42,6.88,292.53,310.26,3.26
2007-06-01,2.90,3.02,11.93,0.25,1.01,3.14,7.10,263.01,317.34,2.47
2007-06-02,0.00,2.48,13.16,0.25,0.99,2.48,7.66,188.28,341.38,3.62
2007-06-03,3.67,1.90,13.64,0.25,0.99,2.02,8.59,148.38,353.44,2.60
2007-06-04,0.01,1.92,11.99,0.24,0.95,1.93,7.73,161.13,342.66,3.51
2007-06-05,0.00,2.00,10.67,0.22,0.86,2.00,6.85,169.84,333.76,3.67
2007-06-06,0.00,1.94,10.17,0.20,0.80,1.94,6.50,161.37,333.01,3.27
2007-06-07,0.16,1.51,10.68,0.19,0.77,1.62,7.27,130.67,343.28,3.47
2007-06-08,0.01,2.09,13.55,0.19,0.76,2.10,8.44,165.59,349.63,1.94
2007-06-09,0.01,2.65,14.44,0.19,0.74,2.66,8.92,214.38,343.73,2.35
2007-06-10,0.00,1.85,14.34,0.18,0.71,1.85,9.04,141.64,358.65,2.42
2007-06-11,0.36,2.93,15.45,0.18,0.70,2.97,9.32,228.51,345.83,2.16
2007-06-12,26.36,1.40,12.23,0.32,1.29,1.54,8.47,124.87,352.21,3.23
2007-06-13,5.47,1.20,10.22,1.34,5.37,1.38,7.21,106.23,344.41,4.13
2007-06-14,2.47,1.74,8.76,1.09,4.37,1.99,6.18,165.22,325.94,5.99
2007-06-15,5.06,1.45,9.49,0.82,3.26,1.72,6.56,119.05,340.17,6.87
2007-06-16,3.19,1.29,10.48,0.94,3.74,1.47,7.56,125.09,344.04,3.91
2007-06-17,4.20,1.76,11.81,0.89,3.54,1.86,7.86,148.83,345.27,1.89
2007-06-18,0.08,1.69,12.29,0.85,3.39,1.81,8.14,142.08,349.04,3.35
2007-06-19,15.99,1.74,12.70,0.53,2.13,1.91,8.29,143.57,350.70,3.81
2007-06-20,2.06,2.47,14.06,3.80,15.20,2.65,8.69,200.13,345.20,4.03
2007-06-21,11.85,2.49,13.32,1.55,6.19,2.62,8.31,206.49,340.13,2.63
2007-06-22,14.74,1.79,12.82,6.78,27.10,1.88,8.56,150.27,349.88,1.89
2007-06-23,12.97,1.71,12.10,13.97,55.80,1.83,8.10,145.47,347.42,2.51
2007-06-24,13.11,1.65,11.29,4.76,19.00,1.80,7.82,151.41,342.34,3.15
2007-06-25,2.12,1.44,10.13,6.51,26.00,1.72,6.92,117.92,343.66,7.29
2007-06-26,3.21,2.95,9.49,2.34,9.34,3.19,4.95,220.66,311.45,5.14
2007-06-27,5.63,2.24,9.49,2.48,9.91,2.42,5.94,190.86,322.37,3.78
2007-06-28,21.28,1.97,9.52,8.23,32.90,2.19,6.12,161.21,329.89,4.85
2007-06-29,0.22,2.57,10.88,5.63,22.50,2.75,6.29,203.85,325.88,4.39
2007-06-30,11.98,1.91,11.31,2.68,10.70,2.07,7.58,171.72,337.66,3.32
2007-07-01,6.54,1.64,13.50,11.46,45.80,1.77,9.08,140.52,354.61,2.94
2007-07-02,5.75,2.00,13.67,5.23,20.90,2.14,8.75,162.67,350.69,3.05
2007-07-03,4.32,1.98,12.66,4.38,17.50,2.12,8.20,167.22,344.69,3.01
2007-07-04,0.10,2.02,13.32,2.29,9.15,2.09,8.35,159.77,349.39,3.60
2007-07-05,14.99,2.05,13.23,1.80,7.21,2.22,8.05,152.13,350.47,3.93
2007-07-06,9.88,1.55,12.68,7.63,30.50,1.73,8.34,125.72,353.78,4.30
2007-07-07,3.30,2.58,13.04,4.46,17.80,2.80,7.45,188.16,340.16,5.22
2007-07-08,0.14,3.19,12.69,1.94,7.74,3.27,6.75,249.18,321.56,3.84
2007-07-09,0.00,3.27,12.27,1.00,4.01,3.27,6.82,277.30,312.99,3.12
2007-07-10,0.00,2.46,12.30,0.70,2.79,2.46,7.04,190.22,335.27,3.22
2007-07-11,0.49,2.58,13.43,0.57,2.28,2.78,7.53,182.17,342.96,4.52
2007-07-12,1.07,1.73,13.66,0.50,2.01,1.87,8.85,140.25,354.72,2.87
2007-07-13,12.70,0.85,12.86,0.69,2.77,0.97,8.38,65.31,357.07,2.94
2007-07-14,0.30,2.56,14.10,1.62,6.46,2.78,8.31,190.43,344.65,5.93
2007-07-15,9.68,2.49,13.21,0.99,3.94,2.63,8.02,205.42,336.66,2.85
2007-07-16,0.14,2.15,14.33,2.43,9.71,2.27,8.94,170.77,350.58,4.02
2007-07-17,0.05,2.57,14.11,0.97,3.86,2.60,8.45,205.97,340.75,2.60
2007-07-18,3.75,1.96,12.67,1.07,4.27,2.08,8.14,164.95,343.47,2.38
2007-07-19,7.19,1.99,12.45,3.05,12.20,2.11,7.84,164.84,342.05,2.46
2007-07-20,0.77,1.59,11.81,2.15,8.58,1.76,7.49,117.33,350.14,3.97
2007-07-21,8.93,0.74,9.99,1.13,4.53,0.88,7.04,63.24,343.39,3.42
2007-07-22,0.25,1.56,11.55,2.45,9.78,1.70,7.54,127.59,346.19,2.89
2007-07-23,4.09,1.81,12.31,1.67,6.67,1.91,7.86,150.79,344.12,1.83
2007-07-24,1.14,2.69,13.28,1.18,4.73,2.83,7.63,216.59,331.29,3.03
2007-07-25,6.01,2.03,13.71,0.72,2.89,2.22,8.17,141.43,352.68,4.60
2007-07-26,7.43,1.70,13.12,2.47,9.87,1.91,8.28,127.64,353.18,4.94
2007-07-27,0.11,3.01,13.43,1.94,7.76,3.19,7.36,223.70,328.34,6.14
2007-07-28,0.00,2.97,12.53,0.84,3.36,2.97,6.60,217.26,323.75,5.17
2007-07-29,0.18,3.03,11.01,0.52,2.08,3.19,5.79,244.88,306.68,4.56
2007-07-30,0.00,3.08,11.86,0.42,1.68,3.08,5.90,228.61,314.56,4.29
2007-07-31,0.01,3.47,13.86,0.36,1.45,3.48,6.85,257.14,317.36,4.15
2007-08-01,1.05,2.04,13.67,0.34,1.35,2.21,7.82,134.49,352.38,3.90
2007-08-02,0.04,2.40,12.79,0.33,1.31,2.45,6.94,173.73,335.75,3.34
2007-08-03,4.03,2.01,14.29,0.30,1.18,2.21,8.63,142.18,353.25,4.97
2007-08-04,1.03,2.98,16.63,0.34,1.35,3.23,9.25,180.77,354.00,7.32
2007-08-05,6.31,2.17,15.44,0.34,1.35,2.32,9.22,157.45,354.41,3.70
2007-08-06,0.02,2.19,13.30,0.60,2.39,2.23,7.85,166.59,340.50,4.35
2007-08-07,0.16,2.60,11.39,0.39,1.55,2.71,6.05,194.19,319.40,4.35
2007-08-08,0.00,3.24,11.74,0.30,1.21,3.24,6.23,292.75,290.81,2.83
2007-08-09,0.00,2.81,11.97,0.27,1.07,2.81,6.88,257.45,304.92,1.90
2007-08-10,0.00,2.19,13.36,0.25,1.01,2.19,7.99,182.98,334.98,2.42
2007-08-11,5.29,1.74,14.15,0.25,1.01,1.85,8.62,133.93,352.68,2.41
2007-08-12,0.57,1.86,13.24,0.30,1.19,2.02,8.10,146.61,344.22,3.51
2007-08-13,7.50,2.56,12.63,0.28,1.13,2.79,7.02,190.01,326.08,5.68
2007-08-14,13.17,0.67,12.44,0.65,2.58,0.78,8.64,64.13,354.86,3.27
2007-08-15,0.90,1.94,12.85,1.64,6.57,2.10,7.65,148.94,340.13,3.69
2007-08-16,0.04,2.32,11.40,0.61,2.45,2.41,6.29,158.75,327.43,5.58
2007-08-17,4.55,2.19,11.72,0.38,1.53,2.36,6.56,166.46,326.58,3.78
2007-08-18,5.44,0.96,12.57,0.43,1.73,1.10,8.78,90.08,355.33,3.37
2007-08-19,1.77,0.55,11.14,1.02,4.07,0.69,7.87,51.72,348.96,4.11
2007-08-20,0.11,1.68,10.46,0.94,3.77,1.77,6.35,130.95,330.97,3.39
2007-08-21,0.32,1.21,12.77,0.52,2.07,1.37,8.34,91.63,355.37,4.56
2007-08-22,0.00,2.60,12.84,0.42,1.69,2.60,7.39,227.77,311.07,4.69
2007-08-23,0.00,2.89,12.91,0.32,1.29,2.89,6.59,251.76,298.57,2.71
2007-08-24,0.00,2.86,15.07,0.27,1.09,2.86,8.61,247.25,316.25,3.27
2007-08-25,0.04,2.24,15.11,0.25,1.01,2.32,9.02,178.86,338.42,4.65
2007-08-26,0.04,2.60,12.60,0.24,0.98,2.66,6.30,183.53,318.06,4.29
2007-08-27,0.05,1.83,11.59,0.23,0.92,1.88,6.71,137.08,331.35,3.77
2007-08-28,1.49,1.12,11.06,0.23,0.91,1.20,7.18,94.19,344.08,1.80
2007-08-29,0.01,1.68,11.65,0.23,0.91,1.69,6.76,127.32,334.15,3.12
2007-08-30,0.00,2.22,14.79,0.22,0.86,2.22,8.27,142.03,344.87,5.51
2007-08-31,0.00,2.15,14.19,0.21,0.82,2.15,7.88,124.36,347.28,6.05
2007-09-01,0.56,2.34,13.98,0.20,0.80,2.55,7.75,171.03,328.12,5.12
2007-09-02,0.19,1.83,13.51,0.20,0.81,1.98,7.81,116.48,345.74,5.17
2007-09-03,0.00,1.84,9.95,0.20,0.80,1.84,5.82,160.06,308.61,3.35
2007-09-04,0.00,1.74,10.95,0.19,0.77,1.74,6.48,156.65,315.48,2.77
2007-09-05,0.00,1.90,16.59,0.19,0.76,1.90,9.71,125.36,356.83,4.37
2007-09-06,0.04,1.92,15.82,0.19,0.75,1.95,8.98,144.13,345.12,2.94
2007-09-07,0.00,2.42,14.49,0.18,0.73,2.42,8.10,218.17,308.35,3.20
2007-09-08,0.00,1.73,13.80,0.18,0.72,1.73,7.99,138.32,335.50,3.10
2007-09-09,0.10,1.42,13.03,0.18,0.72,1.52,7.82,96.43,347.68,4.06
2007-09-10,0.00,2.60,12.66,0.18,0.71,2.60,6.43,187.73,303.37,5.75
2007-09-11,0.04,1.61,11.80,0.17,0.69,1.65,6.94,142.15,320.77,2.93
2007-09-12,0.26,1.30,13.50,0.17,0.70,1.34,8.31,110.57,343.10,2.56
2007-09-13,0.89,1.55,13.57,0.17,0.70,1.73,7.55,79.41,355.02,4.22
2007-09-14,0.00,1.92,11.29,0.18,0.70,1.92,6.31,138.36,315.83,5.32
2007-09-15,2.48,1.13,9.42,0.17,0.70,1.32,6.32,93.03,327.71,4.25
2007-09-16,8.19,1.29,12.94,0.22,0.87,1.53,8.16,87.90,347.40,6.48
2007-09-17,1.11,1.17,7.65,0.30,1.20,1.39,5.35,88.71,318.61,4.88
2007-09-18,1.70,1.27,6.64,0.22,0.89,1.50,4.85,108.42,302.93,4.97
2007-09-19,0.29,1.52,11.89,0.21,0.84,1.74,7.25,124.28,323.38,5.34
2007-09-20,2.09,1.45,11.62,0.21,0.82,1.68,6.93,84.40,339.32,5.83
2007-09-21,0.53,0.93,10.44,0.21,0.83,1.07,7.00,79.84,335.84,3.63
2007-09-22,4.23,1.27,11.74,0.20,0.80,1.46,7.26,99.99,331.71,4.54
2007-09-23,13.47,1.36,13.89,0.28,1.10,1.58,8.45,81.71,350.76,6.03
2007-09-24,1.63,0.92,10.64,0.97,3.87,1.13,7.20,71.61,339.18,5.52
2007-09-25,1.55,1.23,9.23,0.49,1.94,1.43,5.87,98.13,316.34,4.38
2007-09-26,3.54,1.22,5.82,0.35,1.38,1.46,4.51,112.21,289.66,5.23
2007-09-27,0.98,0.62,6.56,0.34,1.36,0.81,5.18,31.25,325.44,4.90
2007-09-28,2.06,0.79,8.98,0.36,1.43,0.98,6.36,56.16,336.44,4.77
2007-09-29,0.00,0.78,9.21,0.31,1.24,0.78,6.44,72.86,328.13,3.30
2007-09-30,0.07,0.76,8.45,0.27,1.09,0.80,5.76,91.71,312.16,1.54
2007-10-01,0.03,0.92,8.96,0.24,0.96,0.95,6.20,132.39,291.28,1.97
2007-10-02,0.04,0.91,8.68,0.22,0.89,0.94,6.02,125.05,292.41,2.30
2007-10-03,7.00,0.65,10.78,0.23,0.92,0.77,7.32,51.07,345.66,3.36
2007-10-04,0.04,0.92,10.02,0.33,1.32,0.98,6.62,93.62,315.58,3.81
2007-10-05,0.02,0.84,8.69,0.28,1.11,0.86,6.01,131.42,284.71,1.90
2007-10-06,0.26,0.74,9.87,0.24,0.97,0.83,6.65,101.80,308.16,2.01
2007-10-07,0.49,0.54,9.46,0.23,0.92,0.61,6.76,70.69,324.92,1.88
2007-10-08,9.83,0.58,9.06,0.23,0.92,0.67,6.28,55.75,330.94,2.26
2007-10-09,1.65,0.39,9.90,0.60,2.40,0.49,7.34,45.83,341.54,3.12
2007-10-10,0.02,0.59,10.38,0.54,2.16,0.60,7.12,78.63,321.89,2.28
2007-10-11,0.61,0.90,13.14,0.39,1.54,1.08,8.32,72.67,338.52,4.93
2007-10-12,0.06,0.52,13.57,0.34,1.36,0.56,8.99,61.47,347.37,2.47
2007-10-13,0.55,0.46,12.39,0.30,1.21,0.55,8.43,43.95,352.24,3.13
2007-10-14,0.00,0.70,11.65,0.29,1.14,0.70,7.47,55.30,340.01,3.55
2007-10-15,3.63,0.75,10.90,0.27,1.06,0.92,7.15,44.64,343.20,4.86
2007-10-16,0.11,0.90,9.17,0.38,1.50,1.06,5.95,77.84,307.72,4.62
2007-10-17,0.07,0.82,6.45,0.34,1.35,0.93,4.75,101.48,273.02,3.92
2007-10-18,0.00,0.35,4.47,0.27,1.06,0.35,4.50,71.82,286.71,1.58
2007-10-19,0.00,0.36,6.57,0.25,0.98,0.36,5.35,54.08,310.95,1.86
2007-10-20,0.07,0.49,7.32,0.24,0.95,0.55,5.42,80.20,291.94,2.53
2007-10-21,0.00,0.46,7.03,0.23,0.90,0.46,5.44,59.16,306.96,2.87
2007-10-22,0.02,0.49,7.00,0.22,0.88,0.52,5.43,36.79,324.94,3.32
2007-10-23,0.09,0.37,5.33,0.21,0.86,0.41,4.83,99.11,262.71,2.46
2007-10-24,0.04,0.25,4.11,0.21,0.83,0.27,4.59,62.91,286.53,1.95
2007-10-25,0.00,0.38,6.89,0.21,0.83,0.38,5.40,39.48,319.88,2.46
2007-10-26,0.03,0.64,8.57,0.21,0.82,0.69,6.06,29.05,335.78,5.23
2007-10-27,7.12,0.42,10.42,0.20,0.82,0.57,7.42,34.03,341.89,5.47
2007-10-28,4.06,0.81,10.58,0.60,2.40,1.04,6.83,67.67,309.79,6.50
2007-10-29,0.01,0.64,6.36,0.68,2.70,0.65,4.88,80.94,272.16,4.81
2007-10-30,0.07,0.45,7.55,0.39,1.55,0.53,5.67,54.29,304.47,4.02
2007-10-31,0.00,1.08,12.05,0.31,1.23,1.08,7.14,42.01,337.96,6.50
2007-11-01,0.00,0.61,12.59,0.27,1.08,0.63,8.20,27.73,354.91,5.57
2007-11-02,0.00,0.50,12.35,0.26,1.02,0.51,7.90,50.86,329.25,4.15
2007-11-03,0.00,0.51,8.74,0.24,0.96,0.51,5.86,38.76,321.44,3.39
2007-11-04,0.36,0.12,5.45,0.22,0.90,0.15,5.13,36.92,307.31,1.75
2007-11-05,0.21,0.85,8.18,0.22,0.88,1.08,5.50,39.93,314.82,6.19
2007-11-06,0.06,0.94,7.18,0.21,0.85,1.02,4.69,55.02,288.20,5.67
2007-11-07,0.15,1.34,10.23,0.21,0.82,1.50,5.81,42.30,318.94,7.49
2007-11-08,1.87,1.12,7.22,0.20,0.82,1.42,4.81,52.17,289.84,8.10
2007-11-09,2.28,0.98,4.97,0.20,0.81,1.25,3.92,48.64,280.09,6.51
2007-11-10,1.77,0.66,9.12,0.21,0.85,0.88,6.28,22.99,337.46,6.18
2007-11-11,0.19,0.64,4.85,0.23,0.92,0.76,4.28,40.31,290.22,5.48
2007-11-12,3.83,0.27,0.79,0.23,0.91,0.36,3.13,47.77,258.61,3.04
2007-11-13,1.89,0.42,5.42,0.32,1.27,0.57,4.87,27.41,310.43,4.73
2007-11-14,0.24,0.07,4.36,0.35,1.39,0.08,4.70,29.82,301.53,1.76
2007-11-15,0.04,0.03,2.89,0.30,1.18,0.03,4.25,36.57,283.93,1.68
2007-11-16,0.06,0.06,3.86,0.26,1.04,0.08,4.62,33.15,292.94,2.63
2007-11-17,14.79,0.56,6.60,0.26,1.02,0.77,5.21,24.76,316.91,5.96
2007-11-18,7.36,0.15,3.54,2.04,8.17,0.24,4.63,10.82,311.32,5.12
2007-11-19,6.42,0.34,5.17,3.20,12.80,0.54,5.06,10.61,319.28,7.38
2007-11-20,12.42,0.20,5.79,3.33,13.30,0.28,5.41,19.16,320.66,4.40
2007-11-21,2.20,0.01,6.50,4.20,16.80,0.02,5.90,10.19,326.64,3.18
2007-11-22,2.96,0.42,4.02,2.23,8.89,0.59,4.39,17.70,311.63,5.04
2007-11-23,1.84,0.35,-0.10,1.21,4.82,0.49,2.84,43.63,245.91,4.24
2007-11-24,0.60,0.68,4.46,0.95,3.79,0.96,4.32,24.14,300.90,7.60
2007-11-25,0.00,0.57,4.17,0.81,3.23,0.57,4.06,17.31,309.94,4.45
2007-11-26,0.47,0.06,2.74,0.63,2.50,0.08,4.03,9.29,305.94,1.70
2007-11-27,0.51,0.05,5.50,0.56,2.23,0.07,5.46,15.86,321.26,2.94
2007-11-28,6.61,0.26,7.28,0.74,2.95,0.37,5.94,15.50,329.94,5.04
2007-11-29,2.56,0.34,4.63,1.33,5.32,0.50,4.46,35.90,277.75,5.39
2007-11-30,10.72,0.10,7.05,3.25,13.00,0.15,6.02,16.96,325.53,4.22
2007-12-01,6.01,0.46,4.52,4.15,16.60,0.68,4.55,21.11,302.49,6.67
2007-12-02,2.51,0.22,3.97,2.78,11.10,0.32,4.60,16.02,309.99,4.33
2007-12-03,0.55,0.53,3.49,1.48,5.93,0.75,3.95,27.11,283.04,6.21
2007-12-04,4.08,0.39,6.74,1.07,4.28,0.56,5.56,14.43,326.38,6.08
2007-12-05,6.08,0.94,9.49,2.06,8.23,1.25,6.13,23.29,320.81,9.44
2007-12-06,3.04,0.69,7.54,2.44,9.75,0.92,5.46,13.82,330.19,6.52
2007-12-07,0.01,0.86,4.66,1.39,5.56,0.89,4.10,19.70,300.73,7.69
2007-12-08,15.18,0.19,2.15,3.28,13.10,0.29,4.07,7.82,303.79,5.13
2007-12-09,26.52,0.24,3.94,11.79,47.10,0.37,4.63,16.55,306.09,5.70
2007-12-10,0.21,0.28,1.89,8.08,32.30,0.40,3.55,34.69,256.46,5.17
2007-12-11,0.04,0.00,0.09,2.04,8.17,0.00,3.49,28.42,262.11,1.93
2007-12-12,0.11,0.11,2.76,1.28,5.10,0.15,4.16,16.74,298.34,3.20
2007-12-13,0.04,0.14,2.64,1.02,4.06,0.17,4.05,25.61,278.51,4.56
2007-12-14,0.03,0.10,0.86,0.81,3.25,0.10,3.72,15.88,290.63,3.71
2007-12-15,0.00,0.02,-0.42,0.66,2.64,0.02,3.41,20.24,275.10,3.20
2007-12-16,0.04,0.08,-1.76,0.62,2.47,0.09,2.91,17.52,272.82,2.89
2007-12-17,0.15,0.00,-2.23,0.55,2.18,0.00,3.12,23.41,260.80,2.50
2007-12-18,0.00,0.09,1.53,0.56,2.24,0.09,3.79,14.16,296.82,2.61
2007-12-19,0.00,0.00,-0.60,0.57,2.28,0.00,3.41,28.44,257.86,2.30
2007-12-20,0.00,0.00,-1.30,0.54,2.15,0.00,3.34,18.19,275.49,2.30
2007-12-21,0.00,0.00,-3.31,0.50,2.00,0.00,2.95,16.93,268.82,2.43
2007-12-22,0.73,0.00,-1.44,0.45,1.81,0.00,3.36,13.88,284.15,2.81
2007-12-23,8.06,0.07,1.57,0.46,1.82,0.11,3.87,24.55,275.30,4.43
2007-12-24,0.82,0.14,4.31,1.87,7.46,0.21,4.84,13.55,313.17,4.16
2007-12-25,2.13,0.00,0.61,1.12,4.49,0.00,3.87,20.66,280.29,2.86
2007-12-26,7.65,0.40,5.12,1.16,4.62,0.60,4.91,13.19,317.63,6.54
2007-12-27,17.50,0.70,7.88,5.28,21.10,0.97,5.72,13.26,331.30,7.95
2007-12-28,8.34,0.27,7.55,14.57,58.20,0.43,6.07,16.95,322.85,7.08
2007-12-29,7.42,0.38,3.23,8.79,35.10,0.56,4.16,18.80,295.83,6.07
2007-12-30,1.08,0.00,2.31,3.35,13.40,0.00,4.31,18.94,293.21,1.65
2007-12-31,8.75,0.00,4.54,2.70,10.80,0.00,5.19,7.69,316.95,2.52
2008-01-01,21.78,0.00,5.65,15.97,63.80,0.00,5.77,7.77,322.76,2.49
2008-01-02,1.27,0.41,3.19,7.03,28.10,0.62,4.21,13.67,308.03,6.35
2008-01-03,16.82,0.35,-0.12,2.78,11.10,0.55,3.28,14.96,288.42,6.22
2008-01-04,4.11,0.14,1.47,4.76,19.00,0.25,4.05,14.29,299.90,6.42
2008-01-05,1.21,0.44,3.69,9.86,39.40,0.65,4.26,19.81,297.92,6.47
2008-01-06,8.95,0.22,2.93,4.20,16.80,0.33,4.04,31.72,270.54,5.19
2008-01-07,4.01,0.31,2.13,4.46,17.80,0.49,3.88,23.52,283.94,6.20
2008-01-08,11.23,0.29,3.17,6.16,24.60,0.46,4.32,8.46,308.78,6.26
2008-01-09,9.10,0.87,2.57,5.46,21.80,1.25,3.58,28.75,274.63,11.07
2008-01-10,8.92,0.15,3.02,12.51,50.00,0.23,4.45,17.56,303.49,4.85
2008-01-11,0.04,0.02,0.36,3.60,14.40,0.02,3.65,21.82,282.42,2.75
2008-01-12,4.36,0.00,-0.27,2.03,8.11,0.00,3.55,27.86,269.26,2.66
2008-01-13,4.55,0.37,6.34,3.05,12.20,0.57,5.54,15.81,325.24,7.43
2008-01-14,7.01,0.15,4.42,6.31,25.20,0.24,4.95,18.66,310.95,5.01
2008-01-15,2.15,0.04,3.37,3.68,14.70,0.06,4.73,16.63,310.35,3.25
2008-01-16,0.70,0.06,1.93,2.30,9.19,0.10,3.99,28.66,281.27,3.39
2008-01-17,4.25,0.12,2.24,2.47,9.88,0.18,4.27,17.44,303.99,4.24
2008-01-18,8.62,0.54,6.59,5.28,21.10,0.79,5.42,17.30,326.12,7.60
2008-01-19,1.81,0.41,4.82,3.90,15.60,0.56,4.50,26.45,300.58,4.55
2008-01-20,3.85,0.11,4.95,2.14,8.57,0.15,5.11,21.25,312.95,3.31
2008-01-21,16.29,0.15,2.86,5.21,20.80,0.22,4.33,10.67,307.59,4.18
2008-01-22,4.05,0.12,0.83,5.38,21.50,0.18,3.69,10.89,297.01,3.66
2008-01-23,5.27,0.42,8.38,12.46,49.80,0.61,6.29,21.62,331.43,6.52
2008-01-24,2.41,0.87,3.80,4.61,18.40,1.18,3.83,37.76,279.96,8.09
2008-01-25,5.78,1.22,7.77,4.41,17.60,1.59,5.30,24.11,324.16,11.86
2008-01-26,1.37,1.04,7.43,5.01,20.00,1.37,5.24,21.52,327.49,9.36
2008-01-27,0.00,1.00,8.22,2.60,10.40,1.00,5.29,33.79,312.66,7.10
2008-01-28,1.55,0.57,6.66,1.55,6.18,0.77,5.18,30.88,311.58,5.67
2008-01-29,6.09,0.23,5.87,3.03,12.10,0.34,5.38,12.64,322.95,5.16
2008-01-30,15.32,0.59,2.77,2.75,11.00,0.85,3.78,46.75,270.92,6.79
2008-01-31,4.83,0.86,2.84,10.59,42.30,1.25,3.84,37.83,284.73,12.46
2008-02-01,5.85,0.76,1.32,4.28,17.10,1.09,3.37,28.20,291.42,8.95
2008-02-02,5.46,0.33,-0.06,3.88,15.50,0.51,3.35,37.64,276.64,5.78
2008-02-03,0.41,0.94,4.46,7.21,28.80,1.26,4.22,24.69,313.12,9.29
2008-02-04,8.32,0.52,3.21,3.43,13.70,0.73,4.09,40.13,291.36,5.94
2008-02-05,2.45,0.28,3.88,5.73,22.90,0.40,4.67,30.07,307.82,4.72
2008-02-06,1.29,0.51,3.02,2.70,10.80,0.68,3.78,76.05,254.64,4.50
2008-02-07,0.27,0.55,6.93,1.90,7.58,0.75,5.52,32.43,321.72,6.14
2008-02-08,1.57,0.82,7.85,1.71,6.85,1.08,5.61,41.26,317.60,7.37
2008-02-09,0.02,0.67,7.10,1.57,6.27,0.71,5.19,55.15,300.46,4.91
2008-02-10,0.03,0.12,3.89,1.13,4.51,0.13,4.67,65.07,278.82,1.55
2008-02-11,0.07,0.23,2.55,0.92,3.68,0.26,3.82,75.44,261.61,1.86
2008-02-12,0.04,0.29,3.06,0.80,3.19,0.31,3.55,88.19,251.32,1.54
2008-02-13,0.11,0.24,2.20,0.71,2.83,0.27,3.60,94.12,245.90,1.44
2008-02-14,0.03,0.21,2.45,0.68,2.73,0.23,4.26,39.80,298.00,2.72
2008-02-15,0.00,0.39,1.88,0.63,2.53,0.39,3.62,41.62,292.10,2.90
2008-02-16,0.00,0.36,-0.83,0.57,2.28,0.36,2.90,103.19,229.79,2.41
2008-02-17,0.07,0.30,-0.49,0.53,2.11,0.33,3.02,93.54,240.49,1.81
2008-02-18,0.06,0.26,0.02,0.50,2.01,0.28,3.11,86.58,249.43,1.27
2008-02-19,0.08,0.27,-1.46,0.47,1.87,0.30,2.77,74.57,252.83,1.57
2008-02-20,0.94,0.40,0.30,0.47,1.87,0.54,3.37,43.95,286.62,3.83
2008-02-21,7.92,1.03,7.65,0.68,2.72,1.37,5.52,41.16,326.80,10.03
2008-02-22,3.22,1.37,6.87,2.85,11.40,1.72,4.80,60.46,307.09,10.32
2008-02-23,1.85,0.96,7.37,1.75,7.00,1.26,5.41,42.15,325.93,8.28
2008-02-24,0.15,1.12,6.09,1.49,5.96,1.39,4.56,69.71,298.12,6.88
2008-02-25,7.11,0.84,4.27,1.66,6.63,1.14,4.29,42.79,310.35,7.63
2008-02-26,1.24,1.54,6.48,2.53,10.10,1.91,4.53,95.36,283.11,10.87
2008-02-27,0.04,1.21,4.72,1.19,4.74,1.29,3.90,97.77,273.16,6.21
2008-02-28,0.95,0.71,4.30,0.81,3.23,0.90,4.27,64.97,297.20,4.23
2008-02-29,16.06,0.85,5.59,7.66,30.60,1.17,4.90,46.03,318.01,9.16
2008-03-01,1.05,1.55,5.79,3.65,14.60,1.91,4.26,104.16,280.21,10.00
2008-03-02,1.51,1.23,5.18,1.48,5.92,1.52,4.19,83.30,291.75,7.01
2008-03-03,0.35,0.97,1.23,1.05,4.18,1.24,3.18,111.25,256.67,5.71
2008-03-04,0.08,0.94,1.12,0.81,3.22,1.05,3.07,124.47,249.21,4.11
2008-03-05,0.17,0.89,3.51,0.74,2.94,1.12,4.01,77.52,290.94,5.93
2008-03-06,1.41,1.20,8.10,0.72,2.87,1.49,5.44,50.26,330.96,7.58
2008-03-07,6.10,1.20,4.96,0.70,2.78,1.51,4.34,107.47,282.79,7.92
2008-03-08,8.23,1.04,6.06,4.36,17.40,1.36,4.98,77.98,306.91,8.90
2008-03-09,4.98,0.97,3.34,2.53,10.10,1.22,3.94,103.97,278.99,5.63
2008-03-10,6.92,0.58,3.05,4.83,19.30,0.81,4.31,58.72,304.15,6.09
2008-03-11,4.69,1.01,4.27,3.23,12.90,1.28,4.25,94.51,290.65,6.24
2008-03-12,0.53,1.46,4.14,2.83,11.30,1.82,3.86,112.52,279.62,9.80
2008-03-13,5.80,1.04,4.15,2.11,8.44,1.32,4.15,88.68,294.27,6.30
2008-03-14,1.91,1.22,4.99,2.02,8.09,1.42,4.16,132.02,276.47,3.95
2008-03-15,1.10,0.65,4.76,1.49,5.97,0.80,4.76,68.73,310.25,3.31
2008-03-16,0.80,1.00,4.50,1.23,4.90,1.26,4.33,81.22,302.16,6.06
2008-03-17,0.00,1.11,2.24,0.94,3.76,1.11,3.14,96.87,280.47,3.92
2008-03-18,0.00,1.11,2.48,0.74,2.96,1.11,3.13,77.84,291.03,4.11
2008-03-19,3.43,1.24,3.03,0.63,2.52,1.46,3.35,119.36,275.64,4.01
2008-03-20,3.65,1.27,6.16,1.52,6.07,1.59,4.73,76.59,314.81,8.05
2008-03-21,2.41,1.49,2.23,1.10,4.38,1.86,3.25,123.90,271.93,9.81
2008-03-22,5.37,1.30,1.15,1.28,5.11,1.63,3.02,120.72,268.93,7.39
2008-03-23,0.73,0.91,0.62,1.48,5.90,1.12,3.21,112.38,272.87,4.05
2008-03-24,0.31,1.18,-0.23,1.07,4.28,1.43,2.72,144.32,253.96,4.80
2008-03-25,0.06,1.05,0.31,0.79,3.15,1.12,2.89,112.20,270.97,4.39
2008-03-26,1.49,0.69,1.22,0.75,3.00,0.82,3.61,89.63,288.46,2.49
2008-03-27,8.59,0.83,3.07,0.92,3.66,0.98,4.22,107.76,291.61,2.93
2008-03-28,4.65,0.84,4.12,4.76,19.00,1.11,4.53,81.44,307.80,6.39
2008-03-29,7.85,1.23,4.97,3.33,13.30,1.52,4.49,113.81,298.58,6.91
2008-03-30,1.17,1.31,5.53,4.18,16.70,1.54,4.61,133.80,294.02,4.71
2008-03-31,3.33,1.51,5.70,1.78,7.10,1.69,4.48,168.69,281.05,3.25
2008-04-01,1.77,1.88,7.42,2.08,8.31,2.21,5.02,165.54,292.92,9.01
2008-04-02,0.00,1.82,7.95,1.29,5.14,1.82,4.98,156.79,298.69,4.61
2008-04-03,0.00,1.43,9.38,0.85,3.40,1.43,6.16,129.86,319.26,3.46
2008-04-04,4.65,1.61,8.10,0.74,2.95,1.84,5.24,126.98,312.79,4.87
2008-04-05,2.42,1.26,2.46,0.91,3.63,1.51,3.65,144.63,278.80,5.19
2008-04-06,7.31,1.15,0.15,1.19,4.74,1.42,3.03,142.26,268.36,5.38
2008-04-07,3.04,1.00,2.07,1.99,7.95,1.19,3.72,118.49,287.85,3.51
2008-04-08,3.95,0.92,2.15,1.65,6.59,1.04,3.87,117.18,289.82,2.05
2008-04-09,2.38,1.01,3.10,1.92,7.67,1.16,4.00,114.97,295.14,2.61
2008-04-10,5.23,0.88,3.55,2.13,8.53,1.02,4.36,99.31,303.99,2.67
2008-04-11,5.25,1.04,3.43,2.95,11.80,1.21,4.38,132.21,293.47,3.28
2008-04-12,4.44,0.97,3.61,3.28,13.10,1.16,4.34,110.25,301.35,3.58
2008-04-13,0.59,1.18,3.95,2.29,9.13,1.32,4.21,131.84,295.59,2.48
2008-04-14,1.65,1.60,3.46,1.25,4.99,1.80,3.70,180.82,275.88,3.50
2008-04-15,2.22,1.26,2.62,1.21,4.84,1.43,3.89,159.57,281.48,2.81
2008-04-16,1.16,1.34,2.98,1.08,4.30,1.55,3.75,147.20,286.23,3.80
2008-04-17,11.61,1.49,3.48,2.41,9.63,1.77,3.94,169.13,282.79,6.00
2008-04-18,0.98,1.24,4.70,4.58,18.30,1.53,4.58,132.45,301.99,6.59
2008-04-19,0.03,1.73,4.84,1.74,6.95,1.81,4.27,183.35,285.99,6.66
2008-04-20,0.00,1.49,5.19,1.01,4.04,1.49,4.71,171.85,293.47,5.63
2008-04-21,0.00,1.57,6.41,0.77,3.09,1.57,4.98,156.00,304.26,4.78
2008-04-22,0.00,1.67,6.79,0.66,2.65,1.67,5.11,169.62,302.63,3.99
2008-04-23,2.03,1.17,6.98,0.62,2.47,1.31,5.51,113.64,321.40,2.72
2008-04-24,1.00,1.61,7.23,0.61,2.45,1.81,5.27,153.68,310.43,3.97
2008-04-25,0.85,1.39,8.38,0.55,2.18,1.61,5.81,111.42,329.23,4.72
2008-04-26,2.90,1.79,10.70,0.58,2.33,2.04,6.45,114.45,340.04,5.93
2008-04-27,17.36,1.61,8.89,2.90,11.60,1.72,6.31,157.34,320.33,1.91
2008-04-28,0.35,1.25,6.86,4.71,18.80,1.37,5.48,123.58,319.48,2.80
2008-04-29,14.50,1.94,6.69,1.42,5.66,2.10,5.19,211.50,293.88,2.83
2008-04-30,6.77,1.20,6.76,7.28,29.10,1.43,5.53,120.57,320.55,5.04
2008-05-01,0.84,1.65,7.38,3.43,13.70,1.86,5.36,154.93,314.05,4.27
2008-05-02,0.46,2.37,7.93,1.43,5.73,2.54,5.08,229.86,295.25,2.99
2008-05-03,5.40,1.89,10.26,0.94,3.74,2.07,5.95,132.63,334.16,3.65
2008-05-04,6.69,1.43,11.91,3.33,13.30,1.60,7.49,98.43,352.39,4.06
2008-05-05,0.00,2.51,11.73,2.11,8.42,2.51,7.16,223.22,320.54,2.31
2008-05-06,0.00,3.29,11.84,0.99,3.96,3.29,6.43,286.12,302.19,3.38
2008-05-07,0.00,3.50,12.10,0.69,2.75,3.50,6.64,310.78,298.20,3.37
2008-05-08,0.00,3.81,12.39,0.56,2.23,3.81,6.30,324.63,294.15,3.73
2008-05-09,0.22,2.64,12.70,0.49,1.94,2.78,7.02,204.81,330.03,3.08
2008-05-10,0.09,2.49,14.19,0.44,1.76,2.52,8.11,195.72,341.34,1.69
2008-05-11,0.00,2.24,12.76,0.40,1.58,2.24,7.98,190.77,336.45,3.26
2008-05-12,0.00,2.15,10.83,0.36,1.45,2.15,6.92,192.99,326.00,4.32
2008-05-13,0.00,2.30,9.15,0.34,1.35,2.30,5.77,206.24,312.87,4.41
2008-05-14,0.00,2.60,8.18,0.32,1.28,2.60,5.09,244.16,297.21,3.75
2008-05-15,0.00,2.12,8.73,0.31,1.24,2.12,5.42,181.66,316.64,2.88
2008-05-16,0.35,1.67,8.71,0.31,1.22,1.77,5.71,142.15,327.40,1.93
2008-05-17,0.96,1.61,7.46,0.30,1.20,1.80,5.37,141.86,321.47,3.77
2008-05-18,0.23,2.38,6.38,0.30,1.18,2.54,4.34,229.52,291.88,3.08
2008-05-19,0.00,2.76,6.53,0.28,1.11,2.76,4.17,273.73,280.68,2.39
2008-05-20,0.00,2.56,7.44,0.26,1.04,2.56,4.52,236.22,295.46,2.61
2008-05-21,0.00,2.23,8.46,0.25,1.00,2.23,5.04,178.82,316.14,3.55
2008-05-22,0.00,2.45,10.41,0.25,0.98,2.45,6.02,191.04,324.59,4.46
2008-05-23,0.00,2.10,10.48,0.24,0.94,2.10,6.34,159.76,333.37,4.74
2008-05-24,0.00,2.41,9.20,0.23,0.91,2.41,5.60,200.16,316.56,5.64
2008-05-25,0.00,3.00,10.20,0.22,0.88,3.00,6.05,277.02,304.03,6.90
2008-05-26,0.00,3.12,10.03,0.21,0.84,3.12,5.59,262.46,305.07,7.25
2008-05-27,2.20,1.03,9.35,0.21,0.85,1.29,6.42,65.17,339.95,6.59
2008-05-28,0.86,0.58,10.51,0.23,0.94,0.74,7.78,65.39,345.98,4.46
2008-05-29,4.63,2.77,13.52,0.24,0.95,2.92,7.88,218.68,336.97,3.18
2008-05-30,0.13,1.40,12.03,0.25,0.99,1.44,8.05,114.85,352.81,2.79
2008-05-31,0.01,3.55,13.33,0.24,0.95,3.57,7.39,292.63,318.50,3.24
2008-06-01,6.69,1.40,10.31,0.27,1.06,1.58,7.23,126.78,342.09,3.80
2008-06-02,3.48,1.52,12.47,0.29,1.16,1.61,8.31,124.86,352.92,1.88
2008-06-03,2.41,1.48,12.39,0.31,1.22,1.59,8.25,121.85,353.25,2.14
2008-06-04,0.00,3.69,12.40,0.30,1.19,3.69,6.60,311.95,305.88,2.79
2008-06-05,0.19,2.60,12.17,0.24,0.94,2.69,7.09,211.84,330.96,2.16
2008-06-06,0.40,1.91,12.05,0.22,0.87,2.02,7.64,155.70,344.27,2.11
2008-06-07,0.04,2.43,12.62,0.21,0.85,2.47,8.02,207.77,335.91,2.26
2008-06-08,0.00,3.77,14.21,0.20,0.80,3.77,7.54,298.37,320.23,2.85
2008-06-09,0.00,3.56,15.06,0.19,0.75,3.56,8.05,259.06,334.61,4.67
2008-06-10,0.00,3.79,12.99,0.19,0.74,3.79,6.06,252.86,321.32,5.98
2008-06-11,4.65,2.70,11.03,0.19,0.75,2.90,6.04,200.77,326.49,4.50
2008-06-12,0.00,2.20,9.41,0.20,0.80,2.20,5.51,168.54,326.06,3.48
2008-06-13,1.56,2.30,9.23,0.19,0.75,2.47,5.28,176.74,322.62,3.39
2008-06-14,0.05,2.59,9.09,0.18,0.74,2.66,5.16,209.31,313.68,3.85
2008-06-15,0.03,2.66,9.07,0.18,0.71,2.70,5.17,226.45,309.50,2.99
2008-06-16,0.06,2.68,10.19,0.17,0.69,2.75,5.58,215.43,318.20,2.86
2008-06-17,6.59,1.86,10.65,0.18,0.71,2.06,6.33,121.34,344.69,4.35
2008-06-18,8.55,2.31,11.86,0.21,0.85,2.53,7.11,176.47,338.55,5.34
2008-06-19,0.15,3.24,11.65,0.29,1.17,3.37,6.52,271.79,313.81,6.25
2008-06-20,0.75,3.84,11.15,0.23,0.90,4.05,5.47,313.85,296.81,4.80
2008-06-21,30.57,1.90,9.14,0.58,2.32,2.08,6.26,174.31,325.74,3.68
2008-06-22,12.27,1.79,11.79,3.60,14.40,2.06,7.68,151.34,344.52,7.09
2008-06-23,0.23,3.17,10.83,2.50,10.00,3.35,5.83,261.39,310.40,4.14
2008-06-24,5.81,2.06,10.28,0.76,3.02,2.22,6.29,164.33,332.88,3.18
2008-06-25,4.18,2.30,12.71,0.82,3.27,2.53,7.79,183.70,341.60,5.69
2008-06-26,5.26,2.42,11.64,1.10,4.41,2.66,6.91,188.03,334.39,5.59
2008-06-27,4.02,2.22,12.64,0.94,3.74,2.42,7.60,166.77,344.75,4.67
2008-06-28,1.04,2.49,14.29,0.76,3.03,2.70,8.37,176.43,350.79,5.33
2008-06-29,0.95,2.94,12.79,0.50,2.00,3.17,7.12,221.15,331.81,5.60
2008-06-30,0.00,2.78,13.07,0.39,1.54,2.78,7.02,189.36,340.22,4.62
2008-07-01,9.01,3.56,15.99,0.35,1.39,3.74,8.27,235.41,343.55,4.71
2008-07-02,0.15,2.68,14.05,0.60,2.38,2.74,8.02,198.73,343.44,3.56
2008-07-03,2.66,2.24,12.80,0.40,1.59,2.37,8.02,186.12,340.79,2.64
2008-07-04,0.00,3.27,13.96,0.33,1.30,3.27,7.70,258.66,327.75,2.86
2008-07-05,9.99,1.90,12.33,0.47,1.89,2.10,7.92,158.28,344.72,4.64
2008-07-06,13.98,1.33,12.10,0.97,3.87,1.51,8.40,121.76,351.79,3.96
2008-07-07,0.13,1.73,11.75,3.75,15.00,1.82,7.50,138.77,346.08,2.41
2008-07-08,1.34,2.17,11.95,1.02,4.06,2.33,7.51,183.48,336.44,3.49
2008-07-09,20.64,1.80,12.55,0.88,3.52,1.95,8.23,153.16,346.75,3.23
2008-07-10,18.58,1.64,12.22,13.54,54.10,1.84,8.14,143.03,347.37,4.87
2008-07-11,2.22,1.48,11.04,5.11,20.40,1.64,7.35,121.48,346.39,3.16
2008-07-12,0.61,1.83,10.88,2.05,8.20,2.03,6.70,134.09,341.93,4.24
2008-07-13,0.00,2.72,12.71,1.03,4.10,2.72,6.92,204.26,332.50,3.34
2008-07-14,0.35,2.56,15.87,0.68,2.71,2.67,9.41,181.58,355.66,4.90
2008-07-15,0.74,3.36,15.60,0.55,2.21,3.59,8.38,226.60,342.08,6.12
2008-07-16,2.74,2.60,12.65,0.44,1.76,2.83,6.83,165.97,341.36,5.61
2008-07-17,5.29,1.47,11.99,0.47,1.87,1.62,8.16,129.34,348.58,3.29
2008-07-18,4.02,1.37,13.04,0.67,2.66,1.53,8.75,114.99,356.59,3.43
2008-07-19,1.85,2.25,12.25,0.99,3.96,2.46,7.44,180.75,336.49,4.90
2008-07-20,0.20,2.70,10.91,0.63,2.53,2.86,5.94,198.00,322.38,5.59
2008-07-21,0.00,3.66,12.50,0.41,1.65,3.66,6.31,299.78,301.91,4.01
2008-07-22,0.02,3.00,16.47,0.32,1.29,3.03,9.44,216.33,348.72,4.13
2008-07-23,0.00,2.51,17.15,0.30,1.19,2.51,10.31,183.93,359.94,2.60
2008-07-24,0.00,2.38,15.57,0.28,1.13,2.38,9.41,178.60,353.13,3.92
2008-07-25,0.00,2.61,16.26,0.27,1.08,2.61,9.62,189.24,353.70,4.24
2008-07-26,0.24,2.84,16.37,0.25,1.01,2.87,10.12,227.59,345.76,1.90
2008-07-27,0.00,2.31,16.35,0.24,0.95,2.31,10.12,180.88,355.93,1.63
2008-07-28,0.02,2.34,16.34,0.23,0.90,2.36,10.31,186.82,354.44,2.98
2008-07-29,0.09,2.07,16.05,0.22,0.87,2.13,10.16,162.39,358.26,3.64
2008-07-30,0.09,2.42,16.38,0.21,0.85,2.53,9.69,171.73,357.22,3.82
2008-07-31,29.62,1.80,16.81,0.24,0.97,1.95,10.49,126.23,369.59,3.56
2008-08-01,1.12,2.16,15.24,1.41,5.65,2.35,9.48,170.28,351.25,4.63
2008-08-02,5.54,2.15,14.27,0.71,2.82,2.32,8.62,165.70,346.98,3.96
2008-08-03,5.26,1.95,13.62,0.59,2.36,2.09,8.21,148.63,347.92,3.07
2008-08-04,0.53,2.15,14.08,0.67,2.66,2.27,8.32,167.54,344.70,2.57
2008-08-05,7.61,1.80,13.21,0.46,1.83,1.93,8.61,157.90,343.47,2.73
2008-08-06,12.46,0.57,14.10,2.50,10.00,0.68,9.69,57.14,362.09,3.29
2008-08-07,1.35,1.30,13.08,3.78,15.10,1.46,8.68,106.84,355.57,3.90
2008-08-08,0.11,1.98,12.11,1.19,4.74,2.10,6.93,146.00,338.62,3.13
2008-08-09,19.84,1.13,12.30,0.93,3.70,1.29,8.60,108.13,351.12,3.62
2008-08-10,5.35,2.25,14.22,7.88,31.50,2.46,8.54,174.23,341.72,5.44
2008-08-11,0.71,1.83,13.66,2.65,10.60,2.03,8.17,120.92,353.52,5.04
2008-08-12,22.59,1.15,12.39,5.46,21.80,1.28,8.39,97.79,353.70,3.10
2008-08-13,10.79,1.49,12.71,16.22,64.80,1.63,8.02,116.18,349.79,3.02
2008-08-14,5.84,1.68,12.19,7.61,30.40,1.82,7.55,137.25,340.58,2.78
2008-08-15,1.29,1.63,13.04,2.98,11.90,1.76,7.80,119.16,349.71,2.86
2008-08-16,6.78,1.93,13.42,1.54,6.14,2.11,7.91,137.66,345.65,4.29
2008-08-17,3.14,1.59,13.57,2.63,10.50,1.76,8.52,122.40,351.01,4.15
2008-08-18,4.92,1.17,12.92,2.55,10.20,1.33,8.74,103.81,353.00,3.74
2008-08-19,3.31,1.17,13.92,2.29,9.13,1.33,9.38,103.52,357.35,3.78
2008-08-20,1.81,1.23,13.40,1.47,5.88,1.36,8.77,99.90,355.87,3.12
2008-08-21,3.90,1.40,12.86,1.13,4.50,1.54,8.36,120.28,346.96,3.03
2008-08-22,0.61,1.34,11.17,1.32,5.28,1.50,7.21,105.29,342.69,3.60
2008-08-23,1.20,2.03,12.63,0.94,3.76,2.20,7.20,153.89,332.70,3.79
2008-08-24,0.06,2.36,14.22,0.69,2.76,2.42,8.05,171.68,334.86,5.30
2008-08-25,4.32,1.73,14.30,0.69,2.74,1.97,8.66,107.79,356.21,6.58
2008-08-26,2.10,0.68,13.43,0.97,3.87,0.83,8.86,47.73,359.60,4.51
2008-08-27,0.31,1.61,15.19,1.11,4.44,1.81,9.30,103.44,361.13,5.48
2008-08-28,0.00,2.23,16.20,0.86,3.43,2.23,9.69,168.12,345.32,5.13
2008-08-29,0.01,1.73,16.11,0.57,2.26,1.74,9.90,141.17,353.07,2.25
2008-08-30,0.08,0.72,16.78,0.46,1.83,0.74,10.32,45.66,375.11,2.62
2008-08-31,2.68,0.87,14.68,0.44,1.76,0.93,9.87,77.83,364.66,1.60
2008-09-01,1.01,1.83,12.38,0.45,1.80,2.01,7.59,164.64,323.06,3.90
2008-09-02,3.65,1.50,10.30,0.43,1.73,1.63,6.70,147.06,318.10,2.58
2008-09-03,11.88,1.22,9.74,1.60,6.38,1.41,6.62,108.92,329.21,4.22
2008-09-04,0.15,1.42,9.75,2.08,8.32,1.55,6.46,141.03,316.18,2.89
2008-09-05,50.23,0.76,9.52,16.42,65.60,0.94,7.22,86.54,336.45,4.69
2008-09-06,38.40,0.87,11.96,53.56,214.00,1.13,7.84,41.94,352.86,7.85
2008-09-07,7.37,0.94,11.91,21.48,85.80,1.14,8.07,76.54,350.61,5.22
2008-09-08,1.82,1.20,11.78,5.76,23.00,1.31,7.60,111.18,336.14,2.32
2008-09-09,11.73,0.75,11.40,6.11,24.40,0.90,8.06,72.56,348.96,3.94
2008-09-10,1.30,1.58,12.75,4.46,17.80,1.81,7.61,96.59,345.08,6.01
2008-09-11,0.41,1.65,14.37,2.21,8.83,1.88,8.41,91.04,354.96,5.97
2008-09-12,12.18,0.83,12.54,2.44,9.73,0.92,8.35,74.41,352.45,2.12
2008-09-13,0.06,0.93,13.11,5.76,23.00,1.01,8.85,88.47,349.27,3.73
2008-09-14,0.85,1.06,11.96,2.06,8.23,1.16,7.83,100.85,337.91,2.49
2008-09-15,4.34,0.98,11.49,1.33,5.30,1.12,7.25,65.17,349.90,3.22
2008-09-16,2.48,0.37,10.24,1.42,5.67,0.44,7.22,36.55,344.64,2.49
2008-09-17,0.00,0.87,10.75,1.36,5.43,0.87,7.20,85.75,336.50,1.87
2008-09-18,1.65,1.14,11.34,1.01,4.03,1.28,7.13,97.54,332.99,3.12
2008-09-19,0.02,1.04,12.54,0.89,3.55,1.06,8.03,94.32,340.42,2.94
2008-09-20,0.02,1.31,13.40,0.75,3.01,1.34,8.32,125.48,329.97,3.12
2008-09-21,0.41,1.28,12.49,0.64,2.56,1.39,7.30,112.14,329.04,2.53
2008-09-22,0.08,1.12,10.19,0.57,2.27,1.25,6.62,105.16,320.56,3.64
2008-09-23,1.16,0.94,9.06,0.53,2.10,1.08,6.13,87.36,322.69,3.01
2008-09-24,0.02,0.86,10.67,0.53,2.10,0.88,6.99,71.10,338.73,2.95
2008-09-25,0.04,0.75,10.84,0.46,1.84,0.78,7.15,80.17,334.55,1.48
2008-09-26,0.07,1.02,10.75,0.43,1.71,1.10,6.91,102.51,321.56,2.91
2008-09-27,0.39,1.12,10.89,0.41,1.63,1.30,6.89,96.64,324.24,4.14
2008-09-28,0.25,1.02,8.28,0.39,1.56,1.14,5.54,101.72,306.09,3.07
2008-09-29,3.98,1.05,9.28,0.38,1.53,1.27,6.14,72.28,327.38,5.33
2008-09-30,5.97,1.01,8.83,0.57,2.28,1.23,6.03,74.81,323.15,5.54
2008-10-01,4.34,1.06,7.65,0.76,3.05,1.28,5.40,89.23,306.79,5.29
2008-10-02,2.81,0.95,6.15,0.91,3.63,1.13,4.83,111.89,284.35,3.79
2008-10-03,1.65,1.34,4.77,0.70,2.78,1.60,3.73,108.00,274.45,5.44
2008-10-04,9.81,0.41,6.48,3.08,12.30,0.58,5.55,27.15,325.95,5.54
2008-10-05,0.04,0.82,5.90,2.07,8.29,0.87,4.73,115.71,277.02,2.68
2008-10-06,0.56,0.66,6.63,0.90,3.59,0.80,5.41,82.25,302.63,3.55
2008-10-07,2.46,0.50,11.56,0.96,3.83,0.65,8.16,46.01,349.76,5.37
2008-10-08,0.18,0.96,9.46,0.93,3.70,1.12,6.16,112.58,294.10,3.78
2008-10-09,9.88,0.76,9.47,0.66,2.62,0.95,6.59,67.95,323.80,5.10
2008-10-10,15.80,0.99,12.76,14.04,56.10,1.23,8.09,50.19,351.09,7.02
2008-10-11,0.07,0.79,10.65,4.48,17.90,0.89,6.91,60.98,332.44,4.09
2008-10-12,0.08,0.56,9.55,1.60,6.41,0.63,6.66,65.30,323.47,2.90
2008-10-13,0.23,0.86,11.08,1.08,4.30,1.03,7.06,69.32,326.91,4.56
2008-10-14,4.91,0.39,8.20,1.15,4.59,0.47,6.27,46.38,328.91,2.45
2008-10-15,0.17,0.50,7.23,1.29,5.17,0.62,5.68,46.90,322.50,3.47
2008-10-16,0.05,1.02,6.79,0.89,3.56,1.12,4.77,93.09,280.63,5.31
2008-10-17,2.94,0.59,7.55,0.73,2.93,0.73,5.60,47.35,321.82,3.64
2008-10-18,0.76,0.84,8.82,0.98,3.90,1.06,5.99,67.86,310.79,5.65
2008-10-19,8.22,0.81,10.12,0.87,3.49,1.07,6.81,35.99,342.85,7.21
2008-10-20,3.66,1.18,10.06,4.05,16.20,1.49,6.38,57.02,323.67,9.02
2008-10-21,0.98,0.83,5.28,2.28,9.12,1.07,4.45,92.97,266.57,5.77
2008-10-22,2.93,0.75,6.66,1.13,4.51,0.95,5.02,86.34,278.43,5.08
2008-10-23,7.16,1.16,10.71,4.15,16.60,1.49,6.82,34.29,344.51,10.25
2008-10-24,0.03,1.26,7.13,2.70,10.80,1.33,4.61,79.45,280.49,7.03
2008-10-25,19.28,0.96,9.44,8.26,33.00,1.27,6.26,17.80,340.18,9.50
2008-10-26,2.63,0.74,7.15,6.41,25.60,0.97,5.29,69.15,290.98,6.04
2008-10-27,0.08,0.56,3.53,2.39,9.55,0.66,4.01,68.25,271.44,4.65
2008-10-28,0.01,0.46,0.65,1.32,5.26,0.47,3.17,57.33,265.82,3.88
2008-10-29,0.05,0.37,1.06,0.97,3.87,0.42,3.49,55.29,270.06,3.94
2008-10-30,15.35,0.33,1.84,1.07,4.26,0.46,3.82,44.37,284.39,4.07
2008-10-31,12.40,0.40,2.97,10.66,42.60,0.57,4.14,50.80,282.51,5.14
2008-11-01,0.43,0.21,3.09,4.13,16.50,0.28,4.20,53.34,278.95,2.83
2008-11-02,0.32,0.32,3.91,2.24,8.93,0.42,4.32,51.92,282.81,3.38
2008-11-03,0.00,0.10,4.52,1.75,6.98,0.10,4.83,51.81,286.37,2.13
2008-11-04,0.03,0.11,5.98,1.29,5.15,0.12,5.61,33.65,313.69,2.79
2008-11-05,1.46,0.00,5.92,1.00,4.00,0.00,5.78,13.99,323.93,2.35
2008-11-06,3.88,0.03,7.00,1.14,4.56,0.04,6.29,23.61,329.27,1.97
2008-11-07,5.85,0.45,7.35,1.51,6.03,0.64,5.76,32.47,318.40,5.86
2008-11-08,9.51,0.55,7.69,4.88,19.50,0.79,5.89,24.79,328.90,7.17
2008-11-09,14.04,0.54,3.86,9.36,37.40,0.79,4.34,33.41,296.87,7.22
2008-11-10,6.51,0.96,4.72,5.68,22.70,1.30,4.22,34.78,296.74,9.35
2008-11-11,1.12,0.70,6.08,4.66,18.60,0.96,4.94,28.40,312.70,7.24
2008-11-12,0.29,0.37,5.63,2.20,8.77,0.49,4.76,38.90,295.05,3.89
2008-11-13,1.76,0.22,7.80,1.60,6.39,0.32,6.30,20.41,332.60,4.91
2008-11-14,2.25,0.71,10.93,1.51,6.05,0.96,7.22,23.39,342.81,7.68
2008-11-15,0.03,0.73,8.56,1.90,7.60,0.79,5.71,35.75,311.06,6.32
2008-11-16,0.29,0.29,4.33,1.18,4.72,0.35,4.19,42.09,278.53,3.43
2008-11-17,2.88,0.00,3.17,1.26,5.04,0.00,4.72,10.82,310.08,3.45
2008-11-18,0.04,0.34,7.41,1.50,6.01,0.39,5.48,40.37,295.73,4.49
2008-11-19,0.00,0.72,8.99,1.09,4.35,0.73,6.03,27.92,321.69,6.75
2008-11-20,0.04,1.17,7.77,0.85,3.41,1.27,4.97,23.68,319.52,7.82
2008-11-21,0.41,0.65,2.66,0.68,2.71,0.88,3.60,21.53,296.43,5.81
2008-11-22,0.43,0.38,-0.50,0.61,2.42,0.49,2.87,28.52,268.35,4.37
2008-11-23,9.43,0.18,0.89,0.76,3.05,0.29,3.62,29.98,274.83,4.79
2008-11-24,2.74,0.39,2.63,2.46,9.81,0.57,3.85,30.80,279.86,5.48
2008-11-25,0.35,0.29,2.71,1.38,5.52,0.42,3.79,37.04,268.49,4.46
2008-11-26,0.66,0.39,7.99,1.00,4.00,0.53,5.74,29.38,308.52,4.92
2008-11-27,2.10,0.54,5.46,1.04,4.15,0.78,4.75,28.98,295.06,7.14
2008-11-28,0.27,0.00,-0.06,1.04,4.16,0.00,3.53,32.76,262.60,2.66
2008-11-29,0.07,0.00,-3.01,0.75,2.99,0.00,2.98,31.86,250.53,1.43
2008-11-30,0.33,0.00,-3.66,0.58,2.31,0.00,2.70,40.27,232.19,1.81
2008-12-01,4.08,0.19,-0.64,0.69,2.75,0.29,3.18,22.36,273.96,4.48
2008-12-02,1.17,0.01,-1.25,0.67,2.69,0.02,3.24,21.69,272.88,2.99
2008-12-03,1.92,0.02,-1.54,0.61,2.44,0.03,2.97,41.92,233.54,3.12
2008-12-04,3.64,0.07,0.34,0.66,2.65,0.11,3.76,14.82,293.67,4.63
2008-12-05,16.72,0.12,1.92,3.13,12.50,0.19,4.14,13.02,302.63,4.75
2008-12-06,0.50,0.02,0.81,3.53,14.10,0.03,3.49,41.75,241.94,3.24
2008-12-07,2.52,0.19,1.49,5.26,21.00,0.29,3.74,22.34,281.37,4.66
2008-12-08,0.00,0.23,3.31,7.48,29.90,0.23,4.32,15.36,305.01,4.29
2008-12-09,0.11,0.07,0.86,2.06,8.24,0.10,3.47,36.09,250.26,3.92
2008-12-10,0.46,0.24,1.54,1.22,4.89,0.36,3.55,26.36,271.22,4.58
2008-12-11,0.23,0.00,-0.79,0.98,3.91,0.00,3.50,23.30,269.03,1.69
2008-12-12,19.75,0.12,1.29,4.28,17.10,0.20,3.98,13.50,298.77,5.37
2008-12-13,11.70,0.00,3.51,14.74,58.90,0.00,4.85,7.46,311.82,4.92
2008-12-14,0.31,0.00,1.17,3.93,15.70,0.00,4.09,16.28,292.51,2.15
2008-12-15,2.13,0.00,0.66,2.38,9.51,0.00,3.82,18.54,284.46,2.81
2008-12-16,3.43,0.20,5.52,3.90,15.60,0.31,5.30,14.19,317.90,5.71
2008-12-17,0.96,0.34,3.97,2.90,11.60,0.52,4.47,19.17,297.95,6.45
2008-12-18,7.19,0.60,6.84,4.68,18.70,0.85,5.33,16.34,318.48,7.57
2008-12-19,9.72,0.58,4.10,7.96,31.80,0.85,4.39,12.89,312.05,8.03
2008-12-20,1.65,0.50,5.31,3.80,15.20,0.71,4.61,22.07,297.30,6.10
2008-12-21,0.32,0.83,8.83,2.60,10.40,1.12,5.95,18.91,322.70,8.99
2008-12-22,0.14,0.29,7.39,1.51,6.03,0.38,5.48,23.93,304.67,4.57
2008-12-23,0.05,0.11,4.91,1.17,4.68,0.13,4.98,19.29,303.46,4.19
2008-12-24,0.02,0.00,3.94,0.97,3.87,0.00,4.99,15.82,307.30,1.50
2008-12-25,0.01,0.00,3.41,0.85,3.40,0.00,4.79,16.68,302.90,1.68
2008-12-26,0.02,0.02,1.22,0.76,3.03,0.02,3.76,18.87,285.83,2.18
2008-12-27,0.00,0.02,-0.42,0.69,2.74,0.02,3.31,18.11,279.52,2.14
2008-12-28,0.65,0.05,0.79,0.66,2.63,0.07,3.68,14.02,294.65,2.29
2008-12-29,0.00,0.11,0.60,0.64,2.57,0.11,3.40,21.06,278.09,3.08
2008-12-30,0.00,0.02,-2.43,0.59,2.34,0.02,2.74,24.60,257.06,2.27
2008-12-31,0.00,0.00,-4.34,0.54,2.16,0.00,2.63,15.26,268.27,1.65
2009-01-01,1.32,0.00,-1.71,0.53,2.11,0.00,3.25,17.37,276.68,1.77
2009-01-02,0.24,0.01,-0.45,0.57,2.28,0.01,3.42,17.43,282.35,1.99
2009-01-03,0.00,0.12,-1.32,0.54,2.16,0.12,2.76,26.62,256.49,3.00
2009-01-04,1.90,0.18,0.09,0.49,1.96,0.25,3.32,16.01,287.50,3.39
2009-01-05,0.08,0.06,-1.61,0.51,2.02,0.07,2.81,30.29,250.31,2.87
2009-01-06,2.87,0.13,-2.38,0.43,1.71,0.19,2.74,21.39,264.90,3.51
2009-01-07,2.46,0.00,0.73,0.57,2.28,0.01,3.89,15.39,295.38,2.26
2009-01-08,0.01,0.00,1.49,0.86,3.42,0.00,4.03,30.63,269.71,3.35
2009-01-09,0.08,0.02,0.38,0.71,2.84,0.03,3.63,25.78,273.57,3.40
2009-01-10,10.96,0.38,1.42,0.84,3.37,0.61,3.79,15.20,299.31,7.79
2009-01-11,26.63,0.60,7.36,15.59,62.30,0.92,5.76,8.87,330.17,10.92
2009-01-12,1.35,0.34,6.84,19.40,77.50,0.53,5.61,29.16,301.61,7.51
2009-01-13,0.03,0.00,2.52,3.03,12.10,0.00,4.37,26.84,285.94,2.43
2009-01-14,6.67,0.00,0.45,2.25,8.99,0.00,3.87,24.43,281.21,2.97
2009-01-15,2.49,0.34,4.92,4.08,16.30,0.55,5.02,16.46,317.87,7.62
2009-01-16,6.59,0.35,5.32,2.58,10.30,0.54,5.07,20.72,312.43,6.75
2009-01-17,2.51,0.47,4.85,3.93,15.70,0.73,4.67,34.83,285.17,8.05
2009-01-18,7.03,0.46,2.18,3.25,13.00,0.71,3.77,34.52,272.65,7.43
2009-01-19,3.85,0.23,0.94,4.78,19.10,0.37,3.76,18.30,296.54,5.57
2009-01-20,3.93,0.28,1.20,4.48,17.90,0.45,3.72,28.23,281.44,6.35
2009-01-21,11.29,0.23,1.74,2.90,11.60,0.36,3.82,37.13,270.74,5.38
2009-01-22,2.74,0.40,3.49,8.61,34.40,0.62,4.32,30.75,290.53,7.01
2009-01-23,3.67,0.07,1.15,3.88,15.50,0.11,3.82,34.09,275.61,3.60
2009-01-24,7.19,0.09,0.50,2.27,9.08,0.13,3.55,38.83,266.00,3.45
2009-01-25,0.74,0.31,2.85,3.58,14.30,0.48,4.18,34.36,285.12,6.11
2009-01-26,0.01,0.01,1.44,2.28,9.12,0.01,3.98,38.39,274.60,1.99
2009-01-27,1.55,0.07,3.05,2.63,10.50,0.11,4.59,17.33,309.12,3.46
2009-01-28,0.16,0.00,2.29,2.53,10.10,0.00,4.40,41.42,277.80,1.68
2009-01-29,1.88,0.17,2.30,1.50,6.00,0.25,4.28,21.89,304.93,4.50
2009-01-30,3.44,0.53,2.70,2.36,9.44,0.78,3.96,22.58,304.96,6.58
2009-01-31,0.10,0.91,3.06,1.83,7.32,1.04,3.54,33.59,289.59,7.19
2009-02-01,0.67,0.74,0.60,1.14,4.54,0.93,2.99,26.33,288.68,6.27
2009-02-02,26.60,0.25,-0.84,1.33,5.32,0.43,3.33,31.36,280.58,7.21
2009-02-03,2.94,0.24,0.25,5.63,22.50,0.39,3.59,42.95,274.39,6.16
2009-02-04,0.34,0.05,-1.87,1.96,7.84,0.06,3.10,48.36,259.93,1.89
2009-02-05,1.51,0.18,-1.66,1.20,4.79,0.25,3.06,26.85,282.83,3.20
2009-02-06,1.24,0.29,-1.78,0.94,3.75,0.40,2.73,66.23,242.33,3.44
2009-02-07,0.85,0.38,-0.66,0.83,3.32,0.54,3.04,46.92,267.73,4.45
2009-02-08,0.33,0.24,-3.41,0.74,2.96,0.31,2.43,43.58,258.30,2.81
2009-02-09,1.27,0.12,-1.90,0.70,2.80,0.16,3.05,46.94,265.65,2.33
2009-02-10,0.63,0.34,-0.75,0.68,2.71,0.47,3.05,79.05,241.77,3.96
2009-02-11,0.47,0.33,-0.74,0.64,2.55,0.45,3.03,73.75,247.71,3.53
2009-02-12,7.30,0.14,-1.11,0.73,2.93,0.20,3.19,17.21,287.14,3.40
2009-02-13,0.39,0.16,0.40,1.08,4.33,0.20,3.59,74.81,256.79,1.86
2009-02-14,0.08,0.20,1.23,2.24,8.94,0.23,3.88,35.40,295.53,2.57
2009-02-15,0.00,0.39,4.81,10.69,42.70,0.39,4.82,36.88,312.52,3.89
2009-02-16,0.13,0.59,6.56,7.13,28.50,0.72,5.26,39.15,319.74,4.85
2009-02-17,0.20,0.45,8.14,3.40,13.60,0.55,6.07,39.31,328.87,3.43
2009-02-18,0.00,0.24,6.10,1.83,7.33,0.24,5.51,38.71,320.22,1.84
2009-02-19,0.03,0.50,5.00,1.23,4.92,0.53,4.60,52.77,302.44,3.12
2009-02-20,1.68,0.37,3.21,1.00,4.00,0.48,4.23,40.86,304.12,2.95
2009-02-21,0.10,0.76,6.65,0.96,3.82,0.83,5.18,68.02,301.07,5.58
2009-02-22,5.35,1.06,6.78,0.84,3.37,1.31,4.77,63.78,304.03,5.91
2009-02-23,0.01,0.55,7.48,1.53,6.12,0.58,5.73,38.20,329.99,4.08
2009-02-24,0.40,0.44,6.10,1.01,4.05,0.53,5.27,57.04,310.20,2.65
2009-02-25,0.02,1.07,5.82,0.84,3.36,1.11,4.50,79.67,290.72,6.36
2009-02-26,0.58,0.94,6.26,0.69,2.77,1.21,4.87,45.19,319.41,6.70
2009-02-27,0.15,0.56,7.50,0.64,2.56,0.68,5.88,45.78,327.42,4.85
2009-02-28,0.55,0.67,5.97,0.60,2.40,0.84,5.06,61.05,309.45,4.58
2009-03-01,0.86,0.76,4.90,0.58,2.30,0.96,4.55,79.45,293.10,4.58
2009-03-02,1.25,0.67,4.28,0.58,2.33,0.90,4.54,71.39,296.64,5.61
2009-03-03,3.25,0.66,3.84,0.65,2.58,0.90,4.40,50.18,307.92,6.45
2009-03-04,0.27,0.67,0.73,0.76,3.05,0.83,3.36,105.89,259.66,3.87
2009-03-05,0.42,0.50,-0.85,0.59,2.37,0.59,3.12,103.26,255.59,2.09
2009-03-06,0.01,0.77,2.00,0.53,2.11,0.79,3.68,125.59,257.05,3.42
2009-03-07,13.59,0.66,5.79,2.83,11.30,0.89,5.18,52.06,319.45,6.18
2009-03-08,3.05,1.06,2.42,4.00,16.00,1.41,3.64,104.78,271.71,8.85
2009-03-09,0.47,1.28,3.89,1.71,6.83,1.60,3.90,127.47,266.90,7.88
2009-03-10,0.07,1.01,3.97,1.02,4.07,1.13,4.03,133.14,266.23,3.57
2009-03-11,1.59,0.58,4.60,0.76,3.04,0.75,4.83,66.14,308.27,4.13
2009-03-12,0.28,1.49,7.22,0.86,3.42,1.78,4.92,128.59,286.63,6.97
2009-03-13,1.02,0.94,5.84,0.64,2.57,1.13,4.82,96.99,298.63,4.02
2009-03-14,0.04,1.66,7.31,0.64,2.56,1.78,4.85,126.72,289.75,8.38
2009-03-15,0.07,1.29,7.55,0.55,2.21,1.39,4.99,100.30,305.67,4.56
2009-03-16,0.00,0.84,6.72,0.49,1.96,0.84,5.28,73.42,317.50,3.88
2009-03-17,0.00,1.16,5.37,0.46,1.83,1.16,4.62,153.17,272.59,3.25
2009-03-18,0.00,1.11,6.36,0.43,1.72,1.11,5.01,138.50,285.89,2.81
2009-03-19,0.00,0.99,5.44,0.41,1.63,1.00,4.97,136.89,284.35,2.91
2009-03-20,0.07,1.09,4.84,0.39,1.57,1.21,4.49,142.07,278.40,3.02
2009-03-21,0.00,1.26,5.48,0.38,1.50,1.26,4.59,156.80,275.39,3.31
2009-03-22,0.99,1.50,7.20,0.36,1.43,1.77,4.78,85.93,315.42,6.74
2009-03-23,0.01,1.89,5.84,0.37,1.48,1.94,4.15,143.86,281.75,9.65
2009-03-24,1.59,1.28,4.04,0.34,1.35,1.55,3.88,98.56,294.74,6.21
2009-03-25,3.62,1.84,6.36,0.36,1.43,2.14,4.39,162.64,278.57,7.22
2009-03-26,1.50,1.58,5.25,0.39,1.57,1.90,4.37,164.59,275.10,8.05
2009-03-27,11.63,1.48,4.26,0.45,1.78,1.81,4.02,139.24,281.20,8.48
2009-03-28,1.04,1.20,2.35,1.74,6.95,1.50,3.54,115.84,282.11,6.77
2009-03-29,0.08,1.78,2.31,0.75,3.00,1.95,2.95,211.08,240.03,4.62
2009-03-30,0.16,1.19,7.24,0.54,2.16,1.38,5.26,86.95,321.10,5.48
2009-03-31,0.00,1.75,8.79,0.47,1.87,1.75,5.50,162.80,298.34,4.15
2009-04-01,0.00,1.32,8.31,0.41,1.65,1.32,5.20,119.59,313.83,2.01
2009-04-02,0.10,1.74,7.20,0.38,1.51,1.85,5.19,203.82,278.92,2.72
2009-04-03,0.12,1.09,5.71,0.36,1.43,1.22,5.18,134.45,299.64,2.60
2009-04-04,0.24,1.24,6.06,0.34,1.37,1.39,5.00,127.10,303.41,5.44
2009-04-05,0.00,2.14,6.03,0.32,1.29,2.14,3.91,209.61,267.83,4.42
2009-04-06,2.80,1.06,6.17,0.32,1.28,1.25,4.87,80.64,320.87,3.99
2009-04-07,3.27,1.85,7.40,0.35,1.38,2.12,4.94,161.27,297.75,6.30
2009-04-08,3.91,1.76,6.96,0.43,1.72,2.07,4.96,160.98,297.01,7.84
2009-04-09,0.60,1.08,8.28,0.50,1.98,1.31,6.02,86.38,331.66,5.41
2009-04-10,0.73,1.13,8.71,0.46,1.85,1.33,6.13,89.81,332.96,4.53
2009-04-11,0.00,1.94,6.90,0.41,1.64,1.94,4.63,193.61,285.97,3.61
2009-04-12,0.12,2.00,5.98,0.34,1.37,2.09,4.28,224.44,271.23,2.04
2009-04-13,0.12,1.75,6.36,0.32,1.26,1.86,4.89,194.48,286.72,3.18
2009-04-14,0.02,1.05,7.01,0.31,1.22,1.09,5.74,112.46,319.11,3.72
2009-04-15,0.06,0.86,6.93,0.30,1.21,0.93,5.85,92.80,325.41,5.38
2009-04-16,0.00,0.95,7.22,0.29,1.16,0.95,5.87,95.87,326.09,6.56
2009-04-17,0.00,1.13,6.39,0.28,1.10,1.13,5.27,102.83,319.35,6.67
2009-04-18,0.00,1.48,5.56,0.27,1.07,1.48,4.51,145.50,300.48,3.49
2009-04-19,0.00,2.25,6.57,0.26,1.05,2.25,4.76,252.78,272.53,2.36
2009-04-20,0.04,2.69,8.33,0.25,1.01,2.73,4.89,278.44,271.34,2.14
2009-04-21,0.00,2.11,7.96,0.24,0.98,2.12,5.14,200.57,296.64,4.27
2009-04-22,0.00,2.47,7.76,0.24,0.96,2.47,4.73,245.47,280.43,3.17
2009-04-23,0.05,1.62,10.09,0.24,0.95,1.67,6.34,120.92,334.01,4.36
2009-04-24,0.00,2.03,10.72,0.24,0.96,2.03,5.79,114.13,337.95,4.82
2009-04-25,0.05,2.19,8.83,0.23,0.94,2.25,5.49,203.03,302.85,3.51
2009-04-26,4.12,2.11,7.77,0.23,0.91,2.32,4.96,190.38,300.81,4.27
2009-04-27,6.03,1.13,6.67,0.29,1.15,1.33,5.44,107.55,322.50,4.15
2009-04-28,14.26,0.46,6.60,0.83,3.31,0.59,5.88,54.60,327.04,3.94
2009-04-29,3.07,2.17,8.44,1.66,6.65,2.38,5.50,208.09,302.01,4.30
2009-04-30,1.33,1.27,9.35,0.78,3.12,1.47,6.55,107.07,336.98,4.50
2009-05-01,1.91,1.80,9.10,0.67,2.67,2.03,6.15,167.14,319.80,5.22
2009-05-02,1.36,2.86,8.42,0.52,2.06,3.06,4.76,261.31,286.00,4.25
2009-05-03,1.22,2.89,7.31,0.40,1.58,3.14,4.41,279.53,275.72,5.46
2009-05-04,0.79,1.28,7.89,0.35,1.39,1.55,5.80,104.29,331.01,6.78
2009-05-05,5.84,1.46,9.33,0.53,2.12,1.72,6.27,107.52,337.53,6.44
2009-05-06,4.40,1.81,9.39,1.01,4.04,2.09,6.23,156.79,325.38,7.06
2009-05-07,4.12,3.04,8.29,1.04,4.16,3.37,4.68,255.84,289.13,9.51
2009-05-08,8.38,2.53,7.31,2.42,9.66,2.86,4.84,249.85,288.75,9.15
2009-05-09,3.36,2.06,6.97,1.70,6.78,2.34,4.96,198.38,301.83,6.54
2009-05-10,1.36,2.02,7.12,0.90,3.59,2.17,4.97,194.85,303.72,2.67
2009-05-11,0.04,3.07,6.54,0.61,2.42,3.14,4.41,336.69,262.55,3.98
2009-05-12,0.02,2.77,6.90,0.43,1.71,2.82,4.65,293.60,276.83,5.00
2009-05-13,0.00,2.66,8.12,0.35,1.41,2.66,5.19,262.90,292.04,6.08
2009-05-14,0.47,2.29,8.90,0.31,1.23,2.54,5.85,221.93,308.36,5.69
2009-05-15,9.97,0.52,7.88,0.43,1.73,0.72,6.47,61.43,333.40,6.11
2009-05-16,3.71,1.41,8.50,0.76,3.03,1.63,6.38,145.48,327.02,4.80
2009-05-17,4.88,2.28,8.09,0.86,3.44,2.50,5.71,239.61,301.45,4.48
2009-05-18,6.42,1.72,9.23,1.21,4.83,1.97,6.37,160.11,327.03,5.93
2009-05-19,2.24,1.86,9.46,1.80,7.18,2.10,6.26,160.80,327.78,5.34
2009-05-20,1.67,2.04,9.64,0.83,3.32,2.26,6.26,180.54,324.06,4.64
2009-05-21,3.87,2.41,9.46,0.63,2.53,2.60,5.97,219.86,313.32,3.86
2009-05-22,0.24,2.33,9.77,0.63,2.51,2.47,6.07,203.59,318.99,3.80
2009-05-23,0.05,2.01,10.51,0.44,1.76,2.09,6.70,170.44,331.62,4.18
2009-05-24,0.00,3.79,10.70,0.36,1.44,3.79,5.34,324.00,289.93,4.32
2009-05-25,0.01,2.84,12.04,0.31,1.22,2.85,6.26,212.76,327.06,3.00
2009-05-26,0.75,3.12,9.84,0.28,1.10,3.38,5.50,269.00,302.11,5.93
2009-05-27,0.17,1.86,10.27,0.27,1.07,2.02,6.46,138.23,338.11,5.59
2009-05-28,0.00,2.75,13.35,0.26,1.04,2.75,8.02,227.33,334.31,4.05
2009-05-29,0.00,3.90,14.85,0.25,0.98,3.90,8.54,321.30,321.33,3.06
2009-05-30,0.00,4.77,13.70,0.23,0.91,4.77,6.23,378.36,293.00,3.91
2009-05-31,0.00,4.64,13.68,0.22,0.86,4.64,6.76,383.02,295.19,3.39
2009-06-01,0.00,4.86,15.30,0.21,0.84,4.86,6.83,376.38,299.49,2.54
2009-06-02,0.00,2.99,13.35,0.21,0.82,2.99,7.34,233.14,330.86,2.72
2009-06-03,0.00,2.64,9.84,0.20,0.80,2.64,5.53,212.47,316.21,3.95
2009-06-04,2.62,1.94,8.31,0.20,0.81,2.08,5.03,151.48,323.49,2.66
2009-06-05,3.26,1.88,6.67,0.23,0.93,2.04,5.10,185.50,309.06,3.03
2009-06-06,0.52,1.87,7.40,0.23,0.92,2.12,5.35,176.29,315.04,5.47
2009-06-07,0.51,2.08,8.20,0.22,0.88,2.31,5.47,184.46,316.78,4.86
2009-06-08,0.10,2.58,8.33,0.21,0.84,2.65,5.19,236.04,303.92,3.71
2009-06-09,0.00,2.34,8.62,0.20,0.81,2.34,5.49,209.62,312.68,3.80
2009-06-10,9.77,1.85,9.01,0.23,0.92,1.98,6.11,165.06,326.68,2.35
2009-06-11,0.78,2.52,9.08,0.35,1.38,2.68,5.64,227.04,311.01,3.01
2009-06-12,0.36,3.55,10.16,0.22,0.90,3.69,5.35,314.63,292.21,2.83
2009-06-13,0.07,2.71,12.57,0.21,0.82,2.78,7.30,217.53,332.38,3.00
2009-06-14,2.90,2.62,12.18,0.20,0.78,2.75,7.43,221.02,330.30,2.58
2009-06-15,11.87,1.56,11.22,1.23,4.93,1.70,7.45,128.37,346.71,2.81
2009-06-16,1.66,2.50,12.55,0.58,2.32,2.64,7.36,197.16,337.22,2.87
2009-06-17,5.01,1.76,11.70,0.47,1.86,1.99,7.61,145.43,345.33,5.63
2009-06-18,2.98,2.57,10.55,0.47,1.87,2.84,6.16,199.32,325.51,6.82
2009-06-19,2.70,2.95,11.22,0.36,1.43,3.22,6.19,223.44,322.50,6.86
2009-06-20,2.72,2.09,11.44,0.30,1.21,2.27,6.95,161.24,339.92,3.79
2009-06-21,0.40,2.75,12.51,0.32,1.26,2.89,7.25,221.78,331.21,2.92
2009-06-22,1.69,2.31,15.82,0.38,1.51,2.39,9.72,171.75,359.74,2.78
2009-06-23,0.00,3.60,16.57,0.29,1.17,3.60,9.64,274.34,341.81,2.52
2009-06-24,0.19,3.25,14.66,0.23,0.90,3.38,8.49,257.68,334.88,3.47
2009-06-25,0.07,3.37,14.07,0.20,0.80,3.48,7.96,269.32,328.43,4.47
2009-06-26,3.08,1.97,14.16,0.20,0.81,2.15,9.14,161.90,353.77,4.15
2009-06-27,3.19,1.54,14.59,0.23,0.91,1.69,9.81,129.76,361.86,3.35
2009-06-28,0.20,1.86,15.11,0.25,1.00,1.97,10.10,155.09,359.33,2.69
2009-06-29,1.29,2.37,16.48,0.23,0.92,2.49,10.45,182.59,360.56,2.74
2009-06-30,0.05,1.93,17.07,0.21,0.85,1.97,10.92,143.12,370.59,2.40
2009-07-01,3.49,3.45,19.86,0.22,0.88,3.55,11.83,238.90,365.39,2.47
2009-07-02,0.00,4.80,19.91,0.22,0.89,4.80,10.51,324.64,344.70,3.33
2009-07-03,2.68,1.88,15.71,0.19,0.77,2.02,9.98,141.31,364.70,3.23
2009-07-04,0.37,3.55,16.43,0.19,0.77,3.68,9.11,261.26,341.05,3.43
2009-07-05,4.08,3.03,15.62,0.18,0.73,3.15,8.83,225.28,345.19,2.71
2009-07-06,13.58,2.06,14.03,0.99,3.97,2.17,8.91,165.56,351.47,2.49
2009-07-07,0.90,1.78,13.12,0.82,3.27,1.94,8.16,130.44,354.77,3.76
2009-07-08,0.46,2.21,12.10,0.42,1.69,2.38,6.56,137.19,346.98,3.94
2009-07-09,0.00,2.66,11.95,0.28,1.13,2.67,6.35,184.70,333.63,4.24
2009-07-10,0.00,2.90,11.86,0.23,0.90,2.90,6.35,226.96,322.26,3.34
2009-07-11,14.49,2.85,12.99,0.22,0.87,3.01,7.44,230.79,328.99,3.22
2009-07-12,0.61,1.98,13.68,0.65,2.61,2.19,8.61,155.36,351.39,5.15
2009-07-13,12.19,2.55,13.82,0.51,2.05,2.70,8.21,201.75,340.78,3.31
2009-07-14,3.57,2.52,14.13,1.39,5.54,2.66,8.37,196.09,343.55,3.07
2009-07-15,1.67,2.51,14.16,1.05,4.18,2.64,8.75,206.04,341.79,2.81
2009-07-16,15.09,2.25,14.16,0.94,3.75,2.38,8.56,174.33,348.72,2.75
2009-07-17,39.84,0.67,12.32,14.62,58.40,0.86,8.63,64.34,354.30,5.78
2009-07-18,4.13,1.88,12.71,8.79,35.10,2.11,7.79,133.30,350.88,5.51
2009-07-19,0.76,2.46,12.94,2.06,8.25,2.64,7.50,183.38,339.13,4.77
2009-07-20,0.01,3.38,13.18,0.98,3.90,3.40,7.01,262.12,318.21,5.69
2009-07-21,5.77,1.64,12.50,0.71,2.84,1.82,8.42,148.70,346.19,3.92
2009-07-22,1.60,1.97,13.56,0.86,3.43,2.18,8.62,162.71,347.74,4.90
2009-07-23,2.33,2.48,14.43,0.61,2.45,2.68,8.47,181.96,346.69,4.99
2009-07-24,1.96,1.97,13.02,0.49,1.96,2.15,8.04,153.06,346.73,4.04
2009-07-25,2.01,3.11,12.55,0.43,1.70,3.26,6.66,252.27,315.53,3.12
2009-07-26,1.46,1.61,12.51,0.38,1.52,1.80,8.09,128.70,350.00,4.58
2009-07-27,0.91,2.62,13.68,0.36,1.44,2.84,7.86,195.69,337.99,5.43
2009-07-28,7.47,2.00,12.99,0.33,1.32,2.22,7.93,147.10,347.21,5.72
2009-07-29,0.47,1.84,13.60,0.91,3.65,2.00,8.51,141.11,351.66,4.47
2009-07-30,1.66,3.19,12.52,0.55,2.18,3.42,6.76,257.91,312.32,5.52
2009-07-31,4.96,2.46,12.41,0.36,1.45,2.66,7.10,190.04,331.25,4.36
2009-08-01,1.13,1.79,13.38,0.47,1.88,2.00,8.43,137.51,350.64,5.34
2009-08-02,0.00,3.02,13.81,0.44,1.74,3.02,7.39,222.91,327.08,4.90
2009-08-03,1.06,2.65,14.32,0.31,1.23,2.81,8.00,196.92,337.74,3.82
2009-08-04,3.57,1.55,16.27,0.29,1.15,1.74,10.65,119.86,367.46,4.95
2009-08-05,0.06,3.05,16.02,0.34,1.35,3.13,8.67,213.68,340.92,4.24
2009-08-06,0.00,2.79,14.63,0.27,1.06,2.79,7.89,216.19,332.07,2.51
2009-08-07,0.00,2.53,14.23,0.23,0.93,2.53,8.06,201.99,334.54,2.35
2009-08-08,0.00,2.67,14.04,0.22,0.86,2.67,7.95,214.57,329.49,3.16
2009-08-09,5.40,2.19,14.96,0.21,0.83,2.31,8.89,168.97,347.62,2.81
2009-08-10,1.17,1.34,14.69,0.24,0.94,1.48,9.77,112.77,360.88,3.21
2009-08-11,1.28,2.00,13.92,0.27,1.07,2.17,8.77,170.58,341.77,3.90
2009-08-12,0.12,2.54,14.36,0.24,0.96,2.67,8.23,193.23,335.86,4.65
2009-08-13,0.17,2.00,12.93,0.22,0.86,2.09,7.49,158.76,338.00,2.36
2009-08-14,14.64,1.22,13.11,0.23,0.90,1.38,8.73,101.08,355.93,3.73
2009-08-15,4.69,2.31,15.62,1.91,7.64,2.55,9.44,170.04,348.66,6.92
2009-08-16,2.03,2.29,14.00,0.84,3.36,2.54,7.99,145.92,346.20,6.70
2009-08-17,0.53,1.98,13.67,0.55,2.19,2.16,8.25,154.90,342.06,4.14
2009-08-18,3.69,1.35,13.94,0.46,1.84,1.49,8.79,97.64,359.92,3.35
2009-08-19,3.18,2.01,17.20,0.45,1.81,2.23,10.54,131.07,365.63,5.99
2009-08-20,8.95,1.89,15.51,0.45,1.80,2.13,9.65,137.04,355.59,6.88
2009-08-21,1.02,2.24,12.15,1.21,4.83,2.46,6.94,166.20,327.53,5.48
2009-08-22,2.04,2.59,12.76,0.51,2.04,2.77,6.75,197.87,318.04,4.14
2009-08-23,16.83,1.38,14.96,2.18,8.70,1.59,9.58,99.52,362.63,5.35
2009-08-24,0.85,1.93,13.61,3.63,14.50,2.08,8.10,154.61,338.49,3.35
2009-08-25,6.32,2.29,12.19,1.01,4.05,2.48,7.05,195.89,315.79,4.25
2009-08-26,8.73,0.88,12.80,4.53,18.10,1.06,8.96,86.93,355.24,4.78
2009-08-27,3.03,1.88,13.62,2.20,8.79,2.08,8.07,137.03,342.73,4.78
2009-08-28,0.41,2.07,11.35,1.21,4.82,2.35,6.62,139.58,328.71,7.60
2009-08-29,0.30,2.56,11.84,0.67,2.67,2.81,6.45,185.12,313.11,7.22
2009-08-30,6.79,1.42,12.77,0.46,1.85,1.63,8.10,109.23,346.84,5.02
2009-08-31,20.70,1.26,16.10,8.56,34.20,1.47,10.50,90.46,367.71,6.20
2009-09-01,5.53,1.92,12.32,5.71,22.80,2.16,7.45,156.80,325.93,5.93
2009-09-02,11.20,1.41,11.81,4.51,18.00,1.59,7.62,122.69,335.81,4.12
2009-09-03,24.24,0.91,11.10,12.06,48.20,1.14,7.80,84.74,345.63,6.33
2009-09-04,6.41,1.40,11.22,14.22,56.80,1.67,7.10,86.59,344.77,7.09
2009-09-05,0.01,1.44,11.55,3.03,12.10,1.46,7.29,106.00,338.74,5.70
2009-09-06,1.82,1.44,12.05,1.43,5.72,1.66,7.31,80.83,350.17,5.70
2009-09-07,0.39,1.98,13.99,1.10,4.40,2.16,7.99,140.27,336.18,4.93
2009-09-08,1.72,1.48,14.93,0.96,3.85,1.73,9.29,86.51,361.28,7.57
2009-09-09,0.04,2.06,11.64,1.05,4.21,2.11,6.34,176.30,305.32,3.57
2009-09-10,0.00,1.71,10.97,0.63,2.50,1.71,6.54,175.85,303.11,2.04
2009-09-11,0.00,1.60,11.53,0.48,1.92,1.60,6.93,166.23,309.80,1.58
2009-09-12,0.00,2.06,12.62,0.41,1.64,2.06,6.94,204.57,296.38,2.28
2009-09-13,0.02,1.16,11.54,0.37,1.47,1.19,7.43,100.01,337.03,3.39
2009-09-14,0.01,1.01,10.39,0.35,1.38,1.02,6.67,71.55,342.43,3.20
2009-09-15,0.88,1.41,10.87,0.33,1.30,1.56,6.96,146.79,312.10,2.95
2009-09-16,0.05,1.30,9.98,0.31,1.24,1.36,6.04,104.62,323.55,3.04
2009-09-17,0.00,1.25,9.33,0.29,1.17,1.25,6.00,133.02,307.18,2.08
2009-09-18,0.00,1.09,9.88,0.28,1.12,1.09,6.30,93.14,327.74,2.82
2009-09-19,0.10,1.05,11.04,0.28,1.10,1.16,7.11,90.00,335.11,3.20
2009-09-20,0.38,1.64,9.55,0.26,1.04,1.82,5.62,158.64,291.00,3.70
2009-09-21,1.10,0.85,12.44,0.26,1.03,1.09,7.98,34.41,355.19,7.00
2009-09-22,0.18,2.04,13.30,0.26,1.05,2.18,7.34,109.92,333.56,7.79
2009-09-23,0.22,1.63,11.19,0.25,0.98,1.79,6.35,104.67,323.99,5.28
2009-09-24,0.03,1.41,11.55,0.24,0.95,1.47,6.86,89.31,333.80,5.34
2009-09-25,0.04,1.40,12.05,0.23,0.93,1.47,7.07,86.22,337.25,5.08
2009-09-26,0.02,1.55,11.84,0.22,0.90,1.59,7.06,164.42,295.69,3.68
2009-09-27,0.00,1.14,13.29,0.22,0.88,1.14,8.22,68.71,351.72,5.37
2009-09-28,0.39,1.15,13.73,0.22,0.86,1.36,8.51,68.08,353.63,5.73
2009-09-29,4.15,0.31,11.92,0.22,0.89,0.41,8.34,30.19,352.54,4.25
2009-09-30,0.73,0.84,11.66,0.24,0.96,0.98,7.84,87.77,332.49,3.75
2009-10-01,2.77,1.21,8.29,0.26,1.03,1.39,5.12,101.74,301.48,3.67
2009-10-02,6.61,0.40,9.37,0.26,1.03,0.53,6.80,28.92,340.39,4.36
2009-10-03,0.81,1.91,10.23,0.45,1.79,2.26,5.98,122.79,297.43,10.87
2009-10-04,0.14,1.38,7.24,0.38,1.51,1.59,4.60,127.53,275.67,4.76
2009-10-05,0.70,0.70,6.52,0.28,1.11,0.80,5.06,84.18,301.48,2.34
2009-10-06,1.60,0.63,8.97,0.27,1.07,0.77,6.48,58.99,330.18,3.70
2009-10-07,0.11,0.92,5.95,0.26,1.03,1.05,4.52,107.33,279.95,3.30
2009-10-08,0.04,0.87,5.99,0.24,0.94,0.92,4.61,113.74,275.16,3.12
2009-10-09,4.46,0.72,7.00,0.23,0.94,0.92,5.40,44.89,326.79,4.95
2009-10-10,0.52,0.53,9.70,0.29,1.16,0.63,6.99,67.07,326.19,3.02
2009-10-11,0.14,1.11,9.45,0.28,1.11,1.26,5.96,94.28,302.82,5.15
2009-10-12,0.00,0.64,7.61,0.25,0.99,0.64,5.46,70.54,309.51,2.68
2009-10-13,0.48,0.39,9.11,0.23,0.93,0.46,6.80,52.84,330.47,2.29
2009-10-14,0.15,0.30,12.09,0.23,0.92,0.33,8.58,44.21,350.05,1.84
2009-10-15,0.40,0.24,11.69,0.23,0.91,0.28,8.50,39.80,350.48,1.96
2009-10-16,0.03,0.82,7.93,0.22,0.88,0.86,5.43,98.31,285.53,3.87
2009-10-17,0.07,0.46,5.83,0.21,0.85,0.51,4.93,79.62,288.84,2.16
2009-10-18,6.41,0.32,6.80,0.21,0.84,0.42,5.87,47.70,319.13,3.32
2009-10-19,0.83,0.26,8.19,0.39,1.57,0.34,6.63,41.85,330.09,3.36
2009-10-20,3.70,0.66,7.79,0.41,1.65,0.89,5.70,20.22,331.90,6.61
2009-10-21,1.79,0.21,9.75,0.46,1.84,0.30,7.33,23.27,342.37,5.16
2009-10-22,1.80,0.27,9.40,0.44,1.74,0.36,7.16,35.89,338.68,3.85
2009-10-23,0.89,0.27,9.93,0.47,1.88,0.34,7.37,37.55,339.22,3.26
2009-10-24,12.20,0.33,10.31,1.58,6.30,0.47,7.58,35.17,342.38,5.92
2009-10-25,2.99,0.86,10.85,2.85,11.40,1.14,7.19,41.83,338.11,8.68
2009-10-26,0.12,0.55,9.40,1.35,5.40,0.64,6.37,39.46,331.87,3.64
2009-10-27,2.17,0.09,9.88,0.77,3.06,0.13,7.42,17.42,343.02,3.81
2009-10-28,0.32,0.36,11.85,0.69,2.75,0.45,8.12,51.29,332.85,3.96
2009-10-29,0.21,0.17,10.36,0.58,2.30,0.21,7.54,49.25,326.54,2.32
2009-10-30,13.49,0.49,11.14,1.73,6.93,0.65,7.57,29.18,347.88,5.00
2009-10-31,7.82,0.32,11.38,3.30,13.20,0.43,7.88,56.74,322.49,4.33
2009-11-01,27.21,0.34,8.93,21.48,85.80,0.51,6.82,29.45,335.74,6.75
2009-11-02,4.99,0.71,7.20,4.78,19.10,0.95,5.38,47.84,304.81,6.74
2009-11-03,3.02,0.33,6.18,4.61,18.40,0.47,5.48,37.09,311.97,5.22
2009-11-04,0.38,0.12,4.74,2.53,10.10,0.16,5.06,44.84,295.67,2.97
2009-11-05,0.20,0.06,5.08,1.43,5.70,0.07,5.32,38.37,304.00,2.34
2009-11-06,2.78,0.07,4.08,1.18,4.71,0.10,4.96,17.44,314.47,3.44
2009-11-07,3.91,0.08,3.18,1.46,5.85,0.11,4.53,47.55,281.45,3.03
2009-11-08,0.15,0.03,3.02,1.73,6.91,0.04,4.53,49.70,277.42,2.49
2009-11-09,0.77,0.01,1.58,1.03,4.12,0.01,4.17,58.32,259.60,1.73
2009-11-10,0.42,0.00,3.99,0.86,3.45,0.00,5.03,12.82,314.29,1.58
2009-11-11,4.42,0.01,4.25,0.78,3.11,0.01,5.12,31.93,302.40,2.27
2009-11-12,3.25,0.20,7.30,1.35,5.40,0.30,6.04,36.57,310.23,5.36
2009-11-13,15.42,0.09,5.96,4.71,18.80,0.12,5.47,41.76,295.64,3.56
2009-11-14,1.20,0.50,7.61,6.51,26.00,0.71,5.84,24.69,325.06,6.60
2009-11-15,0.45,0.14,5.83,2.05,8.18,0.20,5.36,37.49,298.16,4.11
2009-11-16,26.34,0.34,7.04,12.31,49.20,0.51,5.81,23.37,323.08,6.38
2009-11-17,21.64,0.63,7.02,13.54,54.10,0.90,5.37,36.27,302.12,7.97
2009-11-18,10.97,0.23,6.09,15.29,61.10,0.35,5.50,29.46,308.10,5.83
2009-11-19,19.25,0.80,11.54,19.55,78.10,1.11,7.64,18.30,350.77,10.64
2009-11-20,0.84,0.52,9.01,9.04,36.10,0.74,6.33,33.56,314.01,7.17
2009-11-21,14.16,0.15,7.03,6.93,27.70,0.23,6.08,18.18,328.13,5.43
2009-11-22,13.05,0.62,6.83,10.79,43.10,0.91,5.42,24.64,314.90,8.85
2009-11-23,4.36,0.54,6.71,7.96,31.80,0.78,5.26,31.75,301.47,7.11
2009-11-24,21.80,0.31,7.70,14.57,58.20,0.48,6.12,9.63,332.22,7.03
2009-11-25,5.36,0.90,5.83,10.89,43.50,1.25,4.74,26.92,302.26,10.59
2009-11-26,0.97,0.62,4.74,3.95,15.80,0.80,4.54,21.41,306.15,7.81
2009-11-27,0.36,0.18,3.77,2.16,8.62,0.28,4.47,30.59,285.78,4.81
2009-11-28,5.80,0.00,1.65,1.61,6.45,0.00,4.25,23.14,289.13,2.27
2009-11-29,16.60,0.29,3.30,8.03,32.10,0.47,4.46,11.51,309.72,7.25
2009-11-30,1.85,0.28,1.21,6.08,24.30,0.43,3.57,29.73,271.21,5.51
2009-12-01,6.00,0.20,-0.81,2.95,11.80,0.31,3.17,18.55,280.85,4.56
2009-12-02,0.29,0.02,3.17,3.63,14.50,0.03,4.67,17.14,304.85,3.72
2009-12-03,2.24,0.04,3.29,3.08,12.30,0.06,4.62,8.31,310.26,3.87
2009-12-04,3.14,0.04,2.09,2.13,8.50,0.06,3.87,37.75,257.73,3.53
2009-12-05,8.44,0.07,5.18,2.55,10.20,0.10,5.33,16.93,313.90,4.65
2009-12-06,5.05,0.32,6.36,6.16,24.60,0.48,5.42,20.89,310.57,6.45
2009-12-07,5.61,0.21,5.25,4.71,18.80,0.33,5.15,7.91,319.83,5.75
2009-12-08,1.53,0.02,4.40,3.33,13.30,0.03,5.05,17.88,306.96,3.93
2009-12-09,7.05,0.04,6.58,3.13,12.50,0.06,5.70,25.16,302.47,4.25
2009-12-10,0.00,0.00,3.01,3.75,15.00,0.00,4.48,35.56,264.40,2.61
2009-12-11,0.42,0.00,-0.63,1.79,7.17,0.00,3.62,23.92,269.42,1.35
2009-12-12,0.13,0.00,-0.21,1.37,5.46,0.00,3.81,20.28,278.71,1.61
2009-12-13,2.72,0.00,-0.17,1.13,4.52,0.00,3.61,18.68,280.67,2.49
2009-12-14,9.76,0.04,2.92,2.41,9.61,0.06,4.55,12.89,308.43,3.54
2009-12-15,4.99,0.03,3.97,5.06,20.20,0.04,4.90,14.40,310.28,3.63
2009-12-16,8.61,0.04,3.69,5.81,23.20,0.06,4.76,7.39,312.35,4.11
2009-12-17,1.91,0.24,-0.01,4.43,17.70,0.37,3.39,13.60,290.18,5.08
2009-12-18,0.72,0.25,-2.87,1.93,7.73,0.36,2.47,17.93,264.67,3.94
2009-12-19,2.31,0.06,-2.90,1.34,5.37,0.09,2.81,18.07,266.73,3.87
2009-12-20,1.11,0.09,-3.12,1.09,4.36,0.15,2.67,22.50,256.01,4.31
2009-12-21,2.63,0.00,-1.65,1.02,4.07,0.00,3.28,20.52,269.00,3.54
2009-12-22,0.99,0.00,-3.09,0.94,3.75,0.00,2.92,22.90,257.32,2.85
2009-12-23,0.22,0.04,-1.68,0.83,3.33,0.06,3.10,19.68,269.65,3.87
2009-12-24,0.39,0.00,-2.36,0.76,3.02,0.00,3.18,13.14,281.43,2.39
2009-12-25,0.69,0.00,-1.34,0.70,2.79,0.00,3.32,23.90,264.01,2.50
2009-12-26,2.97,0.00,-1.07,0.73,2.90,0.00,3.39,20.83,271.67,2.46
2009-12-27,4.30,0.02,-0.13,1.03,4.12,0.03,3.68,13.59,291.65,3.96
2009-12-28,0.04,0.00,-3.65,0.88,3.51,0.00,2.66,32.78,236.40,1.77
2009-12-29,16.23,0.12,-1.77,1.08,4.30,0.20,3.05,7.57,283.91,4.60
2009-12-30,6.22,0.53,0.97,3.63,14.50,0.82,3.41,7.63,296.15,7.99
2009-12-31,5.40,0.09,-1.34,1.66,6.62,0.13,3.09,18.96,273.96,3.60
2010-01-01,4.67,0.09,-1.52,1.24,4.94,0.14,3.13,15.87,279.79,3.90
2010-01-02,3.69,0.21,-1.02,1.11,4.45,0.34,3.18,14.64,284.90,5.30
2010-01-03,0.58,0.03,-4.02,0.97,3.86,0.03,2.52,22.59,254.14,2.92
2010-01-04,1.39,0.04,-3.40,0.91,3.64,0.06,2.63,22.81,256.94,3.19
2010-01-05,11.43,0.03,-2.04,0.91,3.62,0.05,3.03,24.57,261.54,4.06
2010-01-06,3.81,0.13,-3.11,0.86,3.42,0.21,2.64,25.83,253.39,4.66
2010-01-07,0.22,0.00,-6.64,0.92,3.69,0.00,2.10,34.94,222.92,2.75
2010-01-08,1.19,0.02,-7.00,1.04,4.14,0.03,1.90,39.38,213.38,2.84
2010-01-09,0.73,0.06,-3.98,1.22,4.89,0.09,2.49,22.26,258.05,3.04
2010-01-10,1.33,0.81,0.81,1.22,4.89,1.10,2.94,22.14,278.32,7.42
2010-01-11,4.10,0.24,0.71,1.13,4.53,0.39,3.61,8.87,296.18,5.85
2010-01-12,3.23,0.20,0.70,1.63,6.52,0.33,3.76,15.47,296.60,6.24
2010-01-13,0.89,0.16,-0.17,1.72,6.89,0.27,3.47,9.17,292.16,5.53
2010-01-14,1.62,0.00,-0.69,1.38,5.52,0.00,3.60,16.27,290.39,2.51
2010-01-15,14.30,0.08,1.59,2.75,11.00,0.13,4.15,11.77,301.88,5.64
2010-01-16,5.09,0.17,2.57,15.14,60.50,0.28,4.40,16.59,306.57,6.53
2010-01-17,1.83,0.03,2.51,9.81,39.20,0.05,4.28,31.96,280.06,3.82
2010-01-18,0.02,0.02,3.50,17.57,70.20,0.02,4.61,37.57,277.03,3.76
2010-01-19,1.17,0.03,0.24,4.56,18.20,0.05,3.79,18.01,294.53,3.29
2010-01-20,1.51,0.24,1.41,4.61,18.40,0.38,3.84,10.46,299.91,5.73
2010-01-21,9.49,0.29,1.47,4.28,17.10,0.43,3.75,20.47,296.17,4.76
2010-01-22,0.36,0.00,2.95,9.66,38.60,0.00,4.68,11.08,309.10,3.77
2010-01-23,2.43,0.01,1.67,6.03,24.10,0.01,4.22,12.38,302.45,3.06
2010-01-24,1.95,0.03,1.60,4.46,17.80,0.04,4.23,20.64,300.48,3.26
2010-01-25,0.12,0.17,0.78,2.90,11.60,0.22,3.56,22.12,292.85,2.74
2010-01-26,0.00,0.17,0.88,2.03,8.13,0.17,3.65,20.80,296.29,2.79
2010-01-27,0.07,0.44,4.83,8.03,32.10,0.50,4.75,22.01,315.16,5.50
2010-01-28,3.34,0.27,2.90,4.31,17.20,0.38,4.19,27.02,298.80,4.10
2010-01-29,0.04,0.47,0.06,3.98,15.90,0.55,3.03,48.09,254.20,5.59
2010-01-30,0.00,0.43,-1.30,1.57,6.26,0.43,2.58,60.36,232.18,4.78
2010-01-31,0.00,0.36,-0.86,1.05,4.21,0.36,2.80,53.44,245.44,4.30
2010-02-01,3.94,0.36,-0.07,0.89,3.55,0.52,3.17,33.22,279.46,4.36
2010-02-02,1.38,0.19,0.89,1.40,5.60,0.28,3.74,37.89,281.96,4.07
2010-02-03,0.30,0.18,-2.20,0.96,3.83,0.24,2.77,35.77,268.35,2.62
2010-02-04,1.09,0.09,1.54,1.00,3.98,0.13,4.14,31.46,294.68,3.21
2010-02-05,5.67,0.13,3.47,3.75,15.00,0.18,4.74,27.65,308.99,3.36
2010-02-06,1.13,0.02,2.06,2.98,11.90,0.03,4.49,29.57,301.30,2.15
2010-02-07,1.99,0.00,2.04,2.83,11.30,0.00,4.40,15.42,304.57,2.41
2010-02-08,2.17,0.24,0.92,2.31,9.21,0.34,3.71,31.15,293.43,3.65
2010-02-09,5.40,0.33,0.97,2.05,8.19,0.47,3.58,61.60,265.08,4.45
2010-02-10,1.82,0.43,-0.14,1.56,6.24,0.58,3.02,60.74,259.60,3.89
2010-02-11,2.44,0.31,-0.18,1.15,4.58,0.42,3.15,57.89,264.06,3.10
2010-02-12,1.83,0.27,1.84,2.90,11.60,0.37,3.99,43.87,289.45,3.81
2010-02-13,0.42,0.27,1.21,2.09,8.35,0.36,3.73,42.80,287.60,3.08
2010-02-14,0.66,0.15,1.35,1.51,6.03,0.18,3.99,45.66,287.75,1.95
2010-02-15,5.57,0.14,1.94,3.10,12.40,0.20,4.31,32.36,303.21,3.42
2010-02-16,0.05,0.15,-0.37,2.65,10.60,0.16,3.52,56.03,272.51,1.83
2010-02-17,0.03,0.14,-1.37,1.44,5.76,0.15,3.24,64.92,261.72,1.34
2010-02-18,0.05,0.13,-1.64,1.07,4.28,0.15,3.26,47.08,275.37,1.79
2010-02-19,0.19,0.25,-1.71,0.88,3.51,0.32,3.01,54.33,268.80,2.72
2010-02-20,0.04,0.30,-2.36,0.73,2.93,0.33,2.75,98.11,234.28,2.01
2010-02-21,0.25,0.22,-3.21,0.63,2.52,0.27,2.79,73.05,250.96,2.39
2010-02-22,0.27,0.34,-2.75,0.58,2.31,0.41,2.69,91.42,240.02,2.65
2010-02-23,6.36,0.40,-2.44,0.56,2.24,0.54,2.69,65.84,259.40,3.59
2010-02-24,3.11,0.24,0.73,0.98,3.93,0.38,3.88,39.19,296.76,5.32
2010-02-25,5.89,0.19,2.21,2.44,9.74,0.27,4.44,40.34,304.38,3.87
2010-02-26,11.63,0.17,1.72,7.88,31.50,0.28,4.18,23.10,302.51,6.27
2010-02-27,2.59,0.39,1.00,4.58,18.30,0.55,3.70,44.05,295.36,4.34
2010-02-28,2.28,0.55,1.14,2.90,11.60,0.75,3.52,47.21,293.49,4.82
2010-03-01,0.06,0.79,0.23,1.65,6.61,0.86,2.92,131.85,235.83,3.29
2010-03-02,0.00,0.78,-0.29,1.12,4.49,0.78,2.73,144.78,226.69,2.63
2010-03-03,0.07,0.51,-1.37,0.92,3.68,0.58,2.71,88.67,257.11,2.15
2010-03-04,0.00,0.67,-0.52,0.82,3.29,0.67,2.93,138.40,234.48,2.06
2010-03-05,0.49,0.74,2.26,0.90,3.61,0.95,3.67,79.95,282.36,4.39
2010-03-06,0.28,0.52,3.20,1.16,4.65,0.61,4.13,49.85,306.19,2.89
2010-03-07,0.02,0.61,0.67,1.13,4.50,0.63,3.27,107.54,261.09,1.88
2010-03-08,0.00,0.53,0.60,0.89,3.56,0.53,3.12,81.20,274.99,1.49
2010-03-09,0.01,0.71,2.14,0.76,3.05,0.71,3.38,85.67,280.35,2.22
2010-03-10,0.04,0.92,1.08,0.70,2.80,0.96,2.99,151.56,240.45,2.08
2010-03-11,0.96,0.96,2.66,0.64,2.54,1.13,3.39,99.55,276.52,3.37
2010-03-12,0.17,0.84,4.00,1.04,4.14,1.02,4.14,69.41,302.19,4.46
2010-03-13,0.06,1.22,4.13,1.08,4.31,1.29,3.91,136.83,267.50,4.71
2010-03-14,0.07,1.29,5.91,1.16,4.63,1.39,4.44,108.32,292.13,5.42
2010-03-15,0.31,1.20,5.78,1.35,5.39,1.47,4.47,76.11,308.94,6.18
2010-03-16,0.39,0.92,4.17,1.01,4.05,1.04,3.95,80.99,298.59,3.22
2010-03-17,0.09,1.20,6.93,0.87,3.46,1.33,4.93,83.31,313.01,5.29
2010-03-18,1.21,1.49,9.11,1.14,4.56,1.76,5.52,64.94,333.49,6.71
2010-03-19,6.93,1.94,7.76,1.05,4.20,2.22,4.62,139.23,289.09,6.96
2010-03-20,2.85,0.80,5.05,1.57,6.29,0.93,4.62,83.09,306.42,2.62
2010-03-21,0.47,1.01,4.47,1.06,4.24,1.19,4.37,119.28,287.57,3.50
2010-03-22,1.14,1.06,6.21,0.75,3.00,1.31,5.01,91.52,309.84,5.81
2010-03-23,3.43,0.83,4.91,0.72,2.86,1.01,4.41,57.25,315.61,3.88
2010-03-24,6.01,0.62,6.92,0.85,3.41,0.79,5.87,64.37,327.70,4.11
2010-03-25,15.77,0.59,6.48,2.95,11.80,0.71,5.85,73.60,322.43,3.02
2010-03-26,2.17,0.93,6.27,9.24,36.90,1.19,5.31,89.64,314.18,6.47
2010-03-27,0.08,1.75,6.02,2.29,9.13,1.93,4.37,173.46,274.77,5.91
2010-03-28,8.01,1.41,5.15,1.50,6.01,1.69,4.29,124.94,292.44,6.19
2010-03-29,19.34,0.70,2.80,7.98,31.90,0.88,4.22,82.40,301.08,4.05
2010-03-30,27.02,0.18,3.47,16.59,66.30,0.30,4.92,39.72,311.87,6.46
2010-03-31,4.65,0.67,1.18,9.84,39.30,0.97,3.73,73.86,296.81,7.57
2010-04-01,0.03,1.71,2.57,3.55,14.20,1.82,3.34,200.50,252.91,7.07
2010-04-02,3.90,1.09,2.41,2.85,11.40,1.27,3.94,152.37,275.04,3.35
2010-04-03,2.99,0.87,4.14,4.43,17.70,1.00,4.68,108.18,301.09,2.55
2010-04-04,3.34,1.05,3.69,2.75,11.00,1.22,4.25,122.80,292.87,3.32
2010-04-05,1.23,1.09,6.60,3.13,12.50,1.39,5.19,73.81,325.34,7.49
2010-04-06,1.16,1.48,7.83,1.96,7.84,1.78,5.21,76.51,330.41,7.65
2010-04-07,0.00,1.59,5.93,1.24,4.95,1.59,4.53,170.38,287.31,2.95
2010-04-08,0.00,1.68,7.11,0.91,3.64,1.68,4.95,158.73,298.32,4.42
2010-04-09,0.04,1.36,8.11,0.72,2.87,1.39,5.18,113.44,319.52,2.36
2010-04-10,0.00,2.06,8.76,0.62,2.49,2.06,4.89,202.19,289.92,1.86
2010-04-11,0.00,2.10,7.78,0.55,2.20,2.10,4.79,205.14,285.83,3.18
2010-04-12,0.12,2.08,6.39,0.49,1.97,2.18,4.52,233.28,271.06,2.63
2010-04-13,0.00,1.44,5.53,0.46,1.83,1.44,4.53,137.77,300.59,4.63
2010-04-14,0.00,1.79,5.46,0.43,1.73,1.79,4.24,184.06,284.16,3.98
2010-04-15,0.00,1.34,5.70,0.41,1.64,1.34,4.26,107.01,311.01,3.18
2010-04-16,0.00,2.63,7.18,0.39,1.56,2.63,4.42,281.34,260.29,3.24
2010-04-17,0.00,2.58,7.69,0.37,1.48,2.58,4.48,241.98,276.02,4.86
2010-04-18,2.05,1.15,4.54,0.37,1.47,1.32,4.41,116.44,305.16,3.06
2010-04-19,0.10,1.26,3.81,0.37,1.48,1.39,3.85,115.86,300.40,3.32
2010-04-20,0.08,2.44,4.39,0.34,1.35,2.53,3.24,223.67,265.17,6.62
2010-04-21,0.00,2.38,3.80,0.32,1.26,2.38,3.00,243.56,255.89,4.28
2010-04-22,0.00,1.99,4.78,0.30,1.21,1.99,3.59,195.78,278.96,3.25
2010-04-23,0.00,1.24,5.57,0.30,1.20,1.24,4.27,99.28,315.56,2.60
2010-04-24,0.70,2.32,9.22,0.29,1.17,2.46,4.68,185.81,305.18,2.72
2010-04-25,1.02,1.47,9.37,0.30,1.18,1.63,6.20,122.58,330.82,3.25
2010-04-26,0.00,2.52,10.37,0.30,1.18,2.52,5.72,200.75,310.69,4.60
2010-04-27,0.27,1.78,10.64,0.30,1.21,1.95,6.26,124.73,336.43,3.72
2010-04-28,0.10,2.44,12.40,0.27,1.07,2.59,6.55,133.44,342.51,6.31
2010-04-29,0.02,1.72,10.35,0.26,1.03,1.76,6.25,118.04,337.65,4.27
2010-04-30,1.15,1.77,8.19,0.27,1.06,1.94,5.57,164.36,314.08,3.16
2010-05-01,1.10,1.33,6.19,0.27,1.07,1.52,4.99,123.22,316.18,3.78
2010-05-02,0.07,1.54,4.24,0.26,1.05,1.67,3.69,123.58,303.20,4.05
2010-05-03,0.03,1.98,4.31,0.25,0.98,2.04,3.73,200.38,283.24,4.02
2010-05-04,0.02,1.87,6.74,0.24,0.95,1.91,4.43,155.47,308.37,3.33
2010-05-05,9.73,1.38,9.20,0.26,1.02,1.50,6.36,120.92,333.70,2.28
2010-05-06,1.50,1.22,7.44,0.47,1.89,1.40,5.75,114.16,326.86,3.77
2010-05-07,0.00,2.24,6.51,0.34,1.37,2.24,4.65,224.93,291.14,6.03
2010-05-08,0.95,2.07,6.03,0.28,1.11,2.33,4.35,188.43,297.77,5.57
2010-05-09,1.71,2.17,6.17,0.27,1.07,2.34,4.44,215.30,292.07,3.08
2010-05-10,0.01,1.58,3.98,0.27,1.06,1.60,3.72,146.33,298.32,3.14
2010-05-11,0.10,1.93,3.41,0.25,1.00,2.00,3.50,208.49,279.43,2.62
2010-05-12,0.03,2.34,4.02,0.24,0.94,2.40,3.68,263.40,269.13,3.00
2010-05-13,1.97,2.31,5.61,0.23,0.92,2.53,3.86,209.58,289.66,4.27
2010-05-14,0.21,1.73,7.29,0.24,0.97,1.89,5.24,158.76,315.48,3.51
2010-05-15,0.33,3.02,8.15,0.23,0.93,3.23,4.54,271.85,287.03,4.35
2010-05-16,0.78,2.24,8.43,0.22,0.89,2.40,5.10,186.01,313.17,3.64
2010-05-17,0.18,2.47,8.85,0.22,0.86,2.61,5.10,209.01,309.21,3.15
2010-05-18,0.12,3.63,9.78,0.21,0.84,3.71,4.95,329.99,280.87,2.60
2010-05-19,0.00,2.00,11.70,0.21,0.82,2.00,6.91,148.83,341.53,3.12
2010-05-20,0.01,2.53,14.59,0.21,0.82,2.54,8.68,196.56,346.00,2.71
2010-05-21,0.70,3.41,15.49,0.20,0.80,3.45,9.03,270.29,334.47,2.11
2010-05-22,0.00,4.43,16.89,0.21,0.83,4.43,8.83,333.22,325.12,2.70
2010-05-23,0.00,3.87,16.18,0.19,0.78,3.87,8.64,289.57,332.16,3.01
2010-05-24,0.09,2.69,11.87,0.19,0.75,2.79,6.85,217.73,326.79,3.80
2010-05-25,0.00,2.02,7.72,0.19,0.75,2.02,5.07,174.64,314.91,3.34
2010-05-26,0.81,1.93,6.84,0.19,0.78,2.08,4.89,180.51,309.54,2.62
2010-05-27,6.32,2.26,6.37,0.21,0.84,2.46,4.73,230.40,295.48,3.70
2010-05-28,0.01,3.00,7.84,0.25,1.00,3.02,4.63,280.21,288.37,4.00
2010-05-29,4.05,1.73,8.40,0.22,0.86,1.88,5.88,155.80,325.09,3.01
2010-05-30,0.16,2.18,8.71,0.23,0.91,2.38,5.68,194.35,317.10,5.25
2010-05-31,0.84,3.10,10.10,0.21,0.83,3.28,5.89,280.32,303.29,3.55
2010-06-01,1.29,1.57,10.30,0.21,0.82,1.71,7.02,136.79,339.55,2.81
2010-06-02,0.00,3.32,12.71,0.20,0.81,3.32,6.73,265.79,318.42,3.10
2010-06-03,0.00,4.07,13.25,0.19,0.74,4.07,6.72,337.24,302.71,2.61
2010-06-04,0.00,3.60,13.41,0.17,0.70,3.60,7.02,287.42,317.19,3.00
2010-06-05,0.38,3.21,14.67,0.17,0.68,3.26,8.15,247.93,335.31,2.35
2010-06-06,5.09,0.66,11.64,0.18,0.72,0.76,8.28,66.86,351.21,2.89
2010-06-07,3.67,0.83,11.44,0.20,0.81,0.93,7.82,72.92,350.37,2.49
2010-06-08,2.68,0.64,11.05,0.21,0.85,0.77,8.00,67.13,348.49,3.72
2010-06-09,1.59,0.83,10.60,0.23,0.91,1.06,7.42,67.25,346.39,6.27
2010-06-10,0.00,1.64,9.79,0.22,0.87,1.64,6.67,142.87,336.10,5.19
2010-06-11,0.00,2.38,11.03,0.20,0.79,2.38,6.43,184.75,331.40,3.83
2010-06-12,0.08,2.90,11.31,0.18,0.72,3.02,5.80,208.85,324.83,4.04
2010-06-13,1.43,0.86,10.22,0.18,0.71,0.96,7.07,73.72,344.45,2.49
2010-06-14,0.03,1.98,9.91,0.18,0.71,2.04,6.12,153.30,333.45,3.87
2010-06-15,0.00,2.90,10.55,0.17,0.68,2.90,5.98,248.48,313.02,2.37
2010-06-16,0.00,3.30,13.74,0.16,0.66,3.30,7.42,260.74,327.50,2.05
2010-06-17,0.00,3.52,15.07,0.16,0.63,3.52,8.06,268.90,332.81,2.05
2010-06-18,0.00,3.04,12.13,0.15,0.60,3.04,6.64,238.69,323.95,3.95
2010-06-19,0.00,2.95,9.32,0.15,0.58,2.95,4.82,210.89,312.79,5.70
2010-06-20,0.00,3.18,11.35,0.15,0.58,3.18,5.74,248.78,315.13,3.11
2010-06-21,0.00,3.61,13.85,0.15,0.58,3.61,7.39,286.21,321.87,2.63
2010-06-22,0.00,4.66,15.45,0.14,0.57,4.66,7.56,356.68,311.40,3.43
2010-06-23,0.18,3.24,15.44,0.14,0.56,3.33,8.16,216.61,346.72,4.32
2010-06-24,0.00,3.00,14.93,0.14,0.57,3.00,7.76,190.92,349.81,4.13
2010-06-25,0.00,2.80,14.21,0.14,0.58,2.80,7.23,192.72,345.15,2.44
2010-06-26,0.64,3.08,15.42,0.14,0.57,3.21,8.30,215.74,347.04,3.05
2010-06-27,0.00,4.07,16.27,0.14,0.57,4.07,8.23,285.29,334.05,4.10
2010-06-28,3.35,3.52,15.44,0.14,0.56,3.69,8.14,245.87,339.66,4.37
2010-06-29,0.02,3.10,15.18,0.15,0.59,3.13,8.47,229.90,342.93,3.01
2010-06-30,0.00,3.68,15.53,0.14,0.57,3.68,7.75,267.46,333.64,2.44
2010-07-01,11.38,2.28,16.26,0.16,0.65,2.46,9.45,137.21,368.75,4.65
2010-07-02,0.01,3.70,16.03,0.22,0.88,3.73,8.35,244.95,341.59,5.80
2010-07-03,0.03,3.94,14.71,0.17,0.67,3.99,7.04,262.62,327.74,5.58
2010-07-04,4.09,2.78,14.05,0.15,0.60,3.05,7.88,181.42,347.21,7.69
2010-07-05,0.01,3.31,13.02,0.16,0.66,3.32,6.51,224.61,328.74,5.38
2010-07-06,4.22,2.42,12.66,0.15,0.60,2.62,6.73,144.65,348.08,4.63
2010-07-07,0.04,3.52,15.54,0.15,0.61,3.56,8.08,220.34,344.34,6.93
2010-07-08,0.04,3.18,14.17,0.15,0.60,3.25,6.97,187.47,344.14,5.36
2010-07-09,15.95,2.20,14.76,0.15,0.60,2.38,8.66,146.40,358.87,4.32
2010-07-10,5.40,1.83,14.97,0.42,1.68,1.98,9.57,140.84,360.89,3.66
2010-07-11,0.01,2.87,14.31,0.42,1.67,2.90,7.96,197.70,343.76,5.94
2010-07-12,0.00,2.01,12.07,0.26,1.03,2.01,7.28,156.68,342.63,2.57
2010-07-13,8.34,2.37,11.74,0.20,0.81,2.54,7.20,201.29,330.13,3.61
2010-07-14,30.78,1.38,13.06,1.72,6.87,1.58,8.88,122.89,355.41,5.07
2010-07-15,8.54,1.87,13.79,2.19,8.75,2.07,8.80,149.14,353.00,5.02
2010-07-16,1.84,2.59,13.04,1.26,5.02,2.86,7.55,189.19,338.75,7.28
2010-07-17,0.71,2.77,12.55,0.69,2.77,2.99,6.90,199.50,332.45,5.50
2010-07-18,3.37,1.96,14.69,0.42,1.68,2.17,8.93,129.97,361.29,5.51
2010-07-19,5.66,1.78,15.68,0.49,1.96,1.95,9.99,132.27,364.98,4.26
2010-07-20,13.14,2.03,15.18,0.78,3.12,2.16,9.82,166.53,355.14,2.85
2010-07-21,0.28,1.89,13.97,1.75,7.01,2.03,9.02,156.60,351.39,3.57
2010-07-22,0.03,1.89,11.24,0.64,2.55,1.95,6.99,147.81,339.20,4.28
2010-07-23,0.00,2.95,11.83,0.41,1.63,2.95,6.47,249.56,313.50,2.45
2010-07-24,0.04,2.06,13.27,0.31,1.23,2.12,7.84,153.13,347.66,3.06
2010-07-25,0.00,2.06,14.80,0.26,1.05,2.06,8.88,146.55,356.87,3.76
2010-07-26,0.32,1.73,14.83,0.24,0.95,1.86,9.58,139.00,358.58,3.04
2010-07-27,0.02,2.65,15.32,0.22,0.88,2.66,8.76,190.90,347.81,3.93
2010-07-28,0.29,1.78,13.42,0.20,0.80,1.93,8.05,122.86,355.39,3.56
2010-07-29,0.00,2.25,13.28,0.19,0.77,2.26,7.76,170.21,342.12,3.56
2010-07-30,0.03,1.61,13.29,0.19,0.74,1.65,8.65,132.66,352.10,3.57
2010-07-31,0.30,1.94,13.69,0.18,0.71,2.13,8.19,135.83,352.85,4.34
2010-08-01,7.97,1.77,13.54,0.28,1.11,1.91,8.21,127.70,353.80,3.28
2010-08-02,0.53,1.59,12.95,0.30,1.18,1.71,7.93,117.03,353.55,2.59
2010-08-03,0.00,1.95,13.56,0.23,0.90,1.95,8.00,135.96,351.15,3.81
2010-08-04,0.00,2.09,12.84,0.20,0.78,2.09,7.34,151.80,342.43,3.27
2010-08-05,1.15,2.27,12.60,0.22,0.89,2.43,7.13,167.58,336.17,3.74
2010-08-06,2.32,1.30,12.64,0.25,0.98,1.46,8.41,107.10,353.88,3.76
2010-08-07,1.45,1.48,14.42,0.24,0.94,1.60,9.12,110.68,361.14,2.87
2010-08-08,0.01,1.97,13.73,0.21,0.84,1.99,8.04,148.25,347.16,2.72
2010-08-09,0.57,1.76,13.27,0.19,0.74,1.92,8.32,141.46,346.94,3.69
2010-08-10,10.67,1.82,11.70,0.20,0.80,1.98,7.26,150.84,335.74,3.23
2010-08-11,1.30,1.86,12.21,0.30,1.20,2.05,7.48,145.83,339.38,4.33
2010-08-12,11.16,2.01,12.91,0.25,0.98,2.20,7.86,162.45,337.94,4.22
2010-08-13,4.33,1.67,12.59,0.87,3.48,1.89,7.80,120.39,348.18,5.29
2010-08-14,0.16,2.14,12.89,0.69,2.75,2.31,8.05,191.19,329.17,4.05
2010-08-15,0.01,2.57,13.05,0.40,1.59,2.58,8.07,239.89,315.33,2.76
2010-08-16,4.38,1.57,12.81,0.30,1.18,1.69,8.07,128.57,346.13,2.65
2010-08-17,0.23,1.65,13.79,0.34,1.35,1.77,8.73,135.51,348.75,3.23
2010-08-18,0.36,2.21,12.22,0.28,1.10,2.38,7.00,180.38,324.96,3.44
2010-08-19,10.36,2.35,13.11,0.24,0.96,2.53,7.43,185.78,327.50,3.95
2010-08-20,6.24,1.73,16.05,1.19,4.75,1.94,10.30,135.81,358.55,5.95
2010-08-21,1.04,2.61,14.54,0.87,3.47,2.83,7.81,167.28,339.24,5.69
2010-08-22,0.00,2.82,13.71,0.45,1.80,2.82,7.48,230.57,313.56,4.46
2010-08-23,10.28,1.04,11.51,0.87,3.48,1.16,7.92,93.45,348.31,2.62
2010-08-24,2.57,1.74,11.19,1.18,4.72,1.95,6.91,137.45,331.45,4.89
2010-08-25,0.17,1.85,11.52,0.71,2.84,1.92,6.64,150.97,327.10,2.70
2010-08-26,0.01,1.76,11.32,0.44,1.75,1.78,6.88,148.85,327.16,3.23
2010-08-27,0.62,1.90,10.89,0.33,1.30,1.99,6.56,174.16,315.24,2.58
2010-08-28,1.50,1.69,11.54,0.27,1.07,1.90,6.87,116.65,338.12,4.81
2010-08-29,0.96,2.42,10.78,0.24,0.94,2.69,5.90,172.72,311.48,6.87
2010-08-30,0.00,2.24,9.97,0.22,0.88,2.24,5.46,198.09,296.35,3.37
2010-08-31,0.01,2.29,10.14,0.20,0.80,2.30,5.91,238.33,283.54,2.05
2010-09-01,0.09,1.67,11.13,0.19,0.76,1.72,6.57,159.66,317.48,1.48
2010-09-02,0.03,1.99,12.95,0.18,0.72,2.02,7.57,180.35,319.47,2.50
2010-09-03,0.00,2.03,12.79,0.18,0.71,2.03,7.62,196.10,312.54,2.15
2010-09-04,0.00,1.68,12.86,0.17,0.69,1.68,7.67,138.14,333.58,3.22
2010-09-05,0.00,1.98,13.71,0.17,0.67,1.98,7.78,124.97,341.74,5.75
2010-09-06,13.21,2.42,13.57,0.17,0.67,2.70,7.35,132.11,336.84,8.35
2010-09-07,15.16,1.29,12.61,1.92,7.66,1.53,8.14,96.80,346.83,6.57
2010-09-08,0.06,1.14,12.57,0.92,3.67,1.21,8.29,103.52,343.82,3.12
2010-09-09,1.25,1.60,12.78,0.44,1.76,1.74,7.95,152.11,325.26,2.95
2010-09-10,11.22,1.17,13.96,0.40,1.60,1.34,9.19,104.79,349.19,4.38
2010-09-11,0.25,1.50,13.33,1.32,5.28,1.65,8.37,135.73,333.29,3.80
2010-09-12,1.32,1.90,12.17,0.63,2.53,2.10,6.80,146.62,319.02,4.36
2010-09-13,3.68,0.96,13.82,0.44,1.76,1.20,9.16,67.45,360.97,7.18
2010-09-14,3.07,2.02,12.15,0.66,2.63,2.30,7.08,154.01,315.05,7.58
2010-09-15,1.07,1.95,10.69,0.57,2.28,2.23,6.08,114.43,322.70,7.62
2010-09-16,0.23,1.83,10.07,0.44,1.74,2.02,5.69,128.20,311.72,5.40
2010-09-17,0.00,1.74,8.39,0.31,1.25,1.74,4.75,121.45,303.57,4.55
2010-09-18,4.05,1.23,9.56,0.26,1.04,1.41,6.13,101.71,322.02,3.88
2010-09-19,3.99,0.60,11.37,0.30,1.18,0.73,8.17,64.36,348.57,3.55
2010-09-20,0.34,1.14,12.50,0.38,1.51,1.32,8.08,102.66,336.62,4.35
2010-09-21,0.03,0.98,13.19,0.34,1.34,1.00,8.40,84.15,347.54,2.80
2010-09-22,2.60,1.02,13.58,0.29,1.14,1.17,8.62,81.05,350.26,3.71
2010-09-23,8.18,0.72,11.86,0.30,1.20,0.87,8.29,75.49,344.20,4.29
2010-09-24,0.51,1.38,7.63,0.87,3.47,1.66,5.20,104.21,305.45,6.85
2010-09-25,0.04,1.41,6.81,0.45,1.81,1.49,4.58,115.47,292.75,4.96
2010-09-26,0.44,1.03,7.46,0.31,1.23,1.22,5.37,99.72,306.12,4.02
2010-09-27,1.90,0.17,8.94,0.28,1.10,0.22,7.08,31.23,338.60,3.23
2010-09-28,10.12,0.52,11.31,0.31,1.22,0.63,8.04,53.44,349.40,3.37
2010-09-29,7.32,0.41,11.37,3.33,13.30,0.53,8.34,52.61,349.56,4.35
2010-09-30,0.59,0.84,9.05,1.65,6.60,0.94,6.54,115.23,304.53,2.38
2010-10-01,14.44,0.54,10.34,4.93,19.70,0.73,7.54,51.08,344.68,6.03
2010-10-02,3.67,0.92,9.15,2.14,8.54,1.10,6.28,94.55,312.58,4.12
2010-10-03,5.16,0.50,9.98,3.20,12.80,0.61,7.31,53.24,340.77,3.39
2010-10-04,0.57,1.14,10.65,1.55,6.21,1.34,6.82,117.50,304.56,4.85
2010-10-05,8.49,1.23,11.36,0.88,3.52,1.46,6.93,76.50,331.23,5.92
2010-10-06,0.58,1.03,10.14,2.17,8.67,1.24,6.56,84.23,319.62,5.21
2010-10-07,0.33,0.92,10.36,1.07,4.27,1.07,6.83,116.05,300.71,3.52
2010-10-08,1.16,0.26,11.96,0.72,2.89,0.36,8.48,26.76,352.65,5.18
2010-10-09,0.10,0.67,10.87,0.72,2.87,0.82,7.46,51.37,342.57,5.37
2010-10-10,0.00,0.78,10.42,0.61,2.44,0.78,6.97,65.55,330.14,4.62
2010-10-11,0.00,0.57,7.76,0.50,1.98,0.57,5.76,75.27,308.86,2.40
2010-10-12,0.01,0.42,6.15,0.43,1.70,0.43,5.35,69.80,304.11,1.76
2010-10-13,0.10,0.34,6.28,0.38,1.52,0.37,5.53,51.51,317.02,1.70
2010-10-14,0.06,0.35,8.50,0.36,1.42,0.38,6.18,29.05,335.78,2.52
2010-10-15,1.36,0.64,8.52,0.33,1.33,0.78,5.99,40.00,334.52,3.76
2010-10-16,0.04,0.52,7.02,0.32,1.27,0.55,5.41,57.05,313.23,2.74
2010-10-17,0.17,0.56,6.52,0.30,1.18,0.70,5.33,63.35,305.29,4.03
2010-10-18,2.54,0.88,8.66,0.30,1.18,1.11,5.85,46.53,327.73,5.71
2010-10-19,0.90,0.62,4.83,0.32,1.26,0.80,4.51,57.91,297.95,4.28
2010-10-20,5.95,0.85,2.55,0.31,1.22,1.08,3.36,103.62,245.41,4.83
2010-10-21,1.87,0.69,6.22,0.59,2.35,0.90,5.07,51.60,308.86,5.64
2010-10-22,8.04,0.40,6.99,0.60,2.41,0.55,5.81,38.77,324.05,4.62
2010-10-23,1.33,0.50,5.15,1.80,7.18,0.67,4.85,47.92,305.31,4.74
2010-10-24,0.04,0.52,3.09,0.87,3.48,0.57,3.90,77.98,266.11,3.87
2010-10-25,3.66,0.53,2.69,0.55,2.20,0.66,3.56,94.39,246.81,3.31
2010-10-26,3.59,0.35,8.62,0.83,3.32,0.50,6.67,33.49,334.36,5.86
2010-10-27,3.11,1.08,10.20,1.35,5.40,1.36,6.36,75.56,300.48,7.73
2010-10-28,4.03,0.68,8.86,1.32,5.28,0.88,6.15,44.28,322.91,5.66
2010-10-29,2.30,1.00,11.15,1.18,4.72,1.30,7.17,31.75,345.90,9.24
2010-10-30,0.17,0.57,7.33,0.96,3.85,0.72,5.44,70.53,286.90,4.91
2010-10-31,0.05,0.15,6.06,0.69,2.74,0.17,5.48,54.76,296.88,2.25
2010-11-01,4.15,0.26,6.81,0.55,2.20,0.36,5.77,49.22,304.56,4.22
2010-11-02,10.89,0.75,8.86,2.65,10.60,1.01,6.14,47.51,314.26,7.50
2010-11-03,15.10,0.73,7.32,3.00,12.00,0.95,5.26,45.16,306.71,5.72
2010-11-04,5.66,0.10,9.46,8.79,35.10,0.15,7.26,15.14,341.07,5.26
2010-11-05,0.73,0.31,7.65,2.85,11.40,0.42,5.89,14.31,331.65,4.26
2010-11-06,0.74,0.13,3.62,1.36,5.45,0.16,4.42,47.91,283.07,2.37
2010-11-07,1.59,0.29,2.74,1.01,4.05,0.41,3.98,54.98,268.34,4.05
2010-11-08,13.82,0.68,4.04,1.58,6.30,1.01,4.41,23.43,312.11,9.94
2010-11-09,2.76,0.71,3.85,5.08,20.30,1.00,4.15,28.45,303.21,7.48
2010-11-10,5.04,0.32,1.41,1.90,7.58,0.43,3.34,52.66,258.66,3.54
2010-11-11,19.12,0.59,5.30,7.46,29.80,0.89,4.90,36.05,300.27,9.28
2010-11-12,1.01,1.04,6.49,7.81,31.20,1.37,4.74,42.49,294.24,9.24
2010-11-13,3.36,0.31,4.09,2.60,10.40,0.44,4.40,47.12,276.90,4.64
2010-11-14,3.47,0.10,2.53,2.68,10.70,0.14,4.30,27.65,295.97,3.19
2010-11-15,0.79,0.03,1.44,2.44,9.75,0.04,3.85,57.20,249.87,2.57
2010-11-16,0.13,0.03,1.27,1.43,5.72,0.05,3.97,29.25,286.01,2.87
2010-11-17,0.17,0.67,4.66,1.09,4.36,0.86,4.45,18.23,314.68,7.13
2010-11-18,3.31,0.46,5.04,0.89,3.54,0.68,4.85,19.89,316.15,6.51
2010-11-19,1.72,0.01,5.09,1.14,4.56,0.01,5.40,23.16,312.35,2.58
2010-11-20,3.34,0.08,3.75,1.26,5.05,0.11,4.82,18.59,311.58,3.46
2010-11-21,4.96,0.17,2.70,1.39,5.57,0.25,4.29,18.36,305.47,3.83
2010-11-22,8.90,0.08,3.85,5.51,22.00,0.12,4.82,15.28,312.94,3.47
2010-11-23,0.79,0.08,2.50,2.73,10.90,0.12,4.13,33.80,278.11,3.66
2010-11-24,9.07,0.12,0.24,1.53,6.13,0.18,3.43,28.10,274.60,3.60
2010-11-25,4.38,0.25,-0.96,1.24,4.95,0.38,3.03,27.50,268.09,4.81
2010-11-26,5.35,0.05,-1.92,1.04,4.15,0.07,2.89,29.36,260.20,2.70
2010-11-27,5.91,0.09,-3.79,0.96,3.82,0.14,2.46,37.36,237.67,3.77
2010-11-28,8.45,0.09,-3.19,0.96,3.82,0.15,2.77,22.86,264.38,4.47
2010-11-29,7.88,0.07,-2.09,1.00,4.00,0.12,3.05,21.45,271.78,4.35
2010-11-30,5.69,0.27,-2.71,1.07,4.27,0.42,2.67,18.70,271.36,5.24
2010-12-01,14.34,0.26,-3.43,1.15,4.60,0.41,2.49,18.32,267.58,4.92
2010-12-02,2.86,0.03,-4.20,1.22,4.88,0.06,2.60,21.54,259.49,3.88
2010-12-03,0.61,0.01,-6.62,1.24,4.94,0.01,2.16,21.94,246.95,2.85
2010-12-04,0.00,0.00,-1.74,1.21,4.85,0.00,3.24,20.54,272.94,2.48
2010-12-05,0.00,0.03,-3.40,1.15,4.58,0.03,2.56,30.95,243.26,2.90
2010-12-06,0.31,0.00,-5.15,1.17,4.66,0.00,2.35,25.04,246.14,2.28
2010-12-07,0.00,0.01,-5.80,1.06,4.22,0.01,2.10,32.21,228.91,2.11
2010-12-08,0.00,0.03,-6.47,1.18,4.71,0.03,1.98,38.66,214.41,3.35
2010-12-09,0.19,0.22,0.72,1.22,4.87,0.27,3.48,18.96,283.71,4.35
2010-12-10,0.08,0.33,4.46,9.44,37.70,0.41,4.67,15.20,310.83,5.39
2010-12-11,0.00,0.20,4.18,10.24,40.90,0.20,4.36,29.86,277.65,4.58
2010-12-12,0.03,0.03,0.48,3.43,13.70,0.03,3.56,19.54,281.30,2.55
2010-12-13,0.68,0.05,0.05,2.13,8.50,0.07,3.46,16.14,285.97,2.55
2010-12-14,2.02,0.03,1.87,3.43,13.70,0.04,4.14,14.12,300.17,2.89
2010-12-15,4.28,0.08,2.42,5.38,21.50,0.13,4.08,20.60,287.99,3.66
2010-12-16,1.26,0.25,0.08,7.68,30.70,0.40,3.32,21.30,273.94,5.58
2010-12-17,0.00,0.28,-4.70,2.20,8.78,0.28,2.00,19.07,252.33,3.80
2010-12-18,0.06,0.03,-6.45,1.18,4.70,0.04,2.03,17.43,250.36,2.43
2010-12-19,4.96,0.00,-6.29,0.88,3.53,0.00,2.22,19.69,248.10,1.88
2010-12-20,0.00,0.00,-7.54,0.76,3.03,0.00,1.87,29.70,222.63,2.20
2010-12-21,0.00,0.00,-8.64,0.75,3.01,0.00,1.71,30.51,216.66,1.62
2010-12-22,1.16,0.01,-5.23,0.86,3.43,0.02,2.23,25.70,239.99,2.35
2010-12-23,0.42,0.03,-4.04,0.90,3.59,0.05,2.52,21.25,254.68,3.21
2010-12-24,0.00,0.02,-5.32,0.83,3.33,0.02,2.19,33.10,225.83,3.16
2010-12-25,0.00,0.01,-4.02,0.82,3.26,0.01,2.62,17.60,262.96,2.68
2010-12-26,2.45,0.01,-3.47,0.77,3.08,0.01,2.73,7.43,275.73,2.40
2010-12-27,8.98,0.00,-0.50,0.74,2.94,0.00,3.62,13.15,290.95,3.18
2010-12-28,2.84,0.00,0.69,2.78,11.10,0.00,4.02,13.05,297.58,2.58
2010-12-29,0.86,0.00,1.72,4.73,18.90,0.00,4.44,13.92,301.51,1.50
2010-12-30,0.72,0.00,2.35,4.03,16.10,0.00,4.58,13.81,304.94,1.46
2010-12-31,0.63,0.00,3.13,7.21,28.80,0.00,4.67,20.70,294.54,2.42
2011-01-01,0.04,0.19,1.91,5.91,23.60,0.21,3.89,14.04,300.52,3.59
2011-01-02,0.00,0.27,-0.19,2.20,8.80,0.27,2.92,13.57,288.77,2.77
2011-01-03,0.37,0.33,-0.53,1.33,5.30,0.45,2.86,16.43,281.11,3.65
2011-01-04,12.29,0.20,2.00,6.13,24.50,0.33,4.10,14.88,300.93,5.92
2011-01-05,2.14,0.04,1.02,6.73,26.90,0.07,3.89,20.34,285.38,4.48
2011-01-06,0.12,0.09,-0.58,2.50,10.00,0.12,3.18,24.52,268.01,3.50
2011-01-07,5.47,0.03,-3.81,1.43,5.71,0.05,2.58,18.66,265.00,2.47
2011-01-08,0.25,0.02,0.10,1.74,6.97,0.03,3.56,30.84,261.95,4.12
2011-01-09,1.19,0.15,-0.13,1.20,4.81,0.24,3.29,30.35,261.04,4.80
2011-01-10,25.61,0.07,1.59,9.86,39.40,0.11,4.09,8.72,301.66,4.79
2011-01-11,1.22,0.06,1.07,11.11,44.40,0.10,3.75,31.33,267.96,4.38
2011-01-12,5.23,0.00,2.34,5.16,20.60,0.00,4.48,17.36,302.46,3.17
2011-01-13,5.16,0.00,5.29,10.64,42.50,0.00,5.59,20.37,312.42,3.11
2011-01-14,7.32,0.14,5.59,8.79,35.10,0.22,5.27,27.24,300.87,5.11
2011-01-15,30.23,0.42,7.66,26.78,107.00,0.65,6.08,16.29,331.91,8.43
2011-01-16,0.09,0.57,7.71,15.62,62.40,0.70,5.79,24.91,316.59,8.07
2011-01-17,0.01,0.18,3.35,3.43,13.70,0.18,4.27,29.19,287.63,3.87
2011-01-18,0.21,0.07,1.39,2.00,7.99,0.10,3.73,39.50,261.84,3.56
2011-01-19,0.06,0.11,2.20,1.45,5.81,0.13,3.96,30.51,281.51,3.28
2011-01-20,0.09,0.02,-2.50,1.03,4.12,0.02,2.68,51.31,227.43,1.89
2011-01-21,0.04,0.02,-1.73,0.85,3.40,0.02,2.98,37.55,253.45,2.13
2011-01-22,0.19,0.11,1.78,0.90,3.59,0.15,3.85,25.35,290.67,2.54
2011-01-23,0.07,0.28,3.72,0.90,3.61,0.33,4.23,11.12,310.70,3.52
2011-01-24,0.70,0.39,4.33,0.85,3.40,0.54,4.47,27.52,301.22,4.76
2011-01-25,1.88,0.21,5.54,0.85,3.38,0.29,5.23,20.94,319.67,3.60
2011-01-26,4.32,0.32,2.83,1.02,4.08,0.45,4.16,21.82,304.59,4.60
2011-01-27,0.09,0.16,0.63,1.23,4.93,0.19,3.50,22.03,293.53,2.40
2011-01-28,0.02,0.06,-1.13,0.90,3.61,0.06,3.06,34.40,267.93,1.83
2011-01-29,0.36,0.01,-2.02,0.69,2.75,0.02,3.04,38.04,261.16,1.74
2011-01-30,0.21,0.14,-0.67,0.68,2.71,0.19,3.24,26.80,282.84,2.67
2011-01-31,0.94,0.19,1.61,0.66,2.63,0.30,3.98,35.36,284.43,5.10
2011-02-01,1.64,0.40,4.66,0.71,2.85,0.56,4.60,62.98,270.90,5.38
2011-02-02,3.38,0.52,5.81,1.33,5.33,0.78,5.19,25.90,319.83,7.90
2011-02-03,16.11,0.76,3.57,5.13,20.50,1.10,4.09,49.91,281.10,9.76
2011-02-04,22.68,0.57,6.35,17.82,71.20,0.88,5.43,34.05,315.10,10.25
2011-02-05,2.99,0.49,5.81,9.46,37.80,0.69,5.10,32.93,313.94,5.75
2011-02-06,19.16,0.07,4.39,7.63,30.50,0.10,5.05,15.08,315.98,3.74
2011-02-07,6.00,0.43,4.00,15.99,63.90,0.65,4.61,41.63,297.86,7.19
2011-02-08,5.38,0.34,1.59,4.10,16.40,0.47,3.65,53.61,273.70,3.79
2011-02-09,3.38,0.25,4.88,5.66,22.60,0.36,5.14,30.10,315.95,4.61
2011-02-10,0.09,0.24,3.83,3.50,14.00,0.30,4.51,74.82,269.17,2.90
2011-02-11,9.25,0.09,2.19,2.55,10.20,0.12,4.46,30.25,304.13,3.13
2011-02-12,1.58,0.19,3.47,5.03,20.10,0.27,4.68,50.79,292.33,3.61
2011-02-13,6.25,0.13,3.89,3.15,12.60,0.20,4.86,17.59,313.44,5.04
2011-02-14,0.24,0.22,2.54,3.83,15.30,0.31,4.33,44.94,294.25,3.64
2011-02-15,7.22,0.25,1.59,2.37,9.48,0.38,4.05,35.18,298.47,4.83
2011-02-16,0.48,0.23,3.34,4.61,18.40,0.32,4.62,54.46,292.29,3.48
2011-02-17,0.16,0.15,2.44,2.15,8.58,0.18,4.43,38.71,301.65,2.14
2011-02-18,2.39,0.34,2.51,1.46,5.84,0.50,4.23,34.73,304.98,5.20
2011-02-19,5.75,0.28,1.34,1.96,7.83,0.43,3.98,36.35,298.74,5.47
2011-02-20,0.44,0.33,1.89,2.95,11.80,0.46,4.04,39.72,299.13,4.47
2011-02-21,0.57,0.33,1.01,1.90,7.60,0.46,3.74,37.62,296.64,4.10
2011-02-22,4.07,0.22,2.87,1.58,6.32,0.28,4.54,51.88,297.34,2.34
2011-02-23,0.32,0.27,6.61,3.28,13.10,0.38,5.97,37.67,327.03,4.52
2011-02-24,1.57,0.69,7.80,1.78,7.13,0.90,5.83,65.67,312.50,5.41
2011-02-25,1.52,0.79,8.59,1.51,6.03,1.03,6.11,54.99,324.84,6.43
2011-02-26,1.72,0.58,5.31,1.55,6.18,0.73,4.86,69.88,298.49,3.70
2011-02-27,0.20,0.69,3.28,1.23,4.90,0.87,3.96,71.13,286.93,4.30
2011-02-28,1.14,0.59,2.33,1.01,4.02,0.72,3.71,86.14,273.33,2.86
2011-03-01,0.05,0.64,2.83,0.88,3.50,0.68,3.86,121.35,256.69,2.03
2011-03-02,0.05,0.60,1.68,0.75,3.01,0.64,3.64,97.05,267.49,3.00
2011-03-03,0.10,0.08,2.08,0.69,2.75,0.09,4.32,25.48,304.43,1.97
2011-03-04,0.18,0.44,4.45,0.67,2.67,0.51,4.74,60.91,305.82,1.96
2011-03-05,0.00,0.57,3.81,0.63,2.50,0.58,4.27,59.02,303.26,2.96
2011-03-06,0.00,0.81,2.04,0.57,2.26,0.81,3.35,97.32,270.67,3.13
2011-03-07,0.08,0.77,1.30,0.52,2.07,0.89,3.47,118.07,258.80,3.88
2011-03-08,2.61,0.91,3.18,0.51,2.02,1.18,4.00,102.33,277.72,6.44
2011-03-09,9.24,1.12,3.46,0.68,2.72,1.44,3.93,115.21,272.29,7.98
2011-03-10,4.42,1.32,4.64,3.23,12.90,1.67,4.21,122.00,275.25,9.69
2011-03-11,12.84,1.02,2.89,2.06,8.22,1.31,3.79,105.86,276.55,6.67
2011-03-12,7.65,0.21,3.19,6.96,27.80,0.30,4.59,30.02,309.76,3.79
2011-03-13,0.22,0.59,2.87,5.58,22.30,0.72,4.25,82.87,292.25,3.16
2011-03-14,0.29,0.83,2.32,2.04,8.16,0.98,3.76,116.50,271.94,3.09
2011-03-15,3.47,0.10,2.92,1.81,7.23,0.14,4.74,31.60,309.16,3.09
2011-03-16,0.24,0.57,3.00,1.89,7.54,0.66,4.67,103.50,287.12,2.19
2011-03-17,0.11,0.63,3.82,1.25,4.98,0.76,4.48,72.63,304.24,3.15
2011-03-18,0.03,1.33,2.46,0.89,3.55,1.38,3.29,180.07,243.25,3.43
2011-03-19,0.04,1.17,3.89,0.71,2.83,1.21,3.82,130.66,275.48,3.55
2011-03-20,0.11,0.88,6.19,0.63,2.53,1.03,5.14,75.39,316.30,4.96
2011-03-21,0.07,1.64,8.57,0.60,2.41,1.76,5.57,167.37,286.08,5.24
2011-03-22,0.00,1.23,8.67,0.54,2.15,1.23,5.85,119.64,309.90,3.57
2011-03-23,0.04,1.27,8.42,0.50,1.98,1.31,5.59,135.30,301.90,2.40
2011-03-24,0.05,1.38,7.34,0.46,1.84,1.43,4.90,161.10,284.43,1.79
2011-03-25,0.05,0.99,5.34,0.44,1.76,1.03,4.71,117.36,296.19,2.21
2011-03-26,0.12,0.72,4.90,0.43,1.72,0.82,4.82,70.13,315.18,3.60
2011-03-27,0.00,1.17,5.11,0.42,1.66,1.17,4.47,134.78,288.48,2.81
2011-03-28,0.00,1.10,4.76,0.39,1.56,1.10,4.38,129.39,289.71,2.33
2011-03-29,7.41,0.98,5.42,0.38,1.52,1.09,4.64,104.05,304.26,2.17
2011-03-30,8.04,0.61,6.59,0.85,3.41,0.74,5.87,70.01,326.33,3.28
2011-03-31,4.64,1.52,8.21,1.90,7.61,1.81,5.70,139.73,306.15,7.56
2011-04-01,8.85,1.29,10.44,2.98,11.90,1.57,6.84,84.41,340.13,7.75
2011-04-02,1.29,1.80,9.54,2.88,11.50,2.07,5.97,147.01,311.69,6.69
2011-04-03,0.78,1.70,6.92,1.44,5.76,1.93,4.92,172.00,289.10,5.06
2011-04-04,6.85,1.14,6.62,1.25,5.00,1.43,5.24,94.39,318.17,7.01
2011-04-05,4.70,1.62,11.24,3.35,13.40,1.93,7.22,131.44,329.58,9.08
2011-04-06,0.99,2.25,12.56,3.20,12.80,2.54,7.09,137.47,333.19,8.57
2011-04-07,0.00,2.45,9.21,1.35,5.38,2.45,5.12,210.10,287.25,5.41
2011-04-08,0.00,2.53,10.48,0.75,2.98,2.53,5.77,231.05,288.45,4.09
2011-04-09,0.00,2.33,10.48,0.56,2.22,2.33,6.42,239.50,290.06,2.93
2011-04-10,0.00,2.62,11.56,0.48,1.93,2.62,6.26,239.85,293.38,3.15
2011-04-11,0.19,1.70,8.95,0.45,1.80,1.82,5.70,137.92,317.23,5.03
2011-04-12,0.07,2.48,6.40,0.43,1.71,2.58,3.96,233.47,267.17,5.69
2011-04-13,0.04,1.22,6.40,0.37,1.47,1.28,5.00,99.37,318.31,4.98
2011-04-14,0.00,1.27,8.97,0.37,1.48,1.28,6.12,107.98,329.60,3.28
2011-04-15,0.00,1.26,9.29,0.36,1.42,1.27,6.17,102.34,333.21,2.92
2011-04-16,0.00,1.86,8.62,0.34,1.35,1.86,5.50,171.04,307.04,3.37
2011-04-17,0.00,2.67,8.43,0.32,1.27,2.67,5.04,280.61,269.34,2.60
2011-04-18,0.00,1.77,9.39,0.31,1.23,1.77,5.70,156.04,316.58,2.25
2011-04-19,0.00,2.25,10.05,0.30,1.19,2.25,5.59,200.51,305.00,2.32
2011-04-20,0.00,2.51,9.83,0.29,1.14,2.51,5.47,236.55,292.82,2.27
2011-04-21,0.00,2.06,10.00,0.28,1.10,2.06,5.94,181.71,313.31,2.79
2011-04-22,0.04,2.34,10.65,0.27,1.07,2.39,6.07,201.07,310.87,3.24
2011-04-23,2.00,1.55,10.72,0.27,1.09,1.68,7.12,141.11,332.39,2.55
2011-04-24,0.01,2.47,9.56,0.28,1.10,2.48,5.62,232.61,296.56,2.79
2011-04-25,0.00,2.18,8.61,0.25,1.01,2.18,5.14,195.34,302.73,3.06
2011-04-26,0.00,2.15,7.04,0.24,0.96,2.17,4.69,207.97,291.68,3.79
2011-04-27,0.00,2.79,6.80,0.24,0.94,2.79,4.40,300.91,262.22,2.67
2011-04-28,0.00,2.76,6.87,0.23,0.93,2.76,4.63,303.97,263.87,3.25
2011-04-29,0.00,2.02,8.44,0.23,0.92,2.02,5.67,195.41,306.30,5.21
2011-04-30,0.00,3.55,9.50,0.22,0.90,3.55,4.76,315.78,270.22,6.05
2011-05-01,0.00,3.79,9.35,0.22,0.86,3.79,4.37,332.72,265.11,5.30
2011-05-02,0.00,3.06,7.14,0.21,0.85,3.06,4.26,307.63,265.75,4.81
2011-05-03,0.04,2.89,6.15,0.21,0.84,2.95,3.77,291.42,264.44,3.54
2011-05-04,0.00,3.27,6.73,0.21,0.84,3.27,3.79,331.65,255.65,3.51
2011-05-05,5.16,1.73,9.22,0.21,0.85,1.91,5.62,125.42,331.06,3.59
2011-05-06,4.80,1.89,12.27,0.27,1.07,2.06,7.28,135.41,345.20,3.70
2011-05-07,18.82,1.72,12.85,0.30,1.20,1.89,7.99,128.14,350.51,3.98
2011-05-08,1.98,2.18,12.27,1.10,4.40,2.37,7.55,180.47,334.94,4.57
2011-05-09,0.29,2.81,10.97,0.53,2.12,2.99,6.34,243.90,310.65,4.71
2011-05-10,0.42,2.30,10.97,0.35,1.39,2.51,6.58,184.68,326.87,5.88
2011-05-11,1.63,2.53,10.53,0.29,1.17,2.76,6.09,202.40,319.43,5.36
2011-05-12,1.45,2.39,9.58,0.28,1.11,2.66,5.96,213.30,312.83,6.41
2011-05-13,1.43,2.07,7.91,0.26,1.04,2.30,5.25,183.36,311.62,5.01
2011-05-14,0.46,2.23,8.22,0.24,0.98,2.49,5.20,186.24,312.13,5.97
2011-05-15,0.42,1.50,8.99,0.23,0.94,1.73,6.14,118.36,334.89,5.48
2011-05-16,1.49,1.70,11.43,0.24,0.95,1.97,7.21,117.61,347.54,7.27
2011-05-17,1.23,1.80,11.25,0.24,0.97,2.02,7.10,138.70,341.84,5.11
2011-05-18,1.48,2.65,10.48,0.24,0.97,2.93,5.99,201.10,321.20,7.37
2011-05-19,0.08,2.97,9.13,0.23,0.92,3.05,4.89,240.85,301.72,5.00
2011-05-20,0.88,2.75,9.13,0.22,0.87,3.02,5.32,233.28,305.99,6.23
2011-05-21,12.26,2.13,10.38,0.22,0.88,2.40,6.25,150.29,334.52,6.87
2011-05-22,9.36,2.94,9.45,0.51,2.04,3.23,5.62,271.83,299.60,7.62
2011-05-23,6.00,2.40,9.04,1.37,5.48,2.75,5.53,183.19,319.39,10.62
2011-05-24,1.14,3.48,8.41,0.76,3.03,3.80,4.59,316.95,279.81,8.30
2011-05-25,1.72,2.07,9.20,0.42,1.67,2.29,5.33,137.55,330.81,4.61
2011-05-26,3.57,1.46,9.33,0.34,1.35,1.65,6.49,124.93,336.85,4.20
2011-05-27,1.54,2.24,9.15,0.34,1.35,2.49,5.56,171.58,323.35,5.77
2011-05-28,3.93,2.77,9.84,0.31,1.23,3.05,5.76,233.21,312.36,7.04
2011-05-29,0.87,2.98,10.28,0.31,1.23,3.26,5.84,248.88,310.78,7.22
2011-05-30,0.82,2.14,8.74,0.28,1.12,2.30,5.58,184.74,319.10,3.23
2011-05-31,0.31,3.36,9.04,0.26,1.03,3.52,5.04,308.03,288.73,4.29
2011-06-01,0.05,2.28,12.06,0.24,0.94,2.34,7.22,169.01,340.21,6.74
2011-06-02,0.00,4.25,15.28,0.23,0.91,4.25,8.23,340.84,315.71,3.71
2011-06-03,0.00,4.93,16.31,0.20,0.82,4.93,8.23,383.39,309.16,2.73
2011-06-04,0.00,1.76,10.36,0.19,0.77,1.76,6.69,139.70,339.00,4.78
2011-06-05,1.64,1.66,8.40,0.20,0.82,1.86,5.61,129.04,331.00,4.11
2011-06-06,0.01,2.59,9.82,0.21,0.83,2.61,5.67,217.85,315.72,2.97
2011-06-07,2.49,1.94,9.09,0.20,0.80,2.12,6.03,169.63,325.52,3.65
2011-06-08,1.45,2.09,9.18,0.21,0.84,2.28,6.18,195.48,320.39,3.70
2011-06-09,0.68,2.93,9.07,0.20,0.79,3.11,5.30,262.67,300.73,4.70
2011-06-10,9.63,2.56,8.01,0.21,0.83,2.69,5.04,238.81,301.60,2.21
2011-06-11,6.44,1.54,7.52,0.28,1.13,1.70,5.60,140.88,324.80,3.05
2011-06-12,10.07,2.31,9.12,0.41,1.62,2.51,6.22,229.66,312.72,4.07
2011-06-13,0.01,2.33,11.73,0.91,3.64,2.36,7.14,187.11,335.46,5.61
2011-06-14,0.00,3.99,12.45,0.41,1.63,3.99,5.93,318.96,302.16,3.40
2011-06-15,2.03,2.04,13.35,0.27,1.09,2.20,7.99,146.33,352.99,3.53
2011-06-16,0.04,2.82,11.47,0.25,0.98,2.86,6.57,231.33,322.80,3.94
2011-06-17,1.26,2.26,10.42,0.22,0.87,2.45,6.51,193.17,327.31,3.92
2011-06-18,9.42,1.42,10.71,0.27,1.06,1.60,7.40,124.68,345.17,3.70
2011-06-19,2.25,2.08,11.37,0.46,1.83,2.25,7.30,177.89,336.44,3.57
2011-06-20,7.74,2.65,12.10,0.36,1.45,2.78,6.87,209.44,331.43,2.71
2011-06-21,5.70,1.46,11.72,0.78,3.11,1.65,8.00,129.21,349.07,4.61
2011-06-22,6.93,1.77,11.14,1.00,3.99,1.97,7.41,155.16,340.55,4.32
2011-06-23,2.11,1.84,10.29,1.38,5.52,2.00,6.71,154.44,336.03,3.17
2011-06-24,2.71,2.51,10.05,0.85,3.40,2.69,5.80,201.87,321.68,3.71
2011-06-25,0.33,1.82,12.99,0.52,2.08,2.00,8.49,153.76,349.91,4.46
2011-06-26,0.32,2.70,17.08,0.41,1.65,2.86,10.31,191.17,361.81,4.51
2011-06-27,3.05,2.24,15.70,0.35,1.38,2.38,9.98,175.59,358.31,3.03
2011-06-28,0.04,3.22,12.09,0.29,1.14,3.27,6.54,263.14,317.30,3.05
2011-06-29,1.47,3.18,11.14,0.24,0.97,3.35,6.17,270.38,310.48,3.48
2011-06-30,0.98,2.57,10.83,0.24,0.94,2.74,6.21,206.00,324.83,3.51
2011-07-01,0.00,2.67,11.40,0.22,0.86,2.67,6.23,211.18,325.16,2.61
2011-07-02,0.00,3.13,12.21,0.21,0.82,3.13,6.65,259.23,317.69,2.04
2011-07-03,0.00,4.23,13.87,0.19,0.78,4.23,7.08,349.32,302.68,2.39
2011-07-04,0.00,3.46,15.23,0.18,0.72,3.46,7.80,251.91,334.88,2.80
2011-07-05,9.00,2.36,14.98,0.18,0.72,2.53,8.42,148.23,359.76,4.12
2011-07-06,2.71,1.83,12.53,0.24,0.97,2.00,8.20,156.16,346.32,3.72
2011-07-07,0.55,2.39,12.67,0.25,0.98,2.60,7.58,186.85,339.10,4.94
2011-07-08,3.46,2.17,11.84,0.22,0.88,2.31,7.75,193.29,334.24,2.93
2011-07-09,8.87,2.34,13.13,0.26,1.03,2.50,8.07,191.23,340.61,3.42
2011-07-10,2.44,2.04,13.06,0.35,1.41,2.16,7.87,154.84,348.43,2.76
2011-07-11,0.83,2.29,12.72,0.36,1.44,2.43,7.73,185.67,339.35,2.79
2011-07-12,0.00,2.24,11.84,0.27,1.09,2.24,6.79,164.02,338.99,3.54
2011-07-13,0.00,3.24,11.21,0.22,0.86,3.24,5.99,275.88,305.11,3.06
2011-07-14,0.00,3.53,13.18,0.19,0.76,3.53,6.98,290.25,312.51,2.70
2011-07-15,5.84,2.61,14.47,0.18,0.72,2.78,8.05,180.68,348.11,3.91
2011-07-16,31.66,1.55,13.06,2.13,8.51,1.74,8.76,136.52,352.25,4.42
2011-07-17,3.74,1.93,12.92,5.13,20.50,2.10,8.53,172.60,343.35,4.00
2011-07-18,4.08,1.57,12.70,1.24,4.95,1.76,8.24,124.42,353.05,4.26
2011-07-19,19.27,1.83,13.19,3.05,12.20,1.97,8.25,143.76,350.76,2.78
2011-07-20,2.99,1.49,11.95,5.86,23.40,1.62,7.72,117.18,350.89,2.75
2011-07-21,0.10,2.29,11.71,1.60,6.41,2.36,6.83,181.48,332.55,3.06
2011-07-22,0.00,1.91,10.54,0.75,3.01,1.91,6.25,144.01,335.81,3.00
2011-07-23,0.00,2.81,10.90,0.50,2.01,2.81,5.96,225.61,314.43,4.27
2011-07-24,0.02,3.61,11.99,0.38,1.50,3.65,5.97,296.10,298.65,4.21
2011-07-25,1.62,2.12,11.87,0.31,1.25,2.27,6.61,148.92,340.45,3.14
2011-07-26,0.01,2.11,12.50,0.30,1.18,2.11,7.37,161.82,340.99,3.02
2011-07-27,0.00,2.50,13.83,0.27,1.07,2.50,8.09,200.96,337.74,2.23
2011-07-28,2.00,1.88,13.08,0.25,1.00,2.00,8.50,162.45,344.32,2.87
2011-07-29,0.00,2.34,12.61,0.24,0.96,2.34,7.15,180.36,335.40,2.90
2011-07-30,0.00,2.79,13.17,0.22,0.89,2.79,7.41,230.99,324.50,2.28
2011-07-31,0.00,1.95,14.74,0.21,0.85,1.95,8.62,131.34,359.10,3.32
2011-08-01,6.34,1.53,16.55,0.22,0.86,1.63,10.33,108.39,372.46,2.32
2011-08-02,9.30,1.60,15.30,1.15,4.60,1.69,10.05,131.26,360.93,2.05
2011-08-03,0.55,2.62,15.56,0.59,2.36,2.73,9.41,213.15,341.57,2.24
2011-08-04,8.18,1.36,14.56,0.77,3.08,1.48,9.89,119.53,359.73,2.79
2011-08-05,0.00,2.90,14.67,0.69,2.75,2.90,7.91,212.06,333.92,4.02
2011-08-06,28.23,1.30,11.23,9.71,38.80,1.42,7.67,113.77,345.46,2.53
2011-08-07,6.22,1.46,11.11,4.08,16.30,1.64,7.47,128.58,340.53,4.03
2011-08-08,0.05,2.18,12.09,1.79,7.16,2.30,7.05,156.47,336.06,5.64
2011-08-09,5.19,2.96,11.83,0.81,3.22,3.15,5.95,223.16,310.75,4.43
2011-08-10,8.45,0.56,11.89,1.61,6.45,0.73,8.43,55.86,352.36,5.60
2011-08-11,7.98,1.15,12.58,5.91,23.60,1.34,8.72,109.62,351.80,4.76
2011-08-12,4.50,1.18,12.94,3.78,15.10,1.33,8.84,106.03,354.17,3.70
2011-08-13,0.28,1.82,14.74,2.98,11.90,1.96,9.07,131.00,355.79,5.07
2011-08-14,1.20,2.15,13.40,1.37,5.47,2.32,7.68,159.99,339.63,3.70
2011-08-15,1.62,2.44,12.02,0.88,3.53,2.62,6.68,196.21,319.68,3.83
2011-08-16,5.76,1.48,12.00,1.25,5.01,1.65,7.88,128.75,342.27,3.73
2011-08-17,0.08,2.31,11.52,0.99,3.96,2.36,6.51,195.09,316.45,3.11
2011-08-18,4.98,1.38,11.22,0.73,2.92,1.47,7.33,119.92,340.18,1.94
2011-08-19,2.09,2.25,12.23,1.11,4.45,2.44,7.10,183.60,323.74,4.34
2011-08-20,3.48,2.54,14.08,0.78,3.10,2.75,7.89,188.69,331.19,5.20
2011-08-21,0.07,2.33,14.22,1.00,4.01,2.38,8.11,177.57,335.28,4.15
2011-08-22,0.00,1.94,12.60,0.67,2.68,1.94,6.90,144.26,336.06,2.61
2011-08-23,0.36,1.62,12.45,0.44,1.76,1.76,7.45,122.38,343.22,3.07
2011-08-24,0.71,1.81,11.97,0.38,1.50,1.97,7.51,163.13,327.69,3.32
2011-08-25,1.27,1.87,10.95,0.35,1.38,1.99,6.77,174.60,317.29,2.41
2011-08-26,26.08,1.01,10.91,8.51,34.00,1.11,7.61,93.92,344.39,2.15
2011-08-27,4.67,1.25,11.02,4.76,19.00,1.38,7.17,102.50,341.48,2.93
2011-08-28,1.46,1.77,9.99,2.44,9.73,2.04,6.12,122.44,327.81,6.71
2011-08-29,0.01,1.79,10.49,1.08,4.32,1.80,6.08,111.33,333.37,5.30
2011-08-30,0.17,1.29,11.10,0.70,2.78,1.40,7.04,94.73,343.25,3.82
2011-08-31,0.00,1.07,10.42,0.54,2.17,1.07,6.68,87.44,341.92,1.81
2011-09-01,0.40,1.49,12.11,0.46,1.83,1.60,7.08,109.97,341.33,2.71
2011-09-02,1.63,1.55,13.80,0.42,1.67,1.74,8.19,91.05,356.62,4.82
2011-09-03,3.51,1.14,14.27,0.42,1.69,1.31,9.24,84.59,360.55,4.34
2011-09-04,2.29,1.65,12.34,0.51,2.05,1.76,7.49,151.56,326.05,2.25
2011-09-05,13.93,1.27,11.00,0.48,1.93,1.46,7.21,108.26,335.37,4.30
2011-09-06,4.13,1.78,12.34,4.88,19.50,2.09,7.64,134.65,331.40,9.30
2011-09-07,1.39,1.80,11.48,1.69,6.76,2.07,6.80,116.32,332.47,7.03
2011-09-08,2.62,1.71,11.56,0.79,3.17,1.90,6.80,134.20,324.98,4.26
2011-09-09,0.45,0.94,12.55,0.64,2.57,1.07,8.35,78.74,352.45,3.23
2011-09-10,1.56,1.26,15.48,0.61,2.45,1.45,9.85,87.49,362.52,5.22
2011-09-11,5.45,1.65,12.65,0.60,2.38,1.92,7.54,89.92,347.28,7.56
2011-09-12,3.04,1.83,13.17,2.60,10.40,2.15,7.94,111.52,340.72,10.40
2011-09-13,0.33,2.08,11.46,1.58,6.33,2.39,6.52,118.05,326.96,9.27
2011-09-14,0.04,2.01,10.94,0.67,2.68,2.07,6.20,152.70,307.69,6.17
2011-09-15,0.35,1.47,9.12,0.43,1.72,1.60,5.65,152.47,297.91,2.51
2011-09-16,22.41,0.47,10.22,3.00,12.00,0.63,7.33,37.18,344.61,5.33
2011-09-17,0.43,0.99,10.51,4.71,18.80,1.14,7.25,103.09,328.64,3.44
2011-09-18,1.77,0.83,9.58,1.46,5.83,0.95,6.92,89.89,329.21,2.88
2011-09-19,3.70,1.09,11.05,1.03,4.12,1.29,7.37,101.95,330.29,4.76
2011-09-20,0.17,1.33,10.97,1.37,5.47,1.44,6.86,106.56,326.01,4.89
2011-09-21,5.37,1.40,9.84,1.48,5.91,1.67,6.28,97.31,323.54,7.16
2011-09-22,0.02,1.75,10.13,1.28,5.13,1.80,5.85,124.04,309.17,6.05
2011-09-23,0.05,1.25,12.20,0.69,2.77,1.30,7.45,75.02,345.35,5.26
2011-09-24,0.01,1.32,12.19,0.52,2.08,1.35,7.43,100.03,332.45,4.84
2011-09-25,2.08,1.17,12.24,0.45,1.79,1.37,7.67,83.30,340.52,5.18
2011-09-26,0.00,1.56,10.74,0.42,1.67,1.56,6.11,128.56,306.00,4.22
2011-09-27,0.06,1.16,12.72,0.37,1.48,1.22,7.86,86.86,339.69,4.55
2011-09-28,0.02,1.92,16.58,0.35,1.39,1.96,9.45,161.19,321.54,4.37
2011-09-29,0.07,1.57,16.52,0.32,1.28,1.67,9.62,127.04,337.34,3.75
2011-09-30,0.60,1.72,17.10,0.30,1.21,1.85,9.37,145.68,328.18,3.02
2011-10-01,1.56,0.94,15.68,0.30,1.18,1.04,9.45,75.92,356.88,2.41
2011-10-02,2.27,0.28,13.80,0.31,1.25,0.34,9.27,28.65,361.11,2.93
2011-10-03,0.43,1.23,13.44,0.35,1.41,1.44,8.23,68.84,348.32,6.61
2011-10-04,2.19,1.46,10.23,0.33,1.30,1.72,5.95,58.37,336.33,6.53
2011-10-05,2.64,1.27,13.37,0.35,1.41,1.55,8.28,61.63,350.85,8.62
2011-10-06,2.31,1.29,7.03,0.49,1.95,1.59,4.97,99.59,292.14,7.80
2011-10-07,1.04,1.34,8.68,0.48,1.91,1.58,5.35,107.18,293.64,5.57
2011-10-08,5.93,0.27,9.13,0.40,1.59,0.35,6.81,25.68,339.35,3.55
2011-10-09,4.47,0.70,13.22,0.95,3.79,0.89,8.78,48.86,355.29,5.80
2011-10-10,1.20,0.82,11.47,1.34,5.36,1.02,7.55,56.34,341.56,5.63
2011-10-11,8.92,0.87,9.94,0.88,3.52,1.07,6.57,67.96,324.82,4.98
2011-10-12,1.73,0.38,8.31,3.03,12.10,0.46,6.49,51.59,328.13,2.44
2011-10-13,0.00,0.40,9.96,1.51,6.04,0.40,7.20,45.51,339.64,2.60
2011-10-14,0.00,0.61,11.59,0.87,3.46,0.61,7.68,46.22,346.26,3.77
2011-10-15,0.77,0.86,10.13,0.62,2.47,1.03,6.47,83.93,309.75,4.15
2011-10-16,0.10,0.75,9.72,0.51,2.04,0.85,6.53,80.06,310.21,4.42
2011-10-17,11.08,0.84,7.81,2.00,8.01,1.12,5.73,44.95,325.84,7.71
2011-10-18,2.44,1.00,5.61,2.73,10.90,1.30,4.58,76.10,287.64,7.74
2011-10-19,0.03,0.94,4.26,1.23,4.92,0.99,3.80,81.40,273.12,4.92
2011-10-20,4.20,0.54,4.96,0.71,2.85,0.70,4.68,73.34,285.76,4.10
2011-10-21,0.49,0.65,10.16,0.92,3.66,0.83,7.06,36.06,342.60,6.91
2011-10-22,0.35,1.14,9.08,0.84,3.35,1.41,5.70,62.97,311.39,6.83
2011-10-23,0.58,0.97,10.86,0.62,2.46,1.20,6.83,34.86,345.34,6.47
2011-10-24,2.95,1.13,10.85,0.53,2.10,1.42,6.79,45.88,334.71,8.55
2011-10-25,2.69,0.54,9.94,0.58,2.30,0.73,7.01,34.32,340.49,5.89
2011-10-26,0.69,0.35,7.31,0.72,2.88,0.46,5.82,67.92,296.37,3.54
2011-10-27,0.89,0.28,7.36,0.60,2.38,0.36,6.05,38.47,322.79,3.52
2011-10-28,0.16,0.56,6.70,0.54,2.14,0.69,5.15,71.56,285.10,4.37
2011-10-29,2.77,0.55,8.85,0.48,1.91,0.76,6.44,33.41,333.12,6.34
2011-10-30,1.36,0.61,11.07,0.66,2.62,0.79,7.27,43.66,333.30,5.17
2011-10-31,3.70,0.53,12.68,0.64,2.57,0.69,8.41,31.76,352.11,5.60
2011-11-01,0.08,0.39,8.33,0.94,3.74,0.46,6.05,62.77,297.33,3.93
2011-11-02,6.43,0.49,8.26,0.69,2.74,0.67,6.14,39.65,320.25,5.64
2011-11-03,1.07,0.34,11.74,1.64,6.55,0.46,8.16,32.68,344.59,5.20
2011-11-04,0.55,0.13,9.76,1.30,5.20,0.16,7.31,29.45,337.83,2.43
2011-11-05,0.08,0.11,5.75,0.91,3.64,0.14,5.41,40.33,304.74,2.48
2011-11-06,0.06,0.08,3.15,0.64,2.54,0.09,4.31,73.02,253.21,2.13
2011-11-07,0.46,0.03,2.64,0.53,2.10,0.04,4.40,46.68,280.09,2.11
2011-11-08,0.75,0.16,8.15,0.53,2.13,0.22,6.55,26.70,330.33,3.92
2011-11-09,0.82,0.31,9.01,0.54,2.17,0.43,6.70,24.75,335.96,4.66
2011-11-10,0.23,0.20,9.76,0.54,2.17,0.26,7.19,25.25,338.48,3.85
2011-11-11,8.28,0.34,8.40,0.74,2.97,0.50,6.48,23.35,333.46,6.29
2011-11-12,0.21,0.12,8.35,2.14,8.57,0.17,6.47,41.40,309.51,3.84
2011-11-13,0.18,0.05,8.05,0.92,3.69,0.06,6.73,21.34,333.47,3.81
2011-11-14,0.08,0.22,7.04,0.73,2.90,0.26,5.87,22.98,325.12,4.00
2011-11-15,0.01,0.29,6.80,0.61,2.42,0.29,5.61,22.97,322.91,4.01
2011-11-16,0.10,0.20,5.52,0.53,2.12,0.23,5.02,29.14,306.45,3.10
2011-11-17,0.53,0.33,7.48,0.49,1.94,0.46,5.77,36.40,305.14,5.21
2011-11-18,0.00,0.53,10.55,0.46,1.82,0.54,7.18,19.42,344.85,6.34
2011-11-19,0.04,0.10,7.27,0.43,1.70,0.11,5.90,27.91,315.30,2.99
2011-11-20,1.26,0.02,6.56,0.40,1.60,0.03,5.87,25.03,315.97,2.60
2011-11-21,1.44,0.05,7.27,0.44,1.77,0.07,6.18,19.90,326.70,2.99
2011-11-22,0.07,0.05,5.87,0.49,1.95,0.06,5.48,25.73,309.59,3.08
2011-11-23,4.52,0.47,8.35,0.49,1.96,0.68,6.15,9.81,335.12,6.98
2011-11-24,8.98,0.65,9.62,1.93,7.73,0.89,6.56,21.14,333.54,7.54
2011-11-25,4.83,0.53,4.43,3.65,14.60,0.77,4.38,31.10,288.48,6.91
2011-11-26,10.81,0.72,9.06,3.85,15.40,1.03,6.38,18.25,334.59,9.83
2011-11-27,0.78,0.88,6.81,6.01,24.00,1.20,4.92,38.60,284.85,9.16
2011-11-28,2.00,0.57,5.89,1.66,6.64,0.80,4.95,18.25,316.73,6.56
2011-11-29,4.45,0.75,7.85,2.18,8.71,1.06,5.77,16.82,329.22,9.58
2011-11-30,7.95,0.65,5.54,1.81,7.24,0.94,4.76,24.95,301.05,8.30
2011-12-01,0.18,0.29,3.51,4.00,16.00,0.43,4.30,26.36,287.90,5.69
2011-12-02,4.38,0.21,2.68,1.59,6.36,0.33,4.27,17.98,299.87,5.65
2011-12-03,2.58,0.66,4.60,2.35,9.40,0.94,4.28,31.77,279.80,8.06
2011-12-04,1.56,0.31,1.22,1.62,6.48,0.49,3.56,24.32,277.77,5.77
2011-12-05,0.38,0.18,0.11,1.07,4.28,0.29,3.36,28.52,264.29,5.29
2011-12-06,4.66,0.21,0.66,0.91,3.65,0.33,3.44,24.66,273.30,4.74
2011-12-07,9.60,0.49,2.10,2.80,11.20,0.75,3.69,27.18,274.18,7.71
2011-12-08,6.32,0.80,4.08,11.39,45.50,1.17,4.24,16.26,306.11,10.95
2011-12-09,0.05,0.50,1.16,3.05,12.20,0.59,3.31,19.64,282.87,5.94
2011-12-10,4.12,0.08,0.29,1.46,5.85,0.12,3.53,19.54,280.99,3.68
2011-12-11,5.08,0.10,3.72,3.03,12.10,0.15,4.72,14.85,308.57,4.39
2011-12-12,7.11,0.23,2.57,3.18,12.70,0.38,4.06,25.85,278.34,6.16
2011-12-13,10.85,0.86,2.78,7.83,31.30,1.23,3.72,20.28,288.37,11.44
2011-12-14,0.55,0.64,2.35,5.91,23.60,0.88,3.74,16.36,295.25,8.84
2011-12-15,0.91,0.00,0.61,2.14,8.55,0.00,3.68,26.90,266.84,3.05
2011-12-16,4.51,0.00,-0.82,1.81,7.24,0.01,3.43,7.39,289.51,2.86
2011-12-17,1.03,0.16,-0.25,1.31,5.22,0.25,3.27,17.70,279.91,4.05
2011-12-18,0.13,0.12,-0.65,0.96,3.82,0.16,2.98,33.12,245.18,3.96
2011-12-19,3.60,0.01,1.10,2.39,9.53,0.02,3.96,7.33,299.27,3.62
2011-12-20,5.75,0.40,2.94,3.33,13.30,0.56,3.96,12.62,306.41,4.69
2011-12-21,0.42,0.01,5.74,5.18,20.70,0.01,5.63,13.07,321.82,3.24
2011-12-22,5.17,0.39,9.34,2.70,10.80,0.57,6.59,19.21,325.63,6.50
2011-12-23,1.00,0.35,5.19,4.13,16.50,0.50,4.89,14.39,314.94,5.34
2011-12-24,4.20,0.48,4.80,3.03,12.10,0.71,4.70,13.13,315.57,6.93
2011-12-25,3.74,0.68,9.57,5.31,21.20,0.96,6.56,14.82,336.39,8.78
2011-12-26,1.09,0.99,10.43,3.55,14.20,1.32,6.72,15.77,338.47,10.77
2011-12-27,5.16,0.34,6.08,2.05,8.21,0.47,5.17,14.78,319.02,4.72
2011-12-28,4.44,1.03,5.52,4.13,16.50,1.40,4.44,22.88,296.57,11.35
2011-12-29,3.29,0.65,3.17,3.20,12.80,0.95,3.91,18.31,295.47,8.03
2011-12-30,8.89,0.29,2.31,3.90,15.60,0.42,3.97,13.82,302.45,4.72
2011-12-31,5.53,0.28,7.91,4.00,16.00,0.41,6.19,14.12,331.33,5.69
2012-01-01,2.42,0.50,5.42,4.03,16.10,0.73,4.82,18.80,307.27,6.87
2012-01-02,11.45,0.47,2.03,4.18,16.70,0.72,3.66,24.95,276.27,7.23
2012-01-03,4.14,0.74,4.02,9.21,36.80,1.09,4.26,17.31,303.69,10.58
2012-01-04,9.57,0.64,4.10,6.33,25.30,0.96,4.35,8.02,312.65,9.30
2012-01-05,0.10,0.78,3.98,4.88,19.50,0.96,3.96,31.31,273.49,8.86
2012-01-06,0.58,0.35,3.92,2.06,8.22,0.51,4.38,19.55,300.43,5.39
2012-01-07,0.12,0.88,5.64,1.67,6.66,1.11,4.32,25.94,293.80,7.43
2012-01-08,0.43,0.45,6.49,1.17,4.67,0.62,5.23,14.90,324.46,5.02
2012-01-09,0.07,0.36,5.89,1.02,4.09,0.43,4.91,29.80,291.45,5.38
2012-01-10,0.32,0.50,6.07,0.91,3.62,0.70,5.06,18.05,316.71,6.00
2012-01-11,3.14,0.42,7.55,0.83,3.32,0.60,5.77,19.94,321.64,6.01
2012-01-12,0.02,0.67,5.95,1.04,4.17,0.72,4.72,33.94,285.45,7.65
2012-01-13,0.07,0.03,0.64,0.80,3.21,0.03,3.38,40.94,249.17,2.44
2012-01-14,0.14,0.00,-1.81,0.66,2.64,0.00,2.97,35.77,248.60,1.74
2012-01-15,0.08,0.01,-2.57,0.62,2.46,0.01,2.84,33.03,251.02,2.37
2012-01-16,0.07,0.01,-2.82,0.50,1.99,0.02,2.69,46.72,228.37,2.51
2012-01-17,1.58,0.11,-0.12,0.55,2.20,0.17,3.36,23.87,279.61,3.24
2012-01-18,1.46,0.46,5.07,0.89,3.55,0.65,4.71,23.44,306.80,5.76
2012-01-19,2.78,0.48,2.89,1.22,4.88,0.70,3.91,33.64,278.40,6.52
2012-01-20,4.33,0.35,2.99,1.59,6.34,0.52,4.22,18.04,307.61,5.56
2012-01-21,1.61,1.04,5.50,2.53,10.10,1.38,4.38,30.48,297.56,9.70
2012-01-22,0.09,0.73,4.54,1.41,5.63,0.95,4.15,42.59,274.46,7.59
2012-01-23,2.64,0.36,2.38,0.91,3.63,0.52,3.70,45.23,262.05,5.02
2012-01-24,4.55,0.05,1.81,1.58,6.30,0.07,4.22,20.36,301.72,2.77
2012-01-25,2.08,0.51,6.83,2.32,9.27,0.73,5.56,21.64,324.81,7.15
2012-01-26,1.60,0.13,1.86,1.69,6.75,0.20,4.06,30.02,288.30,4.05
2012-01-27,0.23,0.11,0.81,1.27,5.09,0.15,3.72,32.05,280.87,3.47
2012-01-28,0.14,0.03,-0.31,0.87,3.49,0.04,3.36,41.69,262.74,1.93
2012-01-29,0.36,0.07,-0.09,0.74,2.94,0.10,3.54,26.22,286.59,2.37
2012-01-30,0.17,0.24,0.24,0.73,2.90,0.32,3.28,27.65,285.20,2.92
2012-01-31,0.10,0.60,0.61,0.65,2.61,0.75,2.97,25.11,288.96,4.50
2012-02-01,0.00,0.55,-0.03,0.58,2.30,0.55,2.59,40.05,267.75,3.50
2012-02-02,0.00,0.21,-2.92,0.50,2.01,0.21,2.24,51.64,244.22,2.08
2012-02-03,0.00,0.18,-3.53,0.44,1.77,0.18,2.27,63.29,232.20,2.28
2012-02-04,5.59,0.26,-1.49,0.49,1.94,0.39,3.03,26.31,283.20,4.40
2012-02-05,0.66,0.10,0.34,0.54,2.16,0.14,3.63,47.91,271.89,2.62
2012-02-06,0.04,0.08,0.70,0.59,2.37,0.09,3.76,65.23,258.35,2.15
2012-02-07,0.06,0.10,-1.73,0.55,2.20,0.11,3.08,62.86,249.84,2.16
2012-02-08,0.46,0.44,-2.67,0.49,1.94,0.61,2.42,50.53,254.09,4.25
2012-02-09,4.73,0.02,-0.17,1.41,5.62,0.04,3.66,16.11,293.07,3.25
2012-02-10,0.02,0.15,0.06,1.06,4.25,0.17,3.64,24.11,293.69,4.21
2012-02-11,0.55,0.16,0.28,0.86,3.43,0.23,3.67,35.16,289.12,3.06
2012-02-12,0.04,0.17,2.39,1.08,4.32,0.19,4.23,40.23,295.79,2.15
2012-02-13,0.00,0.60,4.05,0.96,3.84,0.60,4.23,46.74,297.01,4.89
2012-02-14,0.00,0.90,5.12,0.81,3.25,0.90,4.25,31.39,316.01,5.79
2012-02-15,0.00,1.00,6.38,0.69,2.77,1.00,4.59,48.94,307.28,5.85
2012-02-16,0.21,0.71,6.07,0.61,2.43,0.86,4.90,46.40,310.41,5.31
2012-02-17,4.85,0.56,5.54,0.58,2.32,0.76,4.96,40.44,314.31,5.30
2012-02-18,0.22,0.94,3.95,0.99,3.94,1.27,4.08,80.03,273.27,8.65
2012-02-19,0.04,0.87,0.41,0.69,2.76,0.93,2.68,97.92,239.61,4.72
2012-02-20,1.05,0.64,4.69,0.61,2.42,0.92,4.69,35.86,315.63,7.66
2012-02-21,11.63,0.66,7.94,1.00,3.99,0.91,6.02,43.12,327.62,7.32
2012-02-22,3.08,0.80,9.17,8.61,34.40,1.08,6.48,39.60,337.00,8.60
2012-02-23,0.87,0.88,9.79,2.88,11.50,1.14,6.61,49.68,333.21,7.43
2012-02-24,0.00,1.25,7.34,1.78,7.11,1.25,4.91,91.11,288.61,6.92
2012-02-25,1.40,0.83,4.94,0.95,3.80,1.05,4.36,60.57,300.47,5.09
2012-02-26,0.26,0.50,5.79,0.82,3.28,0.64,5.22,52.34,313.61,4.15
2012-02-27,0.28,0.57,8.17,0.77,3.08,0.77,6.25,42.08,333.38,6.05
2012-02-28,0.00,0.70,10.03,0.71,2.83,0.71,6.90,59.52,331.72,4.81
2012-02-29,0.00,0.69,7.44,0.62,2.47,0.69,5.60,53.60,322.65,4.39
2012-03-01,0.01,0.70,7.00,0.54,2.17,0.73,5.57,90.88,299.11,3.98
2012-03-02,0.17,0.49,6.26,0.51,2.03,0.57,5.46,63.15,313.30,2.78
2012-03-03,3.95,0.59,5.12,0.50,2.01,0.78,4.98,67.09,305.71,4.88
2012-03-04,1.51,0.50,2.13,0.94,3.75,0.65,3.95,61.73,293.91,3.66
2012-03-05,0.03,1.01,2.13,0.74,2.97,1.06,3.36,146.03,243.67,3.83
2012-03-06,5.94,0.82,2.46,0.58,2.32,1.04,3.73,98.55,274.79,4.60
2012-03-07,0.69,1.14,4.96,1.77,7.08,1.43,4.44,120.50,276.26,7.25
2012-03-08,0.15,0.92,5.01,0.92,3.69,1.08,4.53,71.29,304.73,5.97
2012-03-09,0.65,1.13,8.64,0.71,2.83,1.35,5.90,77.64,321.06,7.09
2012-03-10,0.00,1.14,8.10,0.66,2.64,1.14,5.43,77.73,318.09,5.13
2012-03-11,0.00,1.35,8.25,0.54,2.17,1.35,5.53,162.36,275.88,3.84
2012-03-12,0.01,0.93,6.34,0.48,1.90,0.94,5.18,122.50,289.19,2.95
2012-03-13,0.00,0.66,6.09,0.44,1.76,0.66,4.92,61.28,318.77,2.12
2012-03-14,0.00,0.79,5.69,0.42,1.66,0.79,4.89,77.02,309.77,3.38
2012-03-15,0.03,0.81,5.17,0.39,1.56,0.85,4.81,89.85,301.90,3.84
2012-03-16,1.88,0.88,7.37,0.39,1.55,1.10,5.63,73.66,321.63,5.22
2012-03-17,0.01,1.10,5.27,0.47,1.88,1.11,4.45,131.34,282.55,2.86
2012-03-18,0.05,1.24,3.90,0.40,1.58,1.31,3.79,155.89,263.65,2.96
2012-03-19,0.00,1.24,5.58,0.35,1.40,1.24,4.46,96.17,301.75,5.95
2012-03-20,0.00,1.62,9.10,0.33,1.33,1.62,5.65,118.19,310.57,6.48
2012-03-21,0.00,1.51,7.78,0.32,1.28,1.51,4.99,137.11,295.13,4.04
2012-03-22,0.04,1.48,5.64,0.31,1.22,1.53,4.63,199.20,259.96,2.84
2012-03-23,0.00,0.88,6.54,0.30,1.20,0.88,5.45,102.34,309.29,2.95
2012-03-24,0.00,0.99,7.50,0.30,1.18,0.99,5.75,114.93,309.40,1.87
2012-03-25,0.00,1.72,9.05,0.29,1.14,1.72,5.43,194.98,280.48,1.81
2012-03-26,0.00,2.05,9.87,0.28,1.10,2.05,4.89,216.90,271.22,1.87
2012-03-27,0.00,2.24,10.39,0.27,1.06,2.24,4.51,221.01,269.54,1.98
2012-03-28,0.00,2.42,10.81,0.26,1.02,2.42,4.56,203.60,280.26,2.80
2012-03-29,0.00,2.55,10.53,0.25,1.00,2.55,5.04,212.51,279.89,4.06
2012-03-30,0.32,2.21,8.86,0.24,0.98,2.38,5.22,228.16,270.87,4.03
2012-03-31,0.07,1.40,5.06,0.24,0.96,1.51,4.18,143.23,287.15,3.48
2012-04-01,0.00,1.61,5.49,0.24,0.95,1.61,4.36,182.17,276.59,3.29
2012-04-02,4.18,0.35,5.24,0.24,0.96,0.44,5.22,41.90,319.97,2.91
2012-04-03,11.48,0.65,2.38,0.44,1.76,0.92,4.21,83.61,301.54,7.26
2012-04-04,1.69,1.43,1.57,0.84,3.37,1.76,3.16,146.11,271.46,7.33
2012-04-05,0.01,1.57,2.58,0.84,3.36,1.59,3.23,185.12,262.05,3.05
2012-04-06,3.45,0.48,5.88,0.78,3.13,0.61,5.27,44.05,322.79,3.49
2012-04-07,0.21,0.86,5.95,0.80,3.20,0.98,5.19,84.50,320.25,2.71
2012-04-08,0.91,1.06,7.85,0.54,2.14,1.26,5.82,90.59,328.02,4.40
2012-04-09,8.69,0.95,5.79,0.51,2.04,1.15,5.13,92.94,317.27,4.34
2012-04-10,6.98,0.99,4.55,3.25,13.00,1.22,4.68,108.75,306.05,4.83
2012-04-11,6.27,1.07,5.06,2.33,9.29,1.20,4.78,117.57,305.94,2.47
2012-04-12,2.51,1.19,4.37,2.58,10.30,1.33,4.49,137.64,296.14,2.54
2012-04-13,0.66,1.43,3.72,1.21,4.82,1.62,3.79,149.90,286.74,3.30
2012-04-14,1.21,1.49,2.78,0.76,3.02,1.72,3.52,160.74,278.89,4.43
2012-04-15,0.01,1.68,2.24,0.61,2.42,1.70,3.16,191.17,265.51,3.57
2012-04-16,7.72,1.66,3.65,0.52,2.06,1.85,3.36,161.29,281.73,3.25
2012-04-17,0.76,1.47,4.92,1.12,4.48,1.74,4.44,152.36,295.65,5.74
2012-04-18,13.07,1.04,4.06,1.72,6.87,1.25,4.66,130.84,300.36,4.14
2012-04-19,3.15,0.88,5.57,3.45,13.80,1.08,5.31,100.14,317.81,4.57
2012-04-20,2.06,1.08,5.68,2.73,10.90,1.22,5.19,117.67,313.09,2.65
2012-04-21,9.24,1.07,5.81,1.84,7.35,1.22,5.25,115.55,314.74,2.84
2012-04-22,1.04,1.26,5.95,4.23,16.90,1.42,5.08,131.16,310.60,2.97
2012-04-23,1.15,1.26,5.19,1.61,6.42,1.43,4.78,134.12,305.99,3.21
2012-04-24,3.73,1.31,4.96,1.74,6.94,1.46,4.69,143.80,302.37,2.65
2012-04-25,19.47,0.79,5.02,4.68,18.70,1.05,5.18,97.73,317.45,6.39
2012-04-26,4.90,0.63,5.95,9.09,36.30,0.85,5.47,64.59,323.47,6.09
2012-04-27,0.31,1.57,4.33,2.68,10.70,1.79,4.04,154.80,294.94,4.21
2012-04-28,0.26,1.88,3.85,1.24,4.97,2.14,3.79,205.34,277.94,5.21
2012-04-29,4.03,1.31,3.39,0.93,3.73,1.61,4.01,129.72,298.99,7.10
2012-04-30,0.01,1.19,7.24,0.99,3.97,1.21,5.79,121.81,322.80,5.53
2012-05-01,0.23,1.49,7.24,0.76,3.04,1.69,5.53,148.65,315.67,5.85
2012-05-02,0.00,1.51,7.08,0.59,2.36,1.51,5.51,154.88,313.67,4.33
2012-05-03,0.67,1.57,6.22,0.52,2.07,1.73,5.07,162.05,307.26,2.99
2012-05-04,0.55,1.56,4.65,0.47,1.88,1.80,4.19,148.02,301.51,4.80
2012-05-05,0.04,2.04,2.96,0.43,1.72,2.10,3.09,213.50,272.03,3.26
2012-05-06,0.26,2.09,3.67,0.40,1.58,2.23,3.53,231.66,273.11,2.26
2012-05-07,5.98,1.27,4.71,0.40,1.61,1.48,4.52,125.20,309.68,4.10
2012-05-08,0.69,2.12,7.66,0.52,2.07,2.30,5.30,207.95,303.45,3.56
2012-05-09,17.24,1.97,6.50,0.61,2.42,2.14,4.78,194.97,300.49,2.98
2012-05-10,20.25,0.47,6.79,11.91,47.60,0.65,6.03,60.00,328.11,5.82
2012-05-11,4.92,1.24,5.25,8.81,35.20,1.46,4.88,128.34,313.12,4.35
2012-05-12,0.02,2.95,7.10,2.98,11.90,2.97,4.35,290.13,276.82,4.09
2012-05-13,2.73,2.15,7.70,1.33,5.31,2.48,4.88,145.99,319.07,8.83
2012-05-14,3.29,2.54,7.25,1.26,5.02,2.82,4.66,234.51,294.20,6.34
2012-05-15,0.80,2.21,5.54,NaN,NaN,2.44,3.92,196.30,294.03,4.55
2012-05-16,0.55,2.36,5.43,NaN,NaN,2.56,3.80,224.10,286.22,3.60
2012-05-17,4.12,0.63,5.41,0.74,2.95,0.76,5.07,62.42,320.30,3.03
2012-05-18,2.89,0.66,5.76,1.15,4.58,0.86,5.28,62.73,322.29,5.09
2012-05-19,0.00,1.51,5.80,1.15,4.58,1.52,4.85,145.49,312.56,5.00
2012-05-20,0.01,2.64,6.43,0.72,2.86,2.65,4.86,284.92,282.06,2.57
2012-05-21,0.04,2.46,8.19,0.54,2.17,2.50,5.92,254.50,300.63,2.67
2012-05-22,0.00,3.96,12.72,0.47,1.86,3.96,7.18,349.29,299.97,2.61
2012-05-23,0.00,3.99,14.35,0.41,1.62,3.99,8.58,341.68,313.99,2.46
2012-05-24,0.02,3.72,15.43,0.37,1.47,3.73,9.48,308.30,328.57,2.45
2012-05-25,0.00,4.45,15.23,0.34,1.34,4.45,7.77,346.75,312.76,3.98
2012-05-26,0.00,5.10,15.04,0.31,1.22,5.10,6.69,383.89,297.51,4.52
2012-05-27,0.00,4.42,14.80,0.29,1.16,4.42,7.33,343.79,310.49,3.39
2012-05-28,0.00,3.97,14.30,0.28,1.11,3.97,7.54,315.82,316.59,3.16
2012-05-29,0.09,1.86,11.12,0.27,1.09,1.92,7.31,159.81,338.59,2.84
2012-05-30,2.12,1.64,11.23,0.28,1.10,1.77,7.59,142.06,343.28,2.65
2012-05-31,6.84,1.27,10.88,0.32,1.28,1.41,7.81,118.95,346.60,3.02
2012-06-01,0.01,2.09,10.04,0.34,1.37,2.09,6.26,175.53,328.23,2.73
2012-06-02,0.00,1.77,8.08,0.31,1.22,1.77,5.52,151.12,324.00,3.95
2012-06-03,0.36,1.95,6.47,0.28,1.13,2.19,4.83,186.67,306.85,4.74
2012-06-04,0.13,2.62,7.84,0.27,1.06,2.72,4.70,235.79,299.53,3.11
2012-06-05,13.88,1.94,8.92,0.27,1.09,2.10,5.88,168.01,324.76,3.27
2012-06-06,2.93,1.45,10.71,0.70,2.80,1.62,7.65,139.90,341.69,3.61
2012-06-07,10.55,1.37,10.92,0.67,2.68,1.54,7.77,130.62,344.68,3.60
2012-06-08,21.90,0.61,10.61,7.13,28.50,0.81,7.80,67.25,346.46,5.87
2012-06-09,9.66,1.72,11.07,6.81,27.20,1.91,7.30,144.64,342.19,4.24
2012-06-10,4.71,1.71,10.13,5.28,21.10,1.83,6.70,143.54,337.59,2.46
2012-06-11,0.01,1.51,8.85,2.10,8.40,1.53,6.16,128.93,334.48,3.08
2012-06-12,0.07,2.08,8.63,1.04,4.14,2.15,5.32,170.79,321.68,2.78
2012-06-13,0.06,2.19,8.89,0.66,2.64,2.23,5.49,187.05,319.46,2.46
2012-06-14,4.03,2.46,9.40,0.50,1.98,2.68,5.80,214.58,316.05,4.70
2012-06-15,7.71,1.24,8.85,0.86,3.45,1.48,6.58,119.35,337.23,5.76
2012-06-16,15.35,0.58,9.94,6.81,27.20,0.75,7.51,67.84,343.32,5.02
2012-06-17,0.39,1.55,9.61,5.51,22.00,1.72,6.48,127.59,338.73,3.36
2012-06-18,0.58,2.99,10.17,1.54,6.16,3.13,6.05,269.67,306.94,2.44
2012-06-19,0.21,3.03,11.36,0.84,3.34,3.18,6.43,255.14,316.36,3.41
2012-06-20,0.27,3.19,11.30,0.58,2.33,3.32,6.40,275.14,311.23,2.64
2012-06-21,13.06,1.18,10.69,0.74,2.97,1.38,7.75,117.31,346.68,4.55
2012-06-22,12.52,1.36,10.86,5.03,20.10,1.57,7.76,136.08,343.58,4.97
2012-06-23,7.74,1.85,11.42,6.36,25.40,2.11,7.23,139.58,345.04,6.80
2012-06-24,5.97,2.03,11.63,5.76,23.00,2.21,7.33,165.28,340.36,4.03
2012-06-25,0.00,2.22,11.81,2.60,10.40,2.22,6.88,167.38,339.95,3.01
2012-06-26,2.91,2.15,12.15,1.28,5.11,2.29,8.02,191.22,337.80,3.01
2012-06-27,3.45,1.52,14.02,1.49,5.96,1.65,9.62,133.51,358.48,2.98
2012-06-28,29.79,1.59,14.39,16.77,67.00,1.73,9.92,142.94,358.24,3.25
2012-06-29,1.65,2.25,13.66,4.38,17.50,2.50,8.35,169.29,349.43,6.65
2012-06-30,1.09,2.66,13.03,1.75,7.00,2.87,7.66,207.56,337.13,5.73
2012-07-01,4.96,1.74,11.10,1.22,4.88,1.94,7.16,139.25,343.16,4.28
2012-07-02,4.41,0.62,12.15,1.51,6.03,0.74,8.68,67.08,353.44,3.46
2012-07-03,1.14,1.81,14.28,1.45,5.80,1.94,9.37,149.04,356.33,2.66
2012-07-04,3.57,1.62,14.95,1.03,4.11,1.76,10.17,140.55,360.78,3.00
2012-07-05,8.30,1.92,15.61,0.97,3.88,2.06,10.27,157.34,360.55,3.04
2012-07-06,18.32,1.29,14.05,6.36,25.40,1.50,9.61,116.59,361.49,5.35
2012-07-07,0.11,1.63,12.75,7.66,30.60,1.66,8.59,144.96,349.76,4.05
2012-07-08,4.72,1.62,12.58,1.78,7.11,1.75,8.20,130.83,351.93,2.78
2012-07-09,7.17,1.42,11.58,2.09,8.35,1.56,7.76,117.24,350.16,2.91
2012-07-10,10.16,0.62,10.41,7.48,29.90,0.71,7.64,65.74,345.53,2.18
2012-07-11,18.88,1.62,10.44,15.54,62.10,1.76,7.05,141.14,338.81,2.81
2012-07-12,0.00,2.16,11.09,4.51,18.00,2.17,6.64,175.12,332.56,2.55
2012-07-13,0.07,1.68,10.62,1.76,7.04,1.77,6.87,136.14,340.34,3.27
2012-07-14,2.93,1.77,10.22,1.29,5.17,1.88,6.49,145.13,335.68,2.25
2012-07-15,0.72,2.72,11.21,1.14,4.54,2.93,6.36,218.51,320.76,4.94
2012-07-16,0.82,1.81,12.73,0.88,3.52,1.97,7.96,139.55,349.73,3.46
2012-07-17,8.07,2.31,13.58,0.79,3.17,2.48,8.03,175.53,344.87,3.60
2012-07-18,4.31,1.73,12.97,2.83,11.30,1.93,8.68,157.98,346.64,4.74
2012-07-19,0.41,1.99,10.94,1.78,7.13,2.10,6.65,156.68,335.45,3.34
2012-07-20,0.00,1.79,10.58,0.90,3.61,1.79,6.35,140.19,337.34,2.11
2012-07-21,0.00,2.67,11.86,0.64,2.56,2.68,6.59,217.01,323.00,2.70
2012-07-22,1.02,2.59,14.96,0.53,2.13,2.81,8.31,149.37,357.04,6.80
2012-07-23,2.32,2.19,16.34,0.54,2.15,2.41,10.01,147.96,364.07,6.35
2012-07-24,3.24,2.01,16.03,1.04,4.16,2.13,9.81,145.25,363.05,2.97
2012-07-25,0.04,2.45,14.65,0.70,2.81,2.49,8.91,197.55,343.78,2.56
2012-07-26,0.10,1.58,14.07,0.51,2.05,1.66,9.24,130.41,356.78,2.71
2012-07-27,0.00,3.21,13.02,0.45,1.79,3.21,6.95,254.00,316.80,4.47
2012-07-28,1.04,2.22,11.27,0.41,1.62,2.43,6.87,186.36,327.57,4.57
2012-07-29,2.02,2.38,11.35,0.38,1.52,2.57,6.84,203.30,323.02,4.24
2012-07-30,6.15,2.28,10.54,0.38,1.51,2.45,6.45,200.77,318.98,3.39
2012-07-31,8.41,2.66,11.36,0.41,1.62,2.81,6.67,235.55,313.09,3.05
2012-08-01,3.72,1.44,14.64,0.64,2.56,1.62,9.54,110.64,362.87,4.72
2012-08-02,0.19,2.23,13.75,0.74,2.94,2.28,8.09,173.48,341.91,3.08
2012-08-03,0.09,2.45,13.28,0.46,1.85,2.54,7.69,200.46,331.37,2.58
2012-08-04,17.26,2.03,13.80,2.05,8.19,2.14,8.60,169.68,343.28,2.17
2012-08-05,5.91,1.50,13.19,6.68,26.70,1.59,8.69,127.52,351.22,1.96
2012-08-06,5.32,1.81,12.94,4.86,19.40,1.93,8.31,156.55,342.00,2.52
2012-08-07,0.20,2.22,13.64,1.93,7.70,2.30,8.26,184.42,337.08,2.91
2012-08-08,0.04,2.66,13.58,0.87,3.48,2.69,7.93,228.50,323.24,2.23
2012-08-09,0.00,2.70,13.60,0.60,2.38,2.70,7.76,230.71,321.61,2.21
2012-08-10,0.03,2.97,14.37,0.49,1.94,2.98,8.06,251.84,318.84,2.22
2012-08-11,0.00,1.95,13.71,0.43,1.73,1.95,8.00,138.23,348.66,3.63
2012-08-12,4.44,1.95,14.74,0.41,1.62,2.13,8.78,134.77,354.66,4.37
2012-08-13,0.32,1.48,15.93,0.44,1.75,1.64,9.95,96.21,370.28,4.32
2012-08-14,0.39,2.30,16.22,0.40,1.58,2.41,9.65,176.91,349.64,2.90
2012-08-15,19.92,1.46,14.74,3.10,12.40,1.64,9.69,123.39,356.94,4.54
2012-08-16,8.99,2.71,15.30,2.02,8.08,2.90,8.57,203.44,335.03,4.40
2012-08-17,11.32,1.23,15.69,4.76,19.00,1.40,10.43,99.65,366.66,4.66
2012-08-18,0.39,2.10,16.88,5.36,21.40,2.27,10.27,152.90,358.18,4.11
2012-08-19,8.61,1.70,14.43,3.75,15.00,1.79,8.88,140.91,349.07,1.77
2012-08-20,0.16,2.04,14.56,2.50,9.99,2.17,8.91,169.47,340.83,3.24
2012-08-21,2.30,1.65,14.14,1.16,4.62,1.80,8.74,128.38,350.62,3.41
2012-08-22,5.86,2.37,13.54,2.58,10.30,2.59,7.93,193.14,326.00,5.49
2012-08-23,0.44,1.72,13.03,1.87,7.49,1.83,7.67,120.66,346.24,3.80
2012-08-24,4.40,1.18,12.75,1.49,5.94,1.29,8.10,90.47,354.56,2.42
2012-08-25,9.21,1.00,12.59,4.48,17.90,1.13,8.60,89.38,353.72,3.15
2012-08-26,0.22,1.81,11.29,2.53,10.10,1.95,6.72,151.60,325.10,3.14
2012-08-27,18.01,0.65,12.23,7.71,30.80,0.84,8.30,47.22,354.05,5.75
2012-08-28,0.71,2.60,13.41,5.51,22.00,2.83,7.30,197.59,317.75,5.61
2012-08-29,1.22,1.25,11.73,1.66,6.64,1.41,7.64,101.47,344.36,3.84
2012-08-30,0.08,1.82,9.52,1.04,4.14,1.94,5.69,151.79,312.28,3.83
2012-08-31,0.90,1.39,8.47,0.77,3.08,1.54,5.86,136.18,313.95,3.05
2012-09-01,0.22,1.69,14.14,0.68,2.71,1.80,8.45,106.52,352.83,5.72
2012-09-02,0.00,2.13,14.81,0.59,2.36,2.13,8.19,152.84,337.98,3.87
2012-09-03,0.20,2.12,14.95,0.50,2.01,2.30,8.52,152.70,338.72,4.65
2012-09-04,0.00,2.75,14.10,0.46,1.84,2.75,6.96,180.16,318.97,5.26
2012-09-05,0.00,2.05,11.69,0.41,1.65,2.05,6.10,147.61,319.05,3.75
2012-09-06,0.08,1.63,11.91,0.38,1.53,1.76,7.21,116.33,335.13,5.59
2012-09-07,0.12,1.80,15.39,0.38,1.52,1.87,9.25,139.36,344.22,4.29
2012-09-08,0.07,1.99,15.27,0.37,1.48,2.08,8.77,158.07,334.94,3.52
2012-09-09,3.53,1.91,13.73,0.35,1.41,2.10,7.72,136.77,333.73,4.42
2012-09-10,8.70,0.95,12.83,0.45,1.80,1.12,8.41,68.29,356.51,4.39
2012-09-11,2.63,1.73,8.48,0.72,2.87,1.96,5.40,162.68,292.87,5.08
2012-09-12,1.30,1.40,8.69,0.54,2.17,1.60,5.63,118.83,312.85,4.23
2012-09-13,3.18,1.05,9.66,0.47,1.86,1.28,6.59,73.26,338.27,5.99
2012-09-14,0.00,2.12,11.85,0.55,2.19,2.12,6.45,118.25,326.79,7.46
2012-09-15,0.02,2.14,11.89,0.45,1.78,2.18,6.45,163.95,305.00,5.47
2012-09-16,1.25,1.23,11.57,0.38,1.53,1.45,7.21,71.97,346.79,5.49
2012-09-17,3.37,1.33,9.30,0.37,1.49,1.57,6.13,112.28,316.12,5.64
2012-09-18,0.05,1.56,7.67,0.40,1.61,1.62,5.03,150.52,286.64,4.85
2012-09-19,1.74,1.55,7.82,0.35,1.40,1.76,5.05,156.67,283.22,4.21
2012-09-20,28.43,0.68,8.58,6.81,27.20,0.82,6.39,59.86,336.11,3.46
2012-09-21,0.18,1.01,6.89,4.86,19.40,1.16,5.27,108.02,302.75,3.59
2012-09-22,0.04,1.21,5.83,1.27,5.09,1.24,4.64,169.38,264.82,2.19
2012-09-23,13.05,0.98,6.14,0.86,3.44,1.14,4.89,105.46,297.99,3.39
2012-09-24,39.20,0.55,8.43,15.44,61.70,0.80,6.38,32.28,335.76,7.92
2012-09-25,18.91,0.36,8.58,27.53,110.00,0.57,6.72,31.75,336.77,8.17
2012-09-26,1.89,0.75,9.72,7.26,29.00,0.93,6.98,77.42,330.24,4.62
2012-09-27,2.30,0.87,8.83,2.60,10.40,1.01,6.03,78.38,323.33,3.14
2012-09-28,2.71,1.28,9.31,2.00,8.00,1.52,5.99,107.13,308.71,5.68
2012-09-29,2.98,1.56,8.90,1.50,6.01,1.82,5.36,115.90,298.51,6.17
2012-09-30,4.66,1.10,11.49,1.76,7.05,1.36,7.38,71.60,338.87,6.97
2012-10-01,4.28,1.12,9.93,2.90,11.60,1.35,6.38,80.20,324.28,5.55
2012-10-02,12.46,0.84,8.69,7.56,30.20,1.05,6.19,73.87,321.65,5.19
2012-10-03,1.08,0.88,7.14,5.58,22.30,1.08,5.41,87.08,304.37,4.85
2012-10-04,1.19,0.83,6.59,2.08,8.32,0.97,5.15,111.74,285.21,3.17
2012-10-05,0.24,0.73,7.01,1.38,5.50,0.88,5.37,78.25,307.35,3.37
2012-10-06,0.09,0.83,7.01,1.00,3.99,0.94,5.13,104.30,288.76,2.99
2012-10-07,0.03,0.82,5.45,0.80,3.18,0.85,4.39,134.75,258.47,2.27
2012-10-08,0.08,0.61,5.35,0.69,2.77,0.68,4.75,96.09,284.18,2.28
2012-10-09,0.01,0.69,4.59,0.62,2.48,0.70,4.14,117.16,262.79,2.07
2012-10-10,0.05,0.61,5.09,0.57,2.28,0.66,4.60,102.02,276.09,2.33
2012-10-11,30.78,0.49,8.28,3.53,14.10,0.62,6.31,48.68,329.64,3.81
2012-10-12,0.16,0.65,8.12,12.97,51.80,0.84,6.10,63.29,317.70,5.52
2012-10-13,2.52,0.39,6.02,2.68,10.70,0.47,5.31,61.32,307.58,2.09
2012-10-14,3.42,0.35,5.22,1.89,7.56,0.42,5.09,55.80,306.90,2.17
2012-10-15,11.04,0.40,3.87,1.95,7.81,0.48,4.42,76.31,283.16,2.19
2012-10-16,6.88,0.40,3.87,5.91,23.60,0.56,4.63,44.03,307.29,4.68
2012-10-17,9.05,0.34,4.80,9.66,38.60,0.45,5.04,50.27,306.81,3.77
2012-10-18,1.01,0.36,7.99,3.85,15.40,0.45,6.25,53.55,319.57,2.90
2012-10-19,0.65,0.28,7.93,1.96,7.84,0.35,6.34,37.72,331.16,2.54
2012-10-20,0.20,0.35,8.15,1.34,5.36,0.40,6.17,54.99,317.10,2.32
2012-10-21,0.20,0.30,6.65,1.05,4.21,0.34,5.50,93.40,276.96,1.69
2012-10-22,2.78,0.18,6.47,0.91,3.65,0.23,5.96,33.81,325.63,2.96
2012-10-23,0.47,0.00,8.87,1.24,4.94,0.00,7.15,18.59,338.31,2.64
2012-10-24,0.40,0.22,8.07,1.06,4.23,0.29,6.54,40.67,326.22,3.37
2012-10-25,0.79,0.41,5.77,0.89,3.57,0.53,5.09,40.14,313.01,3.56
2012-10-26,0.58,0.61,1.47,0.78,3.13,0.79,3.22,53.76,274.49,4.15
2012-10-27,2.85,0.59,2.26,0.73,2.90,0.79,3.52,67.35,265.05,4.57
2012-10-28,1.24,0.27,6.13,0.84,3.36,0.38,5.50,22.13,324.29,4.59
2012-10-29,0.29,0.21,4.53,0.82,3.26,0.26,4.90,36.14,308.14,2.63
2012-10-30,2.09,0.41,4.99,0.73,2.90,0.56,4.89,30.87,314.53,4.83
2012-10-31,3.81,0.38,5.48,1.49,5.97,0.55,5.07,15.62,320.60,5.85
2012-11-01,1.07,0.15,2.27,1.51,6.04,0.20,4.13,53.67,275.57,2.87
2012-11-02,3.15,0.47,3.62,1.65,6.60,0.66,4.27,42.03,292.19,5.54
2012-11-03,1.68,0.15,0.95,1.74,6.96,0.21,3.68,38.28,282.82,2.58
2012-11-04,0.19,0.07,0.92,1.17,4.68,0.10,3.79,50.13,269.40,2.42
2012-11-05,0.21,0.15,1.97,0.87,3.46,0.19,3.87,57.50,263.77,2.83
2012-11-06,3.88,0.39,6.22,1.34,5.35,0.55,5.26,13.69,324.18,5.27
2012-11-07,2.59,0.76,7.79,1.28,5.10,1.00,5.48,36.56,314.27,6.55
2012-11-08,1.24,0.68,7.40,1.17,4.66,0.90,5.22,49.12,294.95,5.71
2012-11-09,7.04,0.56,6.95,2.16,8.63,0.77,5.48,23.48,325.91,6.20
2012-11-10,0.49,0.19,4.30,2.78,11.10,0.26,4.62,43.94,285.32,3.53
2012-11-11,0.10,0.18,3.67,1.23,4.92,0.24,4.30,42.59,282.07,3.06
2012-11-12,2.00,0.06,4.67,0.93,3.71,0.08,5.28,21.41,316.67,3.56
2012-11-13,3.75,0.55,10.33,1.35,5.39,0.75,7.03,23.81,340.04,6.35
2012-11-14,3.38,0.33,8.55,3.25,13.00,0.43,6.27,23.00,331.61,3.92
2012-11-15,0.11,0.08,6.34,2.41,9.64,0.09,5.68,24.32,318.52,2.61
2012-11-16,1.83,0.18,5.24,1.30,5.21,0.24,5.02,25.74,309.43,3.22
2012-11-17,0.12,0.06,3.86,1.09,4.36,0.07,4.58,39.68,281.51,2.98
2012-11-18,6.67,0.14,2.53,1.10,4.41,0.20,3.97,45.80,263.76,3.83
2012-11-19,1.49,0.51,6.93,2.90,11.60,0.76,5.62,18.92,326.36,8.05
2012-11-20,2.80,0.59,9.14,2.12,8.48,0.80,6.37,18.29,337.72,6.33
2012-11-21,0.15,0.21,5.10,1.49,5.94,0.28,4.93,19.16,315.35,3.26
2012-11-22,19.17,0.41,6.34,7.68,30.70,0.62,5.39,9.81,325.00,7.05
2012-11-23,1.95,0.27,4.21,5.01,20.00,0.40,4.39,42.60,270.26,5.13
2012-11-24,13.90,0.02,0.77,2.78,11.10,0.03,3.79,22.29,287.13,2.47
2012-11-25,10.47,0.09,3.68,9.59,38.30,0.14,4.75,19.28,306.51,4.30
2012-11-26,19.07,0.19,4.31,13.94,55.70,0.31,4.84,9.13,315.10,5.60
2012-11-27,5.71,0.34,4.11,10.44,41.70,0.50,4.49,22.12,301.08,5.39
2012-11-28,0.01,0.25,1.69,3.40,13.60,0.26,3.56,33.28,267.35,4.39
2012-11-29,0.09,0.05,-0.82,1.78,7.11,0.06,3.04,32.86,255.69,2.63
2012-11-30,3.27,0.01,-1.44,1.25,4.98,0.02,3.02,29.92,257.91,2.12
2012-12-01,0.47,0.09,0.23,1.19,4.74,0.13,3.31,36.62,251.97,3.87
2012-12-02,1.49,0.03,-1.74,0.92,3.68,0.04,2.82,35.63,243.32,2.52
2012-12-03,0.86,0.03,1.00,1.02,4.08,0.05,3.80,24.25,278.43,3.64
2012-12-04,0.57,0.07,0.98,1.10,4.38,0.11,3.83,17.67,290.73,3.94
2012-12-05,0.67,0.22,-1.35,0.95,3.79,0.34,2.86,28.50,255.54,4.69
2012-12-06,14.56,0.23,-0.91,2.90,11.60,0.37,3.20,13.42,287.87,5.38
2012-12-07,2.05,0.25,1.86,4.56,18.20,0.39,3.82,22.54,282.80,5.44
2012-12-08,1.46,0.17,2.52,4.46,17.80,0.26,4.13,17.35,296.93,4.40
2012-12-09,1.44,0.66,4.49,4.48,17.90,0.92,4.10,30.19,276.97,7.14
2012-12-10,2.94,0.14,1.04,2.60,10.40,0.22,3.53,28.80,264.69,4.44
2012-12-11,0.18,0.00,-2.07,1.60,6.38,0.01,2.96,24.08,259.80,2.28
2012-12-12,0.17,0.06,-2.40,1.14,4.55,0.08,2.83,15.36,275.05,2.50
2012-12-13,0.00,0.04,-3.35,0.92,3.68,0.04,2.50,18.30,263.13,1.95
2012-12-14,17.16,0.14,1.34,9.74,38.90,0.25,3.96,7.42,300.20,6.41
2012-12-15,1.46,0.21,4.37,5.41,21.60,0.33,4.85,14.39,311.62,5.78
2012-12-16,2.40,0.00,3.52,2.70,10.80,0.00,4.68,25.18,284.92,3.49
2012-12-17,0.99,0.00,3.51,2.35,9.40,0.00,4.85,7.34,311.87,3.21
2012-12-18,0.00,0.00,3.56,1.63,6.53,0.00,4.78,16.27,303.85,2.14
2012-12-19,13.61,0.32,4.05,2.13,8.52,0.48,4.54,7.33,313.11,5.77
2012-12-20,26.35,0.27,4.03,18.70,74.70,0.46,4.72,7.33,313.59,7.64
2012-12-21,3.44,0.02,3.67,11.26,45.00,0.03,4.84,7.33,312.45,4.54
2012-12-22,15.90,0.03,4.96,12.19,48.70,0.05,5.33,7.35,319.02,5.44
2012-12-23,1.12,0.56,6.83,7.16,28.60,0.82,5.34,20.38,309.76,8.00
2012-12-24,6.41,0.06,4.20,4.08,16.30,0.09,4.86,7.39,314.70,3.71
2012-12-25,1.07,0.03,3.07,4.33,17.30,0.04,4.51,16.68,300.60,3.39
2012-12-26,18.85,0.11,3.27,7.83,31.30,0.17,4.41,18.41,297.47,4.06
2012-12-27,5.19,0.17,1.80,8.79,35.10,0.26,3.90,7.51,301.69,4.24
2012-12-28,6.13,0.29,6.10,6.81,27.20,0.47,5.52,13.32,323.55,7.49
2012-12-29,3.91,0.52,6.29,4.96,19.80,0.76,5.23,7.84,324.40,7.56
2012-12-30,11.86,0.49,3.48,4.98,19.90,0.75,4.22,20.05,295.09,7.97
2012-12-31,0.93,0.60,6.40,8.96,35.80,0.87,5.22,16.58,317.87,8.37
2013-01-01,3.36,0.32,3.04,2.83,11.30,0.48,3.96,28.74,273.08,5.63
2013-01-02,0.90,0.17,6.18,2.88,11.50,0.25,5.50,16.83,317.19,4.69
2013-01-03,0.10,0.61,9.21,2.12,8.49,0.75,6.24,14.04,338.13,5.79
2013-01-04,0.01,0.38,8.08,1.49,5.96,0.39,5.95,17.56,325.35,5.16
2013-01-05,1.37,0.34,7.31,1.24,4.94,0.48,5.76,14.12,329.54,4.92
2013-01-06,2.98,0.14,5.94,1.18,4.73,0.20,5.41,14.88,321.78,3.52
2013-01-07,1.19,0.14,7.09,1.82,7.27,0.20,5.98,14.35,329.33,4.09
2013-01-08,0.24,0.13,6.92,1.43,5.71,0.18,5.87,15.69,326.06,3.80
2013-01-09,0.22,0.01,2.34,1.13,4.53,0.02,4.04,34.32,266.24,2.68
2013-01-10,1.02,0.00,1.47,0.96,3.84,0.00,4.16,19.10,293.44,2.14
2013-01-11,0.13,0.00,1.04,0.93,3.71,0.00,4.07,12.21,299.29,1.90
2013-01-12,0.20,0.13,0.49,0.84,3.37,0.16,3.57,18.45,289.46,3.45
2013-01-13,1.43,0.01,-0.91,0.78,3.10,0.02,3.34,20.29,280.26,2.32
2013-01-14,3.90,0.02,-0.36,0.97,3.88,0.03,3.53,20.67,283.34,3.02
2013-01-15,0.87,0.00,-2.37,0.83,3.33,0.00,3.02,25.21,266.12,1.68
2013-01-16,0.34,0.03,-4.35,0.67,2.68,0.04,2.37,21.30,262.07,1.58
2013-01-17,0.36,0.23,-2.11,0.62,2.47,0.32,2.66,19.46,275.70,3.18
2013-01-18,3.99,0.49,-1.38,0.60,2.40,0.74,2.79,22.24,275.15,6.77
2013-01-19,2.90,0.28,-0.65,0.61,2.44,0.43,3.18,17.77,288.51,4.73
2013-01-20,6.03,0.42,-0.69,0.62,2.47,0.60,2.90,10.46,286.95,4.99
2013-01-21,12.92,0.33,-0.61,0.67,2.67,0.56,3.28,18.81,288.67,7.65
2013-01-22,2.56,0.18,-0.79,0.75,2.99,0.29,3.29,24.41,279.82,4.93
2013-01-23,2.19,0.05,-1.31,0.75,2.99,0.07,3.24,21.28,283.34,2.36
2013-01-24,0.88,0.07,-1.17,0.77,3.07,0.10,3.16,20.96,284.54,1.98
2013-01-25,12.96,0.29,-1.49,0.82,3.27,0.44,2.98,20.02,284.39,4.92
2013-01-26,7.48,0.18,1.35,1.40,5.61,0.27,3.79,39.51,271.52,4.67
2013-01-27,3.33,0.58,3.69,20.60,82.30,0.87,4.26,34.08,290.89,8.45
2013-01-28,10.35,0.72,3.70,17.80,71.10,1.03,4.16,24.86,304.96,8.81
2013-01-29,12.64,0.83,6.55,21.83,87.20,1.13,5.11,21.87,325.02,8.43
2013-01-30,7.74,1.21,5.19,8.11,32.40,1.56,4.07,44.40,283.91,9.87
2013-01-31,4.98,0.73,4.02,9.39,37.50,1.01,4.13,32.34,297.96,7.31
2013-02-01,3.29,0.44,2.95,3.88,15.50,0.62,4.05,34.69,293.53,5.33
2013-02-02,1.57,0.48,0.16,2.45,9.80,0.64,2.90,56.98,253.27,4.10
2013-02-03,1.08,0.71,4.88,2.10,8.40,0.98,4.49,28.13,311.96,6.89
2013-02-04,4.82,0.87,3.33,2.53,10.10,1.20,3.83,50.78,278.96,8.88
2013-02-05,10.84,0.54,0.98,3.63,14.50,0.81,3.46,34.70,286.57,7.11
2013-02-06,0.22,0.78,1.59,5.08,20.30,1.04,3.26,57.18,265.33,6.85
2013-02-07,0.16,0.40,0.38,1.84,7.35,0.50,3.14,32.21,286.59,3.30
2013-02-08,0.26,0.40,1.77,1.37,5.48,0.53,3.56,53.27,274.20,3.59
2013-02-09,0.10,0.14,1.52,1.22,4.89,0.17,3.92,30.69,297.81,1.88
2013-02-10,2.34,0.16,0.87,1.32,5.27,0.27,3.83,16.47,297.80,5.53
2013-02-11,0.00,0.63,0.82,1.36,5.44,0.64,3.21,44.41,280.03,5.59
2013-02-12,0.00,0.48,0.29,0.96,3.84,0.48,2.99,35.45,285.82,3.35
2013-02-13,14.83,0.45,-0.57,3.15,12.60,0.69,3.16,30.58,288.66,6.41
2013-02-14,0.12,0.37,3.69,6.61,26.40,0.44,4.47,63.01,283.71,4.19
2013-02-15,0.04,0.47,4.18,2.88,11.50,0.51,4.27,59.03,288.81,3.19
2013-02-16,0.00,0.29,3.35,1.71,6.85,0.29,4.40,46.76,297.67,2.73
2013-02-17,0.00,0.48,3.57,1.46,5.82,0.48,4.06,93.89,259.63,2.99
2013-02-18,0.07,0.41,0.82,1.04,4.17,0.47,3.30,90.81,250.11,2.59
2013-02-19,0.93,0.32,0.57,0.84,3.37,0.39,3.36,87.63,253.59,1.92
2013-02-20,0.00,0.51,1.51,0.86,3.42,0.51,3.62,43.69,292.69,4.86
2013-02-21,0.00,0.80,-0.05,0.74,2.94,0.80,2.56,44.25,280.58,4.24
2013-02-22,0.00,0.60,-0.65,0.65,2.61,0.60,2.41,43.67,278.30,2.74
2013-02-23,0.37,0.44,-0.27,0.61,2.43,0.53,2.97,38.30,288.26,2.79
2013-02-24,0.88,0.38,0.31,0.60,2.41,0.50,3.36,39.56,292.33,3.14
2013-02-25,0.28,0.50,1.37,0.61,2.42,0.64,3.63,81.74,269.42,3.58
2013-02-26,0.02,0.47,0.97,0.57,2.29,0.49,3.49,86.33,265.24,2.75
2013-02-27,0.10,0.55,0.33,0.53,2.11,0.60,2.98,129.08,232.97,1.59
2013-02-28,0.00,0.53,1.86,0.51,2.02,0.53,3.58,97.94,263.21,2.14
2013-03-01,0.04,0.78,3.28,0.51,2.05,0.83,3.64,87.16,277.67,3.05
2013-03-02,0.02,0.71,3.31,0.48,1.91,0.73,3.93,116.24,262.83,2.47
2013-03-03,0.00,0.43,4.31,0.48,1.92,0.43,4.44,51.81,308.96,1.64
2013-03-04,0.00,0.63,2.11,0.47,1.88,0.63,3.56,64.03,289.78,3.08
2013-03-05,0.03,0.57,0.97,0.45,1.78,0.59,3.49,110.17,259.98,1.81
2013-03-06,3.94,0.24,2.39,0.44,1.77,0.33,4.16,27.03,305.10,3.42
2013-03-07,2.27,0.23,3.86,0.55,2.21,0.34,4.80,27.46,313.13,4.76
2013-03-08,5.11,0.36,2.60,0.74,2.96,0.56,4.42,48.24,306.76,6.45
2013-03-09,2.32,0.33,1.44,1.50,6.01,0.51,3.88,28.48,300.19,5.87
2013-03-10,2.09,0.81,-1.03,0.98,3.93,1.11,2.76,72.13,273.20,6.61
2013-03-11,1.58,0.94,-3.75,0.66,2.65,1.23,2.01,122.44,233.84,5.79
2013-03-12,0.09,0.91,-0.70,0.67,2.69,1.02,2.60,100.97,259.88,4.10
2013-03-13,0.12,0.87,-0.16,0.68,2.73,1.00,2.88,114.15,258.13,3.78
2013-03-14,1.08,0.59,0.03,0.61,2.42,0.75,3.28,80.96,278.52,3.30
2013-03-15,2.96,0.60,3.18,0.75,2.98,0.79,4.32,64.39,303.98,4.65
2013-03-16,5.36,0.38,1.01,1.08,4.30,0.47,3.94,59.93,296.62,2.56
2013-03-17,19.26,0.43,1.36,5.13,20.50,0.58,3.98,63.73,296.84,3.83
2013-03-18,5.80,0.37,0.57,8.38,33.50,0.57,3.77,49.46,296.28,6.47
2013-03-19,7.73,0.47,0.36,4.28,17.10,0.69,3.65,64.33,292.20,6.06
2013-03-20,1.28,0.58,0.09,3.03,12.10,0.79,3.36,63.94,290.37,4.78
2013-03-21,0.21,0.95,-0.72,1.67,6.69,1.21,2.83,122.92,258.99,5.09
2013-03-22,0.68,0.83,-0.36,1.17,4.67,1.15,2.95,35.36,288.51,10.29
2013-03-23,0.00,0.82,-1.01,0.89,3.56,0.82,2.77,35.90,284.91,9.88
2013-03-24,0.22,1.34,-0.70,0.75,3.01,1.60,2.39,72.25,279.22,9.18
2013-03-25,0.59,1.21,-0.38,0.68,2.72,1.54,2.55,78.72,279.36,7.42
2013-03-26,1.21,0.99,-0.73,0.66,2.62,1.26,2.66,83.11,277.59,5.68
2013-03-27,1.52,0.78,-0.94,0.67,2.66,1.01,2.83,77.61,280.75,4.68
2013-03-28,0.15,1.03,-0.43,0.66,2.62,1.23,2.63,102.68,271.59,4.05
2013-03-29,0.13,1.01,-0.84,0.68,2.71,1.15,2.67,136.43,258.03,3.01
2013-03-30,0.05,1.08,-0.84,0.72,2.89,1.14,2.58,150.21,252.71,2.53
2013-03-31,0.02,1.02,-1.16,0.68,2.73,1.05,2.35,120.64,261.70,2.71
2013-04-01,0.05,1.33,0.29,0.71,2.82,1.39,2.45,120.43,268.58,4.20
2013-04-02,0.00,1.12,0.55,0.92,3.68,1.12,2.88,119.30,273.80,3.64
2013-04-03,0.08,1.66,1.18,1.16,4.64,1.82,2.86,220.40,239.73,3.56
2013-04-04,2.09,1.57,2.17,1.07,4.29,1.83,3.25,184.46,259.57,4.99
2013-04-05,0.06,1.23,1.97,1.06,4.22,1.34,3.13,104.89,287.27,4.29
2013-04-06,0.06,1.50,1.87,0.81,3.25,1.58,3.11,190.14,257.20,2.54
2013-04-07,0.17,0.91,1.61,0.76,3.02,1.05,3.44,96.53,291.62,2.88
2013-04-08,0.03,1.27,1.61,0.70,2.79,1.32,3.14,117.93,282.97,5.06
2013-04-09,0.23,1.44,1.97,0.57,2.27,1.68,3.22,150.04,274.31,5.25
2013-04-10,0.27,1.02,3.07,0.54,2.14,1.19,3.82,98.38,299.69,3.28
2013-04-11,0.78,0.94,2.98,0.54,2.17,1.13,3.92,89.98,302.99,3.69
2013-04-12,0.57,0.82,3.36,0.57,2.28,0.96,4.34,93.11,305.54,2.63
2013-04-13,1.41,1.31,5.76,0.63,2.53,1.52,4.92,141.53,301.89,4.09
2013-04-14,1.70,1.95,10.86,0.85,3.40,2.28,6.57,120.68,334.57,10.04
2013-04-15,3.22,2.69,10.05,0.66,2.63,3.00,5.52,193.79,304.23,9.01
2013-04-16,2.66,2.74,8.75,0.71,2.82,3.08,4.91,207.61,292.68,10.11
2013-04-17,14.18,1.32,7.65,1.33,5.31,1.61,5.50,89.93,329.26,7.53
2013-04-18,6.23,2.10,7.47,6.68,26.70,2.44,4.91,167.41,302.46,9.82
2013-04-19,0.02,2.21,5.84,2.07,8.26,2.25,4.08,231.22,272.61,3.39
2013-04-20,0.05,2.44,6.80,0.89,3.54,2.51,4.09,214.67,281.73,5.13
2013-04-21,1.23,1.64,6.31,0.63,2.51,1.91,4.65,132.71,309.14,6.08
2013-04-22,0.19,1.64,7.17,0.59,2.37,1.87,5.06,129.56,315.48,6.77
2013-04-23,3.02,2.54,8.74,0.56,2.22,2.81,4.74,177.37,305.86,6.37
2013-04-24,1.89,1.86,8.85,0.55,2.21,2.08,5.50,142.77,320.47,4.75
2013-04-25,1.51,1.47,6.43,0.64,2.54,1.64,4.77,128.87,312.71,3.34
2013-04-26,3.85,1.84,3.77,0.60,2.40,2.06,3.90,216.53,273.61,4.06
2013-04-27,0.40,2.15,4.37,0.60,2.41,2.38,3.71,231.66,270.41,4.37
2013-04-28,0.93,1.82,5.93,0.52,2.07,2.12,4.41,150.20,304.07,6.97
2013-04-29,0.31,2.76,6.28,0.45,1.80,3.06,4.00,264.55,269.90,7.38
2013-04-30,0.00,2.82,5.99,0.39,1.56,2.82,3.59,276.86,263.02,3.91
2013-05-01,0.45,2.40,6.61,0.36,1.45,2.61,4.18,215.48,288.85,4.62
2013-05-02,0.46,2.28,6.47,0.35,1.39,2.48,4.14,207.56,290.79,3.70
2013-05-03,4.31,1.39,7.90,0.37,1.47,1.66,5.51,93.25,331.59,6.54
2013-05-04,0.00,2.30,7.53,0.52,2.07,2.30,4.83,200.46,300.97,6.30
2013-05-05,0.01,2.30,10.64,0.40,1.60,2.33,6.38,185.88,323.06,6.14
2013-05-06,0.00,2.61,10.43,0.36,1.45,2.61,6.04,222.31,311.84,4.37
2013-05-07,0.00,3.87,11.77,0.33,1.33,3.87,5.58,331.33,284.94,3.10
2013-05-08,2.41,1.65,9.61,0.32,1.29,1.87,6.15,119.69,336.05,5.09
2013-05-09,5.14,2.01,7.26,0.36,1.43,2.28,5.03,183.62,307.07,6.03
2013-05-10,0.70,2.02,8.29,0.50,2.01,2.27,5.62,189.21,312.13,5.65
2013-05-11,0.82,1.82,6.97,0.40,1.60,2.08,5.07,167.25,310.79,6.00
2013-05-12,5.22,1.73,7.67,0.36,1.45,1.98,5.32,142.34,320.94,5.72
2013-05-13,2.23,2.62,5.64,0.52,2.07,2.93,4.11,279.09,273.49,7.48
2013-05-14,2.67,2.35,6.40,0.47,1.86,2.62,4.28,204.17,296.56,6.28
2013-05-15,9.02,1.41,5.28,0.96,3.84,1.65,4.71,140.78,310.22,4.73
2013-05-16,1.23,2.42,6.31,0.84,3.35,2.60,4.57,249.79,286.96,3.23
2013-05-17,9.00,2.28,7.84,0.57,2.29,2.48,4.96,200.13,306.99,3.98
2013-05-18,8.51,0.57,8.23,3.28,13.10,0.74,6.55,62.42,335.04,4.57
2013-05-19,0.75,1.57,10.37,1.54,6.17,1.70,7.39,148.50,336.36,2.44
2013-05-20,17.54,1.44,12.56,5.81,23.20,1.58,8.42,121.24,352.88,3.24
2013-05-21,0.00,1.92,9.61,3.98,15.90,1.92,6.16,161.60,328.32,3.39
2013-05-22,2.60,2.90,8.13,1.24,4.95,3.14,4.63,251.01,295.08,5.13
2013-05-23,5.47,2.03,4.71,0.89,3.57,2.32,3.86,180.47,296.13,6.28
2013-05-24,0.14,2.28,6.45,1.19,4.76,2.53,4.66,228.28,295.33,6.79
2013-05-25,0.00,4.00,8.76,0.70,2.79,4.00,4.54,384.94,263.83,2.79
2013-05-26,0.00,3.34,9.96,0.51,2.02,3.35,5.29,292.08,295.81,3.22
2013-05-27,2.24,2.11,8.62,0.44,1.76,2.34,5.45,166.09,322.13,5.85
2013-05-28,0.11,1.71,8.93,0.45,1.79,1.82,5.84,133.42,332.28,3.94
2013-05-29,2.43,1.03,9.91,0.41,1.63,1.23,6.60,65.39,342.70,5.05
2013-05-30,0.24,2.08,11.31,0.41,1.62,2.25,6.69,147.18,341.38,4.45
2013-05-31,0.02,2.87,11.41,0.38,1.53,2.90,6.82,249.96,318.78,2.98
2013-06-01,1.41,2.55,9.30,0.34,1.36,2.73,5.51,218.99,312.17,3.53
2013-06-02,0.02,3.38,9.42,0.33,1.32,3.42,5.02,303.17,289.29,3.40
2013-06-03,0.00,3.46,11.55,0.30,1.21,3.46,6.39,301.56,304.18,2.09
2013-06-04,0.00,3.93,12.56,0.29,1.16,3.93,6.50,331.57,300.90,2.92
2013-06-05,0.00,2.01,10.27,0.27,1.09,2.01,6.57,171.16,331.20,2.62
2013-06-06,0.00,3.03,11.54,0.27,1.06,3.03,6.54,257.35,315.95,2.58
2013-06-07,0.00,3.68,11.64,0.26,1.02,3.68,6.47,326.08,299.58,2.68
2013-06-08,0.94,3.29,11.54,0.24,0.98,3.42,6.47,283.72,309.60,2.66
2013-06-09,0.00,2.35,10.99,0.24,0.97,2.35,6.75,199.63,328.36,2.70
2013-06-10,0.00,2.72,10.69,0.24,0.96,2.72,6.18,229.08,318.63,2.85
2013-06-11,1.91,2.00,10.80,0.24,0.94,2.18,6.84,164.84,335.91,3.86
2013-06-12,3.13,2.07,13.26,0.24,0.97,2.25,8.08,153.30,350.95,4.26
2013-06-13,0.05,2.67,12.08,0.25,1.00,2.74,6.53,189.85,334.96,4.05
2013-06-14,6.80,2.47,11.45,0.23,0.91,2.69,6.64,186.49,333.38,5.01
2013-06-15,0.74,2.63,10.45,0.26,1.03,2.88,6.20,218.14,320.66,5.99
2013-06-16,0.01,2.71,11.76,0.25,0.98,2.72,6.78,220.47,327.16,3.24
2013-06-17,0.00,2.52,12.63,0.22,0.89,2.52,7.36,198.24,337.32,2.62
2013-06-18,0.00,2.87,13.67,0.21,0.85,2.87,7.53,216.77,337.84,2.67
2013-06-19,0.00,3.65,13.77,0.20,0.79,3.65,6.86,273.77,322.58,3.26
2013-06-20,0.07,2.31,12.61,0.19,0.76,2.40,7.26,172.96,342.88,2.73
2013-06-21,1.92,2.36,13.36,0.19,0.76,2.50,8.08,185.66,344.50,2.83
2013-06-22,2.30,2.15,11.76,0.20,0.79,2.39,7.31,174.15,338.98,5.61
2013-06-23,10.49,1.82,11.33,0.34,1.36,2.05,7.17,138.86,344.75,5.33
2013-06-24,0.00,2.26,10.48,0.42,1.66,2.26,5.79,145.85,337.03,4.51
2013-06-25,0.01,2.51,10.96,0.26,1.03,2.52,6.06,194.76,327.86,2.68
2013-06-26,0.00,2.66,12.02,0.22,0.88,2.66,6.46,194.28,333.52,3.38
2013-06-27,2.76,1.66,11.08,0.21,0.83,1.80,7.07,128.97,345.64,2.85
2013-06-28,2.57,1.81,13.04,0.24,0.94,2.00,8.32,141.67,352.59,4.53
2013-06-29,0.00,2.65,11.95,0.23,0.94,2.65,6.35,177.94,336.78,4.48
2013-06-30,0.25,2.69,13.63,0.21,0.82,2.90,7.68,182.36,345.63,6.28
2013-07-01,1.19,3.02,11.24,0.20,0.80,3.22,5.86,226.98,319.25,4.47
2013-07-02,2.86,1.05,10.90,0.20,0.79,1.24,7.06,67.20,347.67,4.62
2013-07-03,0.51,2.42,13.85,0.20,0.81,2.58,8.38,189.51,345.19,3.75
2013-07-04,0.26,2.97,14.31,0.19,0.77,3.19,8.00,211.42,341.40,5.83
2013-07-05,0.01,3.70,14.59,0.18,0.73,3.71,7.49,274.32,325.59,4.13
2013-07-06,0.00,4.27,16.07,0.17,0.68,4.27,8.16,316.64,322.94,3.89
2013-07-07,0.00,3.75,16.09,0.16,0.64,3.75,8.81,285.90,332.68,2.80
2013-07-08,0.00,3.38,16.36,0.16,0.62,3.38,9.22,254.23,342.07,2.53
2013-07-09,0.00,4.40,18.24,0.16,0.64,4.40,9.84,321.24,335.68,2.62
2013-07-10,0.00,2.08,14.55,0.16,0.63,2.08,8.92,156.43,355.54,3.10
2013-07-11,0.00,2.91,14.90,0.15,0.60,2.91,8.70,228.76,340.29,2.35
2013-07-12,0.00,3.79,18.35,0.14,0.56,3.79,10.14,270.38,348.02,2.45
2013-07-13,0.17,3.21,16.86,0.14,0.55,3.31,9.55,233.63,348.74,2.92
2013-07-14,0.00,3.79,15.96,0.13,0.54,3.79,7.97,273.66,330.98,2.97
2013-07-15,0.00,4.08,16.23,0.13,0.54,4.08,8.11,294.07,326.97,3.69
2013-07-16,0.00,3.72,17.75,0.13,0.53,3.72,9.13,249.00,347.31,3.22
2013-07-17,0.00,3.88,17.86,0.13,0.53,3.88,8.52,250.37,345.58,3.10
2013-07-18,0.00,4.20,19.60,0.13,0.52,4.20,9.80,280.36,348.38,2.45
2013-07-19,0.02,4.53,18.34,0.13,0.52,4.55,9.73,330.44,330.77,3.10
2013-07-20,0.00,2.12,15.64,0.13,0.53,2.12,9.24,148.63,361.26,2.83
2013-07-21,0.10,2.30,15.20,0.13,0.54,2.40,8.54,150.50,358.35,3.37
2013-07-22,0.11,2.39,16.24,0.13,0.54,2.51,9.68,173.60,358.11,3.02
2013-07-23,4.82,1.61,16.89,0.13,0.54,1.73,11.00,122.12,371.62,2.83
2013-07-24,19.20,2.35,17.62,0.17,0.69,2.45,10.36,163.80,366.71,2.26
2013-07-25,4.54,2.23,16.72,0.55,2.19,2.33,10.34,166.91,361.48,2.66
2013-07-26,0.00,3.26,16.63,0.31,1.24,3.26,9.19,241.04,342.03,2.79
2013-07-27,17.13,3.14,16.13,0.21,0.82,3.27,9.08,238.75,339.97,2.77
2013-07-28,6.18,1.81,14.83,0.65,2.60,1.97,9.45,142.78,357.37,3.69
2013-07-29,4.00,1.98,14.92,0.51,2.04,2.13,9.40,156.96,354.32,3.49
2013-07-30,2.27,2.74,14.46,0.39,1.56,2.91,8.14,204.99,338.54,3.96
2013-07-31,14.45,2.33,14.32,0.38,1.52,2.47,8.38,177.38,345.22,3.13
2013-08-01,0.06,2.05,17.54,1.00,3.98,2.10,11.21,155.67,365.94,3.74
2013-08-02,0.15,3.87,17.88,0.50,1.98,3.92,9.58,267.50,337.59,5.17
2013-08-03,0.98,3.42,14.91,0.29,1.16,3.65,7.69,229.76,329.96,6.60
2013-08-04,4.72,2.69,15.00,0.23,0.92,2.89,8.38,189.43,343.11,4.71
2013-08-05,15.07,0.69,13.37,0.93,3.72,0.81,8.92,57.96,359.27,3.14
2013-08-06,0.01,2.48,12.49,0.93,3.71,2.50,6.75,191.51,327.38,2.97
2013-08-07,0.00,2.24,12.91,0.45,1.78,2.24,7.38,183.39,332.79,1.98
2013-08-08,0.95,2.32,14.43,0.31,1.22,2.44,7.98,171.52,343.54,2.57
2013-08-09,0.01,2.08,14.00,0.24,0.98,2.10,7.91,135.11,351.72,3.96
2013-08-10,0.86,1.93,12.88,0.21,0.84,2.09,6.77,105.27,353.93,3.53
2013-08-11,0.35,2.46,12.68,0.20,0.78,2.67,6.99,178.12,330.76,4.78
2013-08-12,0.19,2.08,12.05,0.18,0.72,2.27,6.83,143.26,337.96,4.51
2013-08-13,0.02,2.28,12.09,0.17,0.67,2.31,6.51,165.23,330.12,3.50
2013-08-14,7.01,2.23,14.59,0.17,0.66,2.37,8.32,162.77,345.06,3.37
2013-08-15,2.88,1.75,16.53,0.21,0.86,1.93,10.47,127.52,364.55,4.87
2013-08-16,1.03,2.59,14.97,0.21,0.85,2.76,8.57,199.55,335.38,4.21
2013-08-17,6.44,1.69,14.16,0.20,0.81,1.91,8.79,117.82,355.51,5.97
2013-08-18,0.36,2.87,12.84,0.34,1.34,3.09,6.75,216.20,314.83,5.34
2013-08-19,0.10,2.36,13.02,0.24,0.96,2.54,6.82,152.31,336.37,4.34
2013-08-20,1.10,1.89,13.72,0.20,0.79,2.04,7.79,126.38,349.22,3.58
2013-08-21,0.64,1.75,15.45,0.18,0.73,1.91,9.44,125.55,358.19,4.00
2013-08-22,0.20,1.60,15.31,0.18,0.74,1.70,9.68,130.14,355.88,2.57
2013-08-23,17.55,1.43,15.93,0.27,1.06,1.56,9.90,101.42,366.68,3.07
2013-08-24,1.47,1.05,13.99,0.86,3.44,1.15,9.33,88.91,360.77,2.37
2013-08-25,0.01,1.67,14.94,0.51,2.03,1.68,9.52,143.38,349.10,2.78
2013-08-26,0.00,2.49,15.31,0.33,1.30,2.49,8.91,211.83,327.96,2.67
2013-08-27,0.70,1.80,14.23,0.24,0.96,1.91,8.62,151.36,341.55,2.38
2013-08-28,0.04,1.43,13.08,0.21,0.82,1.47,7.90,103.61,350.75,2.92
2013-08-29,0.21,1.71,14.31,0.20,0.78,1.85,8.37,110.45,354.12,4.17
2013-08-30,0.19,2.03,14.56,0.19,0.75,2.24,8.58,148.34,342.29,5.23
2013-08-31,0.12,2.45,10.82,0.17,0.69,2.62,5.35,167.81,309.65,4.67
2013-09-01,0.00,2.01,12.44,0.16,0.65,2.01,6.71,86.36,351.23,6.48
2013-09-02,0.00,2.85,16.66,0.16,0.65,2.85,9.33,205.32,330.44,6.28
2013-09-03,0.16,2.39,16.14,0.16,0.64,2.52,9.06,177.70,336.55,4.06
2013-09-04,0.00,2.37,14.65,0.15,0.61,2.37,7.78,176.81,326.36,3.73
2013-09-05,6.22,1.42,12.72,0.15,0.60,1.55,7.33,99.28,346.56,2.70
2013-09-06,25.08,0.61,9.38,1.29,5.17,0.78,6.67,42.48,340.33,4.63
2013-09-07,0.20,1.48,10.13,2.10,8.41,1.69,6.60,135.23,318.99,4.82
2013-09-08,0.13,1.73,9.06,0.68,2.72,1.85,5.71,179.60,293.07,3.01
2013-09-09,1.17,1.16,9.31,0.44,1.76,1.28,6.37,115.94,321.43,2.45
2013-09-10,0.00,1.60,11.01,0.36,1.43,1.61,6.41,101.10,334.09,4.88
2013-09-11,2.01,0.76,11.26,0.29,1.16,0.85,7.77,69.58,349.05,2.17
2013-09-12,1.65,1.13,13.38,0.29,1.15,1.26,8.85,108.84,343.84,3.07
2013-09-13,0.16,0.90,9.87,0.28,1.10,1.00,6.59,70.86,340.70,2.66
2013-09-14,0.68,1.50,9.29,0.24,0.98,1.64,5.76,149.35,301.38,2.84
2013-09-15,6.71,1.34,9.33,0.33,1.32,1.62,6.16,93.99,326.59,7.28
2013-09-16,0.24,1.47,7.39,0.45,1.81,1.71,5.02,110.67,306.92,6.30
2013-09-17,0.20,1.31,8.22,0.33,1.30,1.51,5.36,88.68,320.95,4.96
2013-09-18,3.44,1.51,8.18,0.26,1.05,1.72,5.28,143.84,293.91,4.36
2013-09-19,2.30,0.74,8.51,0.28,1.13,0.90,6.36,69.27,332.35,3.76
2013-09-20,0.01,1.33,10.24,0.37,1.48,1.35,6.23,98.90,324.95,4.11
2013-09-21,0.03,1.10,12.65,0.29,1.15,1.16,7.98,81.55,345.99,4.29
2013-09-22,0.04,2.08,15.55,0.25,0.98,2.15,8.81,167.64,319.59,5.03
2013-09-23,0.43,1.17,12.81,0.22,0.87,1.26,8.37,135.44,321.63,1.95
2013-09-24,0.90,0.55,12.65,0.21,0.83,0.61,8.86,59.91,354.24,2.03
2013-09-25,0.36,0.27,10.95,0.21,0.85,0.34,7.85,32.28,348.04,3.13
2013-09-26,1.36,0.94,9.17,0.21,0.83,1.06,6.20,95.39,317.78,2.76
2013-09-27,0.02,0.82,11.56,0.20,0.81,0.84,7.36,71.06,341.99,2.33
2013-09-28,0.02,1.17,10.99,0.20,0.80,1.19,6.92,127.39,308.67,2.97
2013-09-29,0.00,1.39,10.83,0.19,0.75,1.39,6.63,135.90,301.20,4.66
2013-09-30,0.00,1.11,10.78,0.18,0.71,1.11,6.75,70.41,336.09,5.13
2013-10-01,0.69,1.29,10.76,0.17,0.69,1.51,6.42,67.89,335.89,5.39
2013-10-02,6.09,0.58,11.67,0.18,0.72,0.77,7.79,28.65,351.48,5.80
2013-10-03,10.15,0.32,13.56,0.34,1.34,0.43,9.31,28.15,359.85,4.97
2013-10-04,7.66,0.59,13.80,2.30,9.20,0.69,9.34,60.76,354.08,3.34
2013-10-05,0.08,0.97,11.60,1.18,4.70,1.07,7.24,88.15,325.88,3.51
2013-10-06,1.35,0.95,13.19,0.61,2.42,1.13,8.39,74.82,341.72,4.99
2013-10-07,1.17,0.98,14.84,0.53,2.11,1.18,9.26,49.83,363.54,5.54
2013-10-08,0.00,1.22,12.95,0.45,1.80,1.22,7.71,89.23,328.82,5.07
2013-10-09,2.18,1.35,8.04,0.36,1.43,1.62,5.08,94.09,296.36,6.32
2013-10-10,2.89,1.24,6.08,0.30,1.19,1.52,4.40,71.94,300.16,6.61
2013-10-11,0.23,0.90,7.56,0.32,1.27,1.12,5.41,49.31,324.92,5.68
2013-10-12,0.22,0.65,8.53,0.29,1.14,0.78,6.25,51.78,328.50,5.06
2013-10-13,1.01,0.64,8.56,0.27,1.08,0.83,6.28,48.84,330.06,5.28
2013-10-14,5.37,0.56,8.78,0.28,1.11,0.74,6.50,43.15,334.72,5.42
2013-10-15,0.35,0.40,7.90,0.47,1.87,0.51,6.28,57.85,319.46,3.41
2013-10-16,23.93,0.35,6.86,3.98,15.90,0.47,5.92,40.21,326.40,4.22
2013-10-17,0.37,0.43,8.59,4.63,18.50,0.52,6.41,63.46,316.62,2.79
2013-10-18,7.71,0.32,8.89,1.55,6.21,0.43,6.90,37.69,337.18,4.33
2013-10-19,4.16,0.33,11.02,3.23,12.90,0.43,7.92,37.80,346.66,4.00
2013-10-20,2.52,0.36,10.24,2.65,10.60,0.46,7.38,48.76,333.91,3.35
2013-10-21,18.38,0.35,10.95,5.03,20.10,0.45,7.81,41.34,342.42,3.95
2013-10-22,5.85,0.45,12.69,6.78,27.10,0.59,8.65,37.72,352.73,4.97
2013-10-23,0.62,0.73,9.78,3.28,13.10,0.94,6.57,59.63,318.86,5.66
2013-10-24,7.59,0.59,7.72,1.60,6.38,0.72,5.44,84.13,284.56,3.53
2013-10-25,15.37,0.43,10.71,9.01,36.00,0.59,7.56,43.92,336.11,5.41
2013-10-26,6.06,0.62,10.27,4.33,17.30,0.80,6.96,42.14,334.21,5.35
2013-10-27,9.18,0.85,8.93,5.73,22.90,1.12,6.11,50.07,318.54,7.62
2013-10-28,0.54,0.58,7.49,3.48,13.90,0.75,5.61,40.87,319.18,4.86
2013-10-29,0.25,0.83,6.73,1.54,6.17,1.05,4.86,72.83,280.98,5.78
2013-10-30,1.99,0.56,6.55,1.08,4.30,0.75,5.24,47.34,305.97,5.28
2013-10-31,3.49,0.55,7.08,1.06,4.25,0.74,5.48,42.41,312.92,5.31
2013-11-01,0.04,0.55,5.83,1.32,5.26,0.60,4.88,44.69,302.23,4.77
2013-11-02,10.73,0.21,3.75,2.47,9.88,0.31,4.76,27.82,310.90,4.48
2013-11-03,0.08,0.82,4.74,2.70,10.80,0.92,4.20,56.14,280.08,6.78
2013-11-04,0.16,0.22,2.51,1.27,5.09,0.29,3.93,60.48,265.30,3.12
2013-11-05,0.97,0.15,1.91,0.91,3.62,0.21,4.04,38.65,286.75,3.11
2013-11-06,0.33,0.30,4.23,0.81,3.24,0.39,4.58,32.21,304.29,3.59
2013-11-07,1.95,0.57,4.88,0.71,2.85,0.79,4.48,58.20,274.32,6.06
2013-11-08,2.98,0.30,4.54,1.40,5.61,0.41,4.68,36.72,298.67,4.06
2013-11-09,0.51,0.12,1.70,1.17,4.67,0.16,3.91,46.30,272.31,3.15
2013-11-10,3.07,0.14,2.08,0.86,3.45,0.18,3.79,56.67,258.99,2.81
2013-11-11,0.09,0.27,6.73,1.09,4.37,0.35,5.67,28.39,318.34,4.57
2013-11-12,0.17,0.39,5.75,0.90,3.58,0.51,4.75,55.31,275.06,4.44
2013-11-13,1.87,0.55,5.50,0.73,2.90,0.76,4.79,29.23,307.87,5.83
2013-11-14,0.00,0.82,5.14,0.73,2.90,0.82,4.08,47.02,277.26,6.09
2013-11-15,0.01,0.34,5.52,0.60,2.40,0.35,4.89,22.83,315.83,3.56
2013-11-16,0.00,0.55,8.30,0.54,2.17,0.55,5.74,31.31,316.58,5.01
2013-11-17,5.58,0.03,4.87,0.51,2.03,0.05,5.14,26.18,307.73,2.25
2013-11-18,0.00,0.09,3.76,1.05,4.20,0.09,4.59,30.14,294.98,3.15
2013-11-19,4.64,0.25,-0.06,0.80,3.18,0.36,2.99,52.54,239.53,4.04
2013-11-20,30.32,0.51,3.31,4.78,19.10,0.76,4.12,31.00,287.95,7.35
2013-11-21,2.82,0.34,2.71,13.67,54.60,0.51,4.06,24.44,294.83,5.50
2013-11-22,0.13,0.07,0.79,2.98,11.90,0.10,3.48,36.34,265.72,2.73
2013-11-23,0.11,0.05,1.66,1.55,6.18,0.07,3.79,29.75,279.66,2.30
2013-11-24,0.04,0.12,2.52,1.13,4.52,0.13,4.01,21.87,296.00,2.49
2013-11-25,0.13,0.02,-0.38,0.91,3.64,0.02,3.19,40.75,250.14,2.00
2013-11-26,0.38,0.16,4.49,0.81,3.24,0.21,4.78,14.82,315.60,3.04
2013-11-27,0.06,0.30,7.97,0.93,3.70,0.34,5.80,22.21,321.15,3.69
2013-11-28,1.78,0.06,4.79,0.71,2.83,0.08,4.94,17.57,313.49,2.08
2013-11-29,0.00,0.67,5.18,0.81,3.23,0.67,4.42,29.16,291.28,6.89
2013-11-30,0.03,0.38,4.07,0.64,2.57,0.42,4.04,26.31,289.64,3.98
2013-12-01,0.03,0.03,5.43,0.56,2.23,0.03,5.06,28.80,293.70,2.63
2013-12-02,0.17,0.17,4.64,0.52,2.08,0.22,4.71,8.43,316.08,3.27
2013-12-03,1.09,0.35,6.32,0.50,1.99,0.49,5.34,14.37,324.65,4.89
2013-12-04,8.64,0.21,3.11,0.50,1.99,0.32,3.97,38.39,260.22,4.82
2013-12-05,3.70,0.88,3.11,3.00,12.00,1.23,3.71,22.73,287.77,9.80
2013-12-06,0.59,0.35,0.14,1.42,5.68,0.49,2.88,22.94,271.10,3.73
2013-12-07,0.56,0.12,3.41,1.01,4.05,0.18,4.55,14.69,308.24,3.88
2013-12-08,2.62,0.56,8.52,1.09,4.35,0.80,6.17,14.39,333.90,7.50
2013-12-09,0.00,0.57,9.05,1.48,5.90,0.57,6.22,16.44,331.61,6.25
2013-12-10,0.00,0.52,7.03,0.98,3.90,0.52,5.29,17.82,317.52,5.64
2013-12-11,0.19,0.38,6.12,0.73,2.92,0.46,5.06,16.88,314.90,4.68
2013-12-12,1.27,0.34,7.71,0.62,2.48,0.48,5.91,13.56,330.69,4.96
2013-12-13,0.50,0.39,8.89,0.62,2.46,0.54,6.44,13.08,337.45,5.56
2013-12-14,7.17,0.69,6.20,1.15,4.58,0.98,5.03,13.79,321.31,8.18
2013-12-15,17.64,0.55,6.30,2.44,9.73,0.78,5.12,15.00,319.08,6.74
2013-12-16,0.29,0.50,5.35,7.81,31.20,0.70,4.73,17.53,308.19,6.20
2013-12-17,1.24,0.26,2.77,2.11,8.45,0.39,3.93,25.50,277.59,4.95
2013-12-18,9.66,0.51,5.74,2.80,11.20,0.77,5.11,13.62,319.54,8.45
2013-12-19,7.14,0.58,2.52,5.21,20.80,0.85,3.74,20.82,285.43,7.75
2013-12-20,17.56,0.51,4.60,10.94,43.70,0.78,4.67,13.41,313.92,8.41
2013-12-21,26.51,0.76,6.21,18.35,73.30,1.06,4.94,16.81,313.60,8.72
2013-12-22,2.44,0.53,2.45,9.44,37.70,0.80,3.78,19.87,287.52,7.59
2013-12-23,19.12,0.33,4.09,10.76,43.00,0.53,4.64,7.35,313.60,7.34
2013-12-24,6.07,0.94,3.79,10.41,41.60,1.32,3.94,22.86,286.79,11.63
2013-12-25,0.17,0.49,2.91,3.95,15.80,0.70,3.88,26.78,275.46,7.44
2013-12-26,12.96,0.04,1.52,2.12,8.48,0.07,3.84,26.83,270.91,3.99
2013-12-27,13.79,0.90,5.13,18.10,72.30,1.29,4.62,14.36,314.34,13.18
2013-12-28,2.14,0.58,3.55,4.88,19.50,0.85,4.06,20.90,291.72,7.63
2013-12-29,6.80,0.21,3.05,2.98,11.90,0.32,4.09,26.42,279.11,4.87
2013-12-30,13.23,0.32,5.25,11.41,45.60,0.50,5.13,14.01,317.83,7.31
2013-12-31,2.23,0.34,3.68,4.53,18.10,0.52,4.44,14.98,307.49,6.14
2014-01-01,9.10,0.22,4.35,5.46,21.80,0.35,4.88,14.43,312.97,6.20
2014-01-02,5.35,0.35,4.91,4.05,16.20,0.52,4.74,21.27,299.92,6.00
2014-01-03,3.23,0.80,5.17,4.10,16.40,1.14,4.56,20.38,302.55,10.27
2014-01-04,0.31,0.27,3.11,2.93,11.70,0.36,4.25,14.13,307.52,4.58
2014-01-05,11.06,0.18,2.40,4.46,17.80,0.29,4.20,17.77,297.17,5.70
2014-01-06,8.03,0.76,6.55,8.08,32.30,1.06,5.12,16.02,321.09,8.76
2014-01-07,6.82,0.86,6.64,5.08,20.30,1.18,5.00,19.42,314.24,9.06
2014-01-08,0.81,0.31,5.42,4.25,17.00,0.45,4.83,28.31,291.44,5.32
2014-01-09,0.06,0.11,3.20,2.35,9.39,0.14,4.23,31.19,276.08,4.12
2014-01-10,5.25,0.26,3.99,2.25,9.00,0.38,4.50,8.72,312.71,4.55
2014-01-11,0.09,0.11,1.39,2.38,9.51,0.15,3.55,39.44,252.91,3.92
2014-01-12,2.73,0.16,0.29,1.50,6.00,0.24,3.48,18.58,287.99,3.81
2014-01-13,4.53,0.03,2.44,1.77,7.09,0.04,4.18,30.70,277.65,3.35
2014-01-14,4.87,0.03,1.29,3.05,12.20,0.04,4.02,17.45,297.54,2.76
2014-01-15,2.61,0.09,5.08,3.75,15.00,0.14,5.31,16.63,318.92,4.17
2014-01-16,1.72,0.01,3.78,2.75,11.00,0.02,4.73,28.83,291.00,2.93
2014-01-17,2.38,0.10,4.08,2.35,9.39,0.14,4.86,17.80,312.68,3.35
2014-01-18,6.31,0.16,3.84,2.24,8.94,0.24,4.78,17.41,312.76,4.63
2014-01-19,4.03,0.13,4.11,4.86,19.40,0.20,4.88,19.74,310.72,4.49
2014-01-20,0.06,0.01,2.09,2.50,9.97,0.02,4.15,28.22,286.89,2.10
2014-01-21,12.47,0.30,2.59,3.05,12.20,0.45,4.11,21.06,301.14,5.15
2014-01-22,3.21,0.17,4.38,5.78,23.10,0.25,4.92,22.90,308.88,4.70
2014-01-23,0.25,0.34,2.51,3.33,13.30,0.50,3.91,31.88,284.14,5.05
2014-01-24,5.72,0.19,1.73,2.73,10.90,0.27,4.00,19.96,301.13,4.11
2014-01-25,10.67,0.46,4.55,6.56,26.20,0.68,4.66,23.47,309.99,6.62
2014-01-26,12.06,0.44,2.11,8.71,34.80,0.66,3.85,24.80,295.93,6.43
2014-01-27,5.40,0.30,2.87,4.96,19.80,0.44,4.27,22.32,305.17,5.18
2014-01-28,6.63,0.09,3.21,5.63,22.50,0.14,4.63,12.37,310.00,4.91
2014-01-29,3.24,0.37,3.52,6.51,26.00,0.57,4.39,12.64,310.46,6.64
2014-01-30,0.75,0.31,1.23,3.08,12.30,0.42,3.45,13.91,297.37,3.60
2014-01-31,7.20,0.28,2.30,2.75,11.00,0.45,4.12,13.21,304.57,6.59
2014-02-01,9.71,0.62,2.95,6.53,26.10,0.93,4.03,36.23,291.67,8.80
2014-02-02,0.85,0.74,4.42,5.41,21.60,1.04,4.30,50.00,283.84,8.07
2014-02-03,3.33,0.78,4.29,2.40,9.58,1.07,4.26,25.05,312.13,7.64
2014-02-04,4.20,0.55,3.34,2.21,8.84,0.77,4.09,38.39,293.72,5.96
2014-02-05,6.48,0.46,4.37,4.43,17.70,0.70,4.75,26.29,314.06,7.80
2014-02-06,0.40,0.37,3.94,3.83,15.30,0.52,4.51,35.25,302.90,4.74
2014-02-07,7.39,0.28,1.78,2.11,8.45,0.39,3.77,55.84,271.88,3.52
2014-02-08,8.47,0.69,4.08,5.21,20.80,0.99,4.38,36.25,303.43,8.67
2014-02-09,1.84,0.68,4.11,5.18,20.70,0.97,4.37,42.17,298.52,8.08
2014-02-10,1.84,0.42,2.12,2.26,9.03,0.57,3.79,60.65,272.05,4.39
2014-02-11,1.88,0.49,0.97,1.65,6.59,0.71,3.46,42.04,284.28,5.62
2014-02-12,16.00,0.56,1.65,6.86,27.40,0.86,3.75,31.49,298.73,8.53
2014-02-13,4.34,0.91,2.47,7.26,29.00,1.27,3.65,49.12,286.04,10.24
2014-02-14,13.67,0.44,2.90,6.83,27.30,0.65,4.22,31.26,307.02,6.15
2014-02-15,5.08,0.52,3.57,10.79,43.10,0.73,4.31,38.72,304.19,5.78
2014-02-16,0.02,0.82,2.58,3.40,13.60,0.87,3.44,80.72,261.42,5.26
2014-02-17,2.15,0.10,2.83,2.10,8.40,0.14,4.45,19.18,307.89,3.11
2014-02-18,2.85,0.24,5.08,2.60,10.40,0.32,5.26,43.38,311.71,3.15
2014-02-19,2.92,0.30,5.10,2.53,10.10,0.39,5.14,44.20,311.54,3.13
2014-02-20,5.01,0.68,5.89,3.33,13.30,0.94,5.11,61.10,302.22,7.21
2014-02-21,4.19,0.88,3.63,3.65,14.60,1.20,4.04,50.13,298.45,8.24
2014-02-22,4.77,0.95,5.30,2.80,11.20,1.25,4.55,71.57,291.72,7.72
2014-02-23,12.21,1.12,8.11,6.93,27.70,1.45,5.65,42.59,329.29,10.17
2014-02-24,2.79,0.76,5.77,6.36,25.40,1.00,4.89,53.58,310.05,6.03
2014-02-25,1.45,1.00,5.66,3.03,12.10,1.30,4.62,68.97,298.37,7.42
2014-02-26,8.69,0.88,4.79,2.20,8.80,1.15,4.41,62.66,299.54,6.68
2014-02-27,0.88,0.83,3.94,4.63,18.50,1.08,4.15,84.33,281.32,5.79
2014-02-28,0.24,0.56,1.84,2.13,8.50,0.67,3.69,102.97,260.78,2.75
2014-03-01,5.53,0.60,2.23,1.56,6.23,0.74,3.80,88.59,274.26,3.31
2014-03-02,5.22,0.58,4.13,3.30,13.20,0.78,4.63,67.40,298.89,5.34
2014-03-03,0.08,0.68,3.37,3.28,13.10,0.78,4.07,108.22,270.05,2.75
2014-03-04,0.12,0.80,3.31,1.57,6.29,0.98,3.99,91.77,280.11,4.61
2014-03-05,0.34,0.72,5.03,1.16,4.65,0.81,4.66,49.13,315.37,5.18
2014-03-06,15.92,0.52,7.71,1.68,6.71,0.72,5.95,26.96,331.99,6.24
2014-03-07,0.43,1.18,5.49,9.29,37.10,1.46,4.53,116.65,279.45,6.79
2014-03-08,0.00,1.23,6.00,2.21,8.84,1.23,4.48,67.57,309.78,6.74
2014-03-09,2.54,1.02,7.75,1.38,5.51,1.24,5.42,68.20,320.46,5.26
2014-03-10,0.07,0.98,4.53,1.33,5.30,1.07,4.31,149.51,261.13,2.59
2014-03-11,0.04,1.19,3.96,1.03,4.11,1.23,3.72,171.79,245.03,2.66
2014-03-12,0.03,1.12,3.95,0.84,3.37,1.16,3.73,148.23,258.69,2.71
2014-03-13,0.00,0.75,5.09,0.74,2.96,0.75,4.84,103.20,292.84,2.34
2014-03-14,0.01,1.01,6.75,0.72,2.88,1.05,5.14,69.83,317.83,5.94
2014-03-15,0.00,1.44,8.45,0.70,2.79,1.44,5.38,74.88,323.61,7.21
2014-03-16,0.15,1.81,8.99,0.60,2.41,2.09,5.44,149.33,289.39,7.17
2014-03-17,0.30,1.46,8.14,0.54,2.16,1.66,5.14,86.67,316.96,6.04
2014-03-18,2.47,1.28,7.35,0.58,2.32,1.55,5.15,88.90,313.43,6.41
2014-03-19,0.00,1.96,8.93,0.55,2.19,1.96,5.30,123.01,304.53,9.21
2014-03-20,6.98,1.27,6.33,0.58,2.33,1.62,4.86,67.87,319.42,9.93
2014-03-21,4.59,1.49,4.18,0.84,3.36,1.82,3.89,137.70,275.50,8.00
2014-03-22,0.59,1.06,2.62,0.95,3.80,1.32,3.75,122.65,277.09,5.41
2014-03-23,0.05,1.48,2.98,0.83,3.32,1.60,3.34,165.57,257.60,4.56
2014-03-24,0.67,1.72,2.54,0.53,2.12,1.96,3.03,205.14,237.79,4.67
2014-03-25,1.43,0.82,4.87,0.48,1.93,1.00,4.65,73.46,312.67,3.98
2014-03-26,6.28,1.23,3.48,0.51,2.04,1.45,3.87,141.85,275.87,4.29
2014-03-27,3.04,0.91,3.97,1.36,5.42,1.16,4.40,93.58,300.85,5.77
2014-03-28,8.84,0.88,4.34,2.15,8.60,1.13,4.48,72.10,311.82,5.96
2014-03-29,0.28,0.91,5.69,2.85,11.40,1.13,5.08,91.62,311.88,5.13
2014-03-30,0.17,0.75,6.12,1.50,5.99,0.90,5.44,78.14,320.37,4.37
2014-03-31,9.32,0.88,6.55,1.19,4.74,1.04,5.60,100.86,314.35,3.54
2014-04-01,1.73,0.80,6.55,5.28,21.10,0.93,5.73,94.52,317.82,2.85
2014-04-02,2.98,0.62,5.53,2.17,8.68,0.80,5.44,77.31,319.45,4.30
2014-04-03,4.62,0.34,5.89,2.68,10.70,0.46,5.59,41.90,323.48,4.36
2014-04-04,0.02,0.67,6.47,3.23,12.90,0.70,5.80,77.05,324.93,2.30
2014-04-05,1.76,0.80,8.36,1.67,6.69,0.96,6.42,76.45,334.63,3.86
2014-04-06,2.42,1.31,10.79,1.48,5.92,1.56,7.16,104.76,337.10,6.66
2014-04-07,6.08,0.79,6.31,2.93,11.70,0.92,5.47,79.14,323.89,2.89
2014-04-08,0.07,2.13,6.53,2.19,8.75,2.23,4.46,215.15,273.83,6.01
2014-04-09,0.01,1.45,8.82,1.17,4.67,1.48,5.75,95.84,330.23,5.84
2014-04-10,0.12,1.86,8.21,0.92,3.66,2.04,5.07,152.37,306.38,4.44
2014-04-11,0.00,1.90,6.39,0.73,2.91,1.90,4.43,186.95,285.38,4.05
2014-04-12,0.04,2.04,7.66,0.69,2.74,2.14,4.78,144.91,306.77,7.46
2014-04-13,1.37,2.10,7.26,0.61,2.44,2.39,4.51,146.21,304.08,7.33
2014-04-14,0.04,2.46,6.86,0.55,2.20,2.54,4.18,235.43,271.17,4.85
2014-04-15,0.00,2.50,6.41,0.50,1.98,2.50,4.09,268.97,258.82,3.24
2014-04-16,0.00,2.23,8.16,0.44,1.74,2.24,4.53,159.67,304.66,5.04
2014-04-17,0.05,2.10,7.85,0.42,1.66,2.19,4.66,135.11,312.80,6.66
2014-04-18,0.05,2.62,5.44,0.39,1.54,2.70,3.57,292.38,247.22,2.74
2014-04-19,0.00,2.26,5.37,0.37,1.46,2.27,4.14,259.88,262.62,3.20
2014-04-20,0.00,1.79,6.65,0.35,1.41,1.79,4.95,183.50,295.76,4.68
2014-04-21,0.00,2.20,9.46,0.34,1.36,2.20,5.94,205.94,303.97,5.45
2014-04-22,1.57,0.88,7.89,0.35,1.38,1.07,6.33,92.08,332.44,4.34
2014-04-23,4.60,1.50,9.66,0.36,1.43,1.67,6.55,136.32,328.17,3.43
2014-04-24,0.92,1.84,9.26,0.41,1.65,1.96,6.15,177.13,314.08,2.22
2014-04-25,13.48,0.38,6.92,0.73,2.93,0.50,6.16,53.20,328.81,3.83
2014-04-26,0.19,1.41,8.79,1.94,7.77,1.60,6.31,136.10,325.08,5.04
2014-04-27,4.47,1.11,8.36,0.94,3.76,1.30,6.33,107.92,331.34,4.01
2014-04-28,0.13,1.76,9.51,1.15,4.58,1.87,6.57,172.45,319.37,2.41
2014-04-29,0.02,1.80,9.92,0.78,3.11,1.82,6.71,170.70,322.24,1.76
2014-04-30,18.78,0.98,8.46,2.55,10.20,1.12,6.58,97.50,335.57,3.17
2014-05-01,1.11,0.58,5.61,6.18,24.70,0.77,5.25,55.94,321.59,5.03
2014-05-02,0.02,2.55,5.89,1.66,6.62,2.59,4.13,269.43,271.67,3.56
2014-05-03,0.44,1.97,6.13,0.92,3.67,2.12,4.37,191.74,295.56,2.54
2014-05-04,0.78,1.38,10.04,0.74,2.95,1.55,6.73,112.19,339.92,3.58
2014-05-05,3.56,1.97,10.32,0.71,2.84,2.16,5.90,132.58,334.58,4.12
2014-05-06,1.72,2.52,10.55,0.78,3.11,2.75,6.10,204.69,317.21,5.26
2014-05-07,5.83,1.72,8.56,0.77,3.09,1.97,5.88,152.93,322.33,5.80
2014-05-08,2.84,1.54,9.20,1.07,4.28,1.71,6.28,133.99,330.95,3.44
2014-05-09,10.53,1.99,9.46,1.21,4.84,2.22,6.21,180.94,320.37,4.98
2014-05-10,13.88,1.28,8.47,9.29,37.10,1.47,6.34,123.98,330.76,3.96
2014-05-11,1.46,1.44,8.47,4.13,16.50,1.64,6.05,128.43,329.33,4.13
2014-05-12,4.07,1.62,7.81,2.50,9.99,1.76,5.55,147.83,320.84,2.55
2014-05-13,5.25,2.28,7.80,2.85,11.40,2.42,5.49,229.93,300.62,2.39
2014-05-14,0.31,2.86,9.20,2.01,8.02,3.02,5.65,274.52,295.50,2.87
2014-05-15,0.01,2.22,12.04,1.05,4.20,2.22,6.87,164.02,338.47,3.29
2014-05-16,0.00,3.17,13.13,0.76,3.05,3.17,6.87,236.98,325.05,4.23
2014-05-17,0.00,3.18,12.35,0.60,2.40,3.18,6.30,233.52,321.20,4.54
2014-05-18,2.61,3.20,13.22,0.52,2.07,3.41,6.65,217.08,330.36,5.00
2014-05-19,0.00,2.95,13.09,0.49,1.96,2.95,7.52,241.11,326.83,3.51
2014-05-20,0.20,1.79,12.17,0.43,1.73,1.95,7.80,145.77,345.55,3.56
2014-05-21,6.65,3.50,12.29,0.41,1.62,3.66,6.66,296.31,308.05,3.46
2014-05-22,6.40,0.82,7.99,1.26,5.05,0.99,5.94,63.62,333.22,4.19
2014-05-23,0.91,1.36,7.80,0.78,3.13,1.59,5.76,116.86,330.47,5.08
2014-05-24,8.23,1.43,9.19,0.73,2.91,1.64,6.64,136.84,333.58,4.53
2014-05-25,2.36,1.56,9.76,1.54,6.17,1.74,7.03,153.64,333.04,3.67
2014-05-26,0.07,2.90,11.72,0.99,3.94,2.96,7.05,254.46,318.71,2.92
2014-05-27,0.31,1.80,11.11,0.62,2.48,1.94,7.01,143.03,341.52,2.87
2014-05-28,10.24,0.67,9.67,0.97,3.86,0.84,7.13,65.17,341.99,4.45
2014-05-29,0.05,1.74,9.47,1.54,6.16,1.83,6.45,154.34,331.21,4.28
2014-05-30,0.00,2.68,10.31,0.78,3.12,2.68,5.91,227.89,316.30,2.32
2014-05-31,0.00,3.19,11.60,0.56,2.22,3.19,6.60,273.84,313.21,2.66
2014-06-01,0.09,2.90,13.14,0.46,1.82,2.99,7.42,230.04,330.80,3.07
2014-06-02,0.43,1.99,13.22,0.42,1.66,2.14,8.18,153.77,350.08,3.24
2014-06-03,4.32,2.02,12.05,0.39,1.56,2.15,7.33,158.17,343.04,2.63
2014-06-04,12.14,0.67,9.83,2.00,7.98,0.78,7.19,66.55,342.76,2.55
2014-06-05,1.42,1.68,11.20,1.90,7.60,1.84,7.55,147.53,342.04,3.31
2014-06-06,0.00,3.50,12.87,1.09,4.35,3.50,7.14,293.84,314.47,3.11
2014-06-07,13.66,2.45,12.22,3.35,13.40,2.63,7.63,211.27,332.63,3.92
2014-06-08,0.15,3.31,13.72,2.14,8.57,3.45,7.68,264.68,326.71,4.00
2014-06-09,6.48,2.43,13.04,0.93,3.73,2.56,8.13,202.81,339.03,2.66
2014-06-10,2.03,2.78,13.37,1.22,4.88,2.94,7.97,227.29,334.79,3.38
2014-06-11,0.04,3.47,13.83,0.76,3.05,3.53,7.43,267.95,325.86,4.21
2014-06-12,0.00,2.95,14.19,0.52,2.06,2.95,7.68,215.15,340.52,3.03
2014-06-13,0.16,1.76,14.50,0.43,1.72,1.81,8.99,129.98,361.99,2.14
2014-06-14,1.17,2.04,14.32,0.40,1.59,2.14,9.15,162.30,354.44,2.22
2014-06-15,0.10,1.61,13.03,0.38,1.52,1.68,8.17,118.94,357.46,2.42
2014-06-16,0.05,3.29,13.27,0.36,1.42,3.35,7.23,260.00,325.20,3.37
2014-06-17,0.00,2.67,15.37,0.32,1.29,2.67,8.96,197.58,351.85,2.52
2014-06-18,0.04,3.66,16.61,0.33,1.33,3.69,9.50,277.30,341.02,2.35
2014-06-19,0.00,2.87,13.86,0.29,1.17,2.87,7.39,203.77,341.40,3.25
2014-06-20,0.00,3.20,13.63,0.27,1.09,3.20,7.12,241.17,330.88,2.66
2014-06-21,0.07,2.69,13.74,0.26,1.05,2.74,7.25,183.49,345.42,3.12
2014-06-22,0.00,2.39,14.14,0.25,1.01,2.39,7.78,170.11,351.16,2.10
2014-06-23,0.52,2.63,14.40,0.25,0.98,2.76,8.10,191.03,347.95,2.75
2014-06-24,0.27,2.36,12.59,0.24,0.97,2.49,7.70,192.40,339.07,3.00
2014-06-25,0.00,2.37,11.92,0.24,0.95,2.37,6.56,178.37,337.22,2.26
2014-06-26,0.00,2.81,12.15,0.23,0.90,2.81,6.26,203.97,331.15,3.04
2014-06-27,1.04,2.05,10.42,0.22,0.87,2.22,6.26,156.95,335.07,3.34
2014-06-28,3.56,1.82,10.23,0.22,0.89,1.99,6.38,139.59,338.49,3.32
2014-06-29,0.07,2.40,10.65,0.23,0.92,2.51,6.05,183.42,329.13,3.48
2014-06-30,0.01,2.48,12.05,0.22,0.88,2.49,6.38,186.57,335.08,2.00
2014-07-01,0.01,3.56,13.43,0.21,0.84,3.57,6.97,286.11,316.84,2.24
2014-07-02,1.56,2.62,14.25,0.20,0.81,2.82,7.59,155.08,354.28,4.83
2014-07-03,0.40,2.92,14.56,0.21,0.83,3.11,7.80,186.46,348.26,5.27
2014-07-04,7.47,1.80,14.76,0.21,0.85,2.02,9.16,118.36,365.30,5.98
2014-07-05,0.14,2.61,12.19,0.27,1.08,2.74,6.93,204.75,331.60,3.31
2014-07-06,0.53,2.50,11.62,0.24,0.95,2.61,6.60,200.58,329.30,2.44
2014-07-07,2.97,2.99,12.74,0.22,0.88,3.14,6.87,231.00,326.87,3.31
2014-07-08,3.16,2.26,12.51,0.23,0.92,2.38,7.84,189.23,338.16,2.42
2014-07-09,0.00,3.91,14.06,0.24,0.96,3.91,7.30,310.51,313.04,4.32
2014-07-10,0.00,3.75,13.67,0.20,0.80,3.75,7.21,304.05,312.68,3.43
2014-07-11,0.00,3.54,15.04,0.19,0.75,3.54,8.15,276.71,327.98,2.46
2014-07-12,4.68,2.63,15.90,0.18,0.73,2.74,9.07,189.01,354.27,2.43
2014-07-13,0.05,2.64,15.26,0.21,0.82,2.71,8.96,197.43,349.14,3.29
2014-07-14,1.40,2.27,13.81,0.19,0.78,2.46,8.20,166.15,349.00,4.32
2014-07-15,0.03,3.13,14.12,0.19,0.75,3.17,7.02,212.37,336.35,3.64
2014-07-16,1.73,2.12,14.10,0.19,0.77,2.30,8.52,155.94,352.66,4.10
2014-07-17,0.00,3.68,15.80,0.19,0.76,3.68,8.41,278.80,329.78,3.06
2014-07-18,0.27,2.67,15.73,0.17,0.70,2.87,9.36,198.60,350.57,4.95
2014-07-19,2.38,1.25,15.79,0.18,0.73,1.37,10.97,111.47,368.43,2.82
2014-07-20,1.19,2.37,16.74,0.19,0.77,2.47,10.58,184.13,358.83,2.43
2014-07-21,0.00,3.19,16.27,0.18,0.73,3.19,9.13,239.18,342.29,2.69
2014-07-22,0.05,3.68,16.64,0.17,0.68,3.72,9.43,286.68,332.94,2.10
2014-07-23,0.00,3.07,16.33,0.16,0.66,3.07,9.56,235.71,343.80,2.95
2014-07-24,0.08,3.83,17.07,0.16,0.64,3.93,9.25,286.51,333.31,3.05
2014-07-25,0.00,3.98,17.39,0.15,0.61,3.98,8.94,292.07,331.61,2.51
2014-07-26,8.79,3.49,17.75,0.16,0.63,3.60,9.26,243.45,346.19,2.54
2014-07-27,3.61,2.88,14.41,0.24,0.95,3.03,8.34,230.35,333.26,3.57
2014-07-28,0.08,3.43,15.23,0.20,0.79,3.46,8.37,274.74,324.82,2.32
2014-07-29,0.00,2.65,15.04,0.17,0.69,2.65,8.16,177.24,348.68,3.85
2014-07-30,0.58,2.91,15.02,0.16,0.65,3.09,7.99,188.11,345.07,5.12
2014-07-31,0.21,2.04,14.47,0.16,0.65,2.12,8.41,137.76,356.12,3.61
2014-08-01,6.20,1.59,13.97,0.18,0.73,1.71,8.91,125.98,356.40,2.40
2014-08-02,7.86,1.24,13.65,0.24,0.96,1.38,9.40,112.76,357.62,3.46
2014-08-03,1.53,2.63,14.20,0.24,0.97,2.84,8.35,209.22,334.71,5.30
2014-08-04,0.00,3.32,14.06,0.20,0.79,3.32,7.08,240.71,320.81,4.64
2014-08-05,5.92,2.73,13.77,0.17,0.70,2.86,7.48,215.24,328.14,2.68
2014-08-06,3.83,2.03,15.23,0.21,0.83,2.16,9.77,170.45,350.25,2.99
2014-08-07,0.00,3.23,13.79,0.20,0.80,3.23,7.08,258.48,312.99,3.18
2014-08-08,29.61,2.05,13.05,2.08,8.30,2.19,7.72,162.09,339.81,2.79
2014-08-09,0.08,2.70,13.75,1.31,5.25,2.79,7.57,200.62,330.87,4.60
2014-08-10,8.58,1.12,11.64,0.60,2.38,1.28,8.02,98.06,350.76,3.68
2014-08-11,3.01,2.56,12.31,0.69,2.76,2.87,6.94,172.10,330.95,9.16
2014-08-12,5.85,1.97,12.16,0.50,2.01,2.22,7.36,141.97,339.80,6.67
2014-08-13,0.33,2.33,13.72,0.57,2.27,2.52,7.71,156.94,342.39,5.26
2014-08-14,14.12,1.76,12.61,1.17,4.67,1.89,7.78,145.70,340.62,2.58
2014-08-15,0.01,1.94,12.13,1.15,4.60,1.95,7.16,158.55,333.17,2.63
2014-08-16,1.20,2.01,12.42,0.56,2.24,2.24,7.04,117.58,346.58,5.77
2014-08-17,1.47,2.36,11.90,0.43,1.70,2.63,6.72,162.91,328.92,7.04
2014-08-18,0.65,2.20,11.03,0.34,1.35,2.40,6.06,156.13,325.13,4.44
2014-08-19,0.23,2.21,9.93,0.28,1.12,2.38,5.59,181.74,310.09,3.69
2014-08-20,0.70,2.05,9.85,0.25,0.98,2.22,5.58,164.37,315.01,3.41
2014-08-21,3.24,1.32,9.90,0.25,1.01,1.51,6.71,112.26,334.87,4.23
2014-08-22,0.94,1.72,9.74,0.26,1.03,1.86,5.94,145.59,321.20,2.87
2014-08-23,4.30,1.86,9.53,0.25,1.01,2.01,5.83,166.53,312.43,2.99
2014-08-24,0.01,2.01,9.52,0.26,1.04,2.02,5.42,181.90,304.77,2.33
2014-08-25,0.00,1.68,9.85,0.23,0.91,1.68,6.45,155.37,318.41,4.48
2014-08-26,0.00,2.36,10.88,0.21,0.84,2.36,6.26,209.32,302.51,4.64
2014-08-27,3.79,2.15,10.58,0.20,0.79,2.32,6.28,198.42,304.61,3.66
2014-08-28,7.47,1.93,13.95,0.22,0.87,2.12,8.37,149.73,339.95,4.61
2014-08-29,2.37,1.55,13.24,0.35,1.38,1.78,8.23,107.89,349.89,6.11
2014-08-30,0.03,2.27,13.38,0.37,1.46,2.33,7.54,165.07,329.28,5.61
2014-08-31,1.95,2.26,13.65,0.26,1.04,2.43,7.36,167.48,328.29,3.79
2014-09-01,0.00,1.63,13.35,0.23,0.93,1.63,7.45,109.62,347.55,2.84
2014-09-02,0.01,2.01,12.74,0.21,0.85,2.02,7.16,176.05,318.79,2.45
2014-09-03,0.00,1.28,14.15,0.20,0.79,1.28,8.16,83.83,360.52,2.25
2014-09-04,0.09,1.49,14.91,0.19,0.76,1.57,8.81,113.99,353.00,2.29
2014-09-05,4.04,1.08,12.97,0.19,0.76,1.16,8.53,98.68,348.90,1.80
2014-09-06,1.32,1.19,11.21,0.20,0.81,1.29,7.43,113.33,334.27,2.41
2014-09-07,0.02,1.81,10.63,0.20,0.78,1.84,6.13,160.00,309.30,3.14
2014-09-08,0.00,1.54,10.40,0.18,0.73,1.54,6.05,136.95,316.81,2.32
2014-09-09,0.00,1.28,11.19,0.18,0.70,1.28,6.72,114.16,330.71,1.72
2014-09-10,0.03,1.75,11.84,0.17,0.69,1.78,7.33,181.68,307.24,2.35
2014-09-11,0.00,1.72,12.65,0.17,0.68,1.72,7.78,174.27,313.88,2.34
2014-09-12,0.04,1.28,11.89,0.17,0.67,1.31,7.61,126.82,328.61,2.01
2014-09-13,0.00,1.10,12.02,0.16,0.66,1.10,7.69,102.70,338.40,1.95
2014-09-14,0.89,1.11,12.15,0.16,0.65,1.25,7.64,85.00,345.68,3.19
2014-09-15,1.06,0.43,12.65,0.17,0.68,0.52,8.91,47.87,355.67,3.48
2014-09-16,0.07,0.89,13.31,0.17,0.69,0.95,8.85,85.39,350.43,2.32
2014-09-17,0.16,0.74,12.63,0.17,0.68,0.80,8.64,72.23,352.02,2.37
2014-09-18,0.55,0.71,14.17,0.17,0.69,0.81,9.73,72.83,358.24,2.85
2014-09-19,0.17,0.63,13.18,0.17,0.69,0.69,9.07,63.37,357.24,2.06
2014-09-20,0.21,0.89,12.26,0.17,0.69,0.99,7.97,78.97,345.88,2.55
2014-09-21,0.00,1.13,9.48,0.16,0.65,1.13,6.12,115.14,313.04,2.43
2014-09-22,0.05,1.19,10.47,0.16,0.63,1.26,6.68,124.96,313.16,2.63
2014-09-23,1.15,0.92,11.35,0.16,0.65,1.06,7.41,77.54,340.30,3.33
2014-09-24,0.06,1.35,10.70,0.16,0.66,1.44,6.41,110.48,318.38,3.92
2014-09-25,0.57,1.09,13.43,0.16,0.63,1.30,8.48,71.59,352.22,5.54
2014-09-26,0.07,2.16,12.77,0.16,0.63,2.31,6.54,144.60,306.50,5.83
2014-09-27,0.00,1.35,10.90,0.15,0.60,1.35,6.42,106.41,318.63,4.00
2014-09-28,0.00,0.94,13.51,0.15,0.61,0.94,8.23,64.81,354.18,2.96
2014-09-29,0.02,0.88,12.95,0.15,0.61,0.89,8.16,90.44,337.87,1.96
2014-09-30,0.30,1.15,13.84,0.15,0.60,1.28,8.29,94.36,339.04,3.31
2014-10-01,0.18,1.10,11.70,0.15,0.59,1.20,7.03,76.30,336.24,3.83
2014-10-02,0.22,1.34,8.83,0.15,0.58,1.40,5.24,123.61,289.67,3.90
2014-10-03,28.99,1.18,12.89,0.16,0.62,1.41,7.83,52.22,355.11,6.17
2014-10-04,1.13,0.71,8.27,1.65,6.61,0.86,6.10,75.55,317.93,3.67
2014-10-05,5.06,0.94,8.09,0.59,2.37,1.14,5.62,78.38,313.18,4.59
2014-10-06,5.92,0.86,8.28,1.12,4.48,1.13,6.01,55.47,328.54,7.27
2014-10-07,0.05,0.58,6.91,0.81,3.22,0.63,5.64,72.60,310.58,3.22
2014-10-08,3.76,0.61,8.08,0.47,1.87,0.76,6.14,71.95,316.22,3.79
2014-10-09,4.89,0.45,8.65,1.08,4.32,0.56,6.62,51.08,332.02,3.38
2014-10-10,2.08,0.65,8.49,0.96,3.84,0.79,6.17,81.21,310.04,3.37
2014-10-11,0.46,0.46,7.02,0.62,2.47,0.53,5.76,71.33,308.73,2.21
2014-10-12,0.07,0.50,6.94,0.46,1.84,0.55,5.56,86.53,296.35,1.96
2014-10-13,0.09,0.63,7.63,0.37,1.48,0.68,5.82,43.37,329.08,5.08
2014-10-14,0.00,0.81,7.90,0.32,1.26,0.81,5.63,47.87,325.89,5.38
2014-10-15,3.22,0.62,8.33,0.28,1.13,0.78,6.07,60.06,319.05,4.17
2014-10-16,5.34,0.39,9.92,0.32,1.27,0.51,7.27,41.23,340.68,3.99
2014-10-17,7.14,0.57,12.39,0.69,2.75,0.70,8.28,62.38,336.83,4.03
2014-10-18,4.17,1.18,14.28,1.99,7.97,1.44,8.73,62.63,344.54,7.74
2014-10-19,1.87,1.38,12.25,2.08,8.32,1.67,7.30,68.48,327.72,8.88
2014-10-20,5.41,0.81,10.15,0.95,3.81,1.01,6.66,51.90,329.89,5.53
2014-10-21,0.15,1.29,7.90,1.17,4.66,1.42,5.18,80.08,291.48,8.73
2014-10-22,1.09,0.74,8.33,0.69,2.77,0.95,5.86,35.82,332.40,5.43
2014-10-23,1.86,0.81,11.49,0.55,2.20,1.04,7.46,39.73,344.60,6.67
2014-10-24,1.12,0.68,8.77,0.58,2.30,0.86,6.01,44.56,325.44,4.65
2014-10-25,1.65,1.07,9.41,0.53,2.11,1.35,6.06,53.75,318.95,7.83
2014-10-26,7.35,1.38,11.54,0.50,2.01,1.71,6.98,36.04,345.47,10.53
2014-10-27,7.76,0.84,13.56,3.40,13.60,1.09,8.70,31.34,359.16,8.02
2014-10-28,16.28,0.49,10.29,7.58,30.30,0.68,7.26,36.30,338.45,6.26
2014-10-29,1.73,0.28,4.48,2.55,10.20,0.35,4.46,59.94,283.87,2.32
2014-10-30,0.29,0.18,10.16,1.41,5.62,0.24,7.60,28.41,344.00,3.50
2014-10-31,3.17,0.68,14.11,1.05,4.21,0.85,8.92,28.81,361.66,5.24
2014-11-01,2.57,0.81,10.88,1.06,4.22,1.04,6.95,49.99,322.99,6.59
2014-11-02,3.69,0.67,8.71,1.10,4.39,0.89,5.99,50.00,310.51,5.88
2014-11-03,3.48,0.29,5.43,1.31,5.23,0.40,5.02,49.51,293.93,3.82
2014-11-04,20.62,0.12,4.33,7.48,29.90,0.15,4.93,35.58,303.77,2.46
2014-11-05,0.15,0.19,3.62,4.56,18.20,0.25,4.37,57.42,273.42,3.10
2014-11-06,5.21,0.30,4.84,2.04,8.14,0.46,4.94,13.99,317.56,6.04
2014-11-07,1.09,0.28,7.82,2.19,8.76,0.40,6.27,27.44,328.32,5.28
2014-11-08,1.35,0.24,6.26,1.37,5.46,0.33,5.54,33.85,311.80,4.37
2014-11-09,0.16,0.06,5.02,1.17,4.68,0.08,5.20,37.58,300.50,2.51
2014-11-10,1.63,0.01,3.12,0.94,3.75,0.02,4.75,25.67,305.43,2.12
2014-11-11,2.07,0.33,8.44,0.95,3.80,0.48,6.44,16.73,335.84,5.93
2014-11-12,1.68,0.39,8.83,1.26,5.04,0.56,6.57,22.60,335.75,6.06
2014-11-13,2.38,0.51,8.27,1.26,5.02,0.73,6.16,21.32,333.85,6.71
2014-11-14,14.97,0.22,8.33,7.73,30.90,0.33,6.56,21.58,333.66,5.27
2014-11-15,0.05,0.00,4.98,3.18,12.70,0.01,5.44,20.12,318.88,1.64
2014-11-16,13.69,0.00,5.67,1.89,7.54,0.00,5.70,23.48,317.01,2.19
2014-11-17,4.96,0.14,8.10,9.39,37.50,0.21,6.61,19.39,333.92,5.41
2014-11-18,1.61,0.04,7.83,3.65,14.60,0.06,6.41,26.80,321.23,3.24
2014-11-19,3.99,0.16,7.45,2.93,11.70,0.22,6.14,19.14,329.73,3.82
2014-11-20,0.14,0.03,6.46,2.32,9.25,0.04,5.88,18.88,324.85,2.20
2014-11-21,11.79,0.17,5.66,2.28,9.11,0.24,5.39,19.15,319.53,4.22
2014-11-22,1.82,0.06,7.62,6.13,24.50,0.09,6.32,22.52,323.69,3.87
2014-11-23,0.10,0.03,4.30,2.41,9.63,0.05,4.72,33.10,288.45,2.59
2014-11-24,0.05,0.24,4.64,1.41,5.64,0.27,4.61,23.90,303.18,3.48
2014-11-25,2.66,0.00,3.21,1.06,4.24,0.00,4.69,18.12,306.99,1.57
2014-11-26,5.49,0.00,3.66,2.39,9.53,0.00,4.98,16.40,311.84,1.63
2014-11-27,1.46,0.00,5.49,2.28,9.09,0.00,5.75,15.90,321.67,1.90
2014-11-28,1.75,0.00,7.25,1.71,6.85,0.01,6.36,15.88,329.67,3.46
2014-11-29,0.28,0.01,7.88,1.62,6.48,0.01,6.54,9.51,333.49,3.52
2014-11-30,0.11,0.00,6.64,1.26,5.02,0.00,5.83,33.68,294.26,2.76
2014-12-01,1.70,0.00,5.32,0.99,3.95,0.00,5.48,9.18,320.87,2.33
2014-12-02,0.09,0.12,2.46,0.93,3.70,0.16,3.85,33.83,267.50,3.69
2014-12-03,0.12,0.00,0.19,0.76,3.03,0.00,3.64,38.49,250.15,1.42
2014-12-04,0.26,0.01,1.55,0.70,2.78,0.01,4.05,15.12,299.35,1.60
2014-12-05,0.00,0.07,1.90,0.68,2.71,0.07,3.75,33.86,262.66,3.44
2014-12-06,5.82,0.13,2.74,0.72,2.87,0.21,4.32,17.07,300.27,4.63
2014-12-07,2.78,0.30,3.50,1.84,7.35,0.48,4.28,29.27,278.20,6.71
2014-12-08,0.39,0.21,1.21,1.42,5.66,0.32,3.57,28.95,266.63,5.16
2014-12-09,12.52,0.28,3.52,5.48,21.90,0.46,4.53,8.60,310.92,7.31
2014-12-10,14.32,0.63,2.31,6.86,27.40,0.95,3.73,20.08,288.09,9.14
2014-12-11,6.36,0.40,1.26,5.31,21.20,0.64,3.59,22.93,277.43,7.82
2014-12-12,1.90,0.08,0.56,2.80,11.20,0.12,3.50,25.55,268.89,3.88
2014-12-13,4.32,0.15,0.33,2.16,8.63,0.23,3.34,24.41,269.05,4.18
2014-12-14,2.90,0.46,4.74,14.19,56.70,0.71,4.74,14.32,313.21,7.67
2014-12-15,0.28,0.18,2.04,3.73,14.90,0.27,3.86,20.68,285.32,4.35
2014-12-16,4.78,0.20,2.51,2.21,8.81,0.30,3.88,25.75,276.20,4.45
2014-12-17,1.43,0.16,7.20,3.55,14.20,0.25,5.94,16.33,321.71,5.00
2014-12-18,3.20,0.35,8.27,3.58,14.30,0.53,6.27,15.84,327.84,6.92
2014-12-19,3.98,0.52,3.51,3.38,13.50,0.78,3.99,29.41,272.09,7.39
2014-12-20,0.69,0.64,4.63,2.40,9.60,0.90,4.30,19.88,298.02,6.99
2014-12-21,10.99,0.41,7.68,2.31,9.21,0.63,6.04,12.71,331.75,7.95
2014-12-22,8.55,0.60,8.60,8.99,35.90,0.85,6.15,14.78,331.31,7.96
2014-12-23,2.86,0.22,6.34,6.13,24.50,0.33,5.53,16.22,317.37,5.45
2014-12-24,1.93,0.40,3.49,3.08,12.30,0.60,4.11,26.53,279.03,6.51
2014-12-25,0.02,0.01,1.52,1.98,7.90,0.02,3.87,26.82,270.85,3.23
2014-12-26,0.15,0.00,-1.03,1.45,5.80,0.00,3.48,13.50,287.42,2.14
2014-12-27,2.85,0.00,-0.82,1.26,5.02,0.00,3.46,18.20,278.49,2.49
2014-12-28,0.58,0.00,-0.44,1.20,4.81,0.00,3.40,36.59,244.13,2.82
2014-12-29,1.43,0.00,-1.09,0.93,3.70,0.00,3.22,32.43,248.94,2.63
2014-12-30,0.12,0.04,2.50,1.42,5.66,0.05,4.19,24.62,281.73,3.90
2014-12-31,2.19,0.29,4.88,1.36,5.43,0.44,4.92,15.37,313.02,5.86
2015-01-01,18.19,0.53,9.06,8.74,34.90,0.80,6.59,13.38,338.74,9.25
2015-01-02,3.65,0.71,3.58,6.61,26.40,1.01,3.85,31.27,269.41,8.37
2015-01-03,0.03,0.19,1.93,3.33,13.30,0.22,3.71,25.96,274.94,4.21
2015-01-04,0.22,0.05,0.59,1.78,7.13,0.07,3.45,32.91,255.62,3.59
2015-01-05,1.56,0.13,5.33,1.39,5.54,0.19,5.25,16.74,314.45,4.48
2015-01-06,1.99,0.14,4.33,1.58,6.32,0.22,4.73,28.17,286.02,5.43
2015-01-07,11.02,0.44,5.98,6.96,27.80,0.68,5.31,14.92,322.04,8.29
2015-01-08,6.86,0.45,3.98,5.93,23.70,0.67,4.19,30.84,278.18,6.46
2015-01-09,11.87,0.91,6.93,7.58,30.30,1.24,5.16,17.56,321.02,9.88
2015-01-10,5.40,0.65,4.52,12.46,49.80,0.98,4.45,31.03,282.77,10.53
2015-01-11,10.43,0.56,2.92,7.11,28.40,0.85,4.03,16.30,304.51,8.15
2015-01-12,4.29,0.83,4.60,10.49,41.90,1.17,4.28,25.52,294.50,9.73
2015-01-13,1.19,0.39,0.87,4.63,18.50,0.60,3.43,25.98,276.58,6.36
2015-01-14,9.27,0.45,0.87,4.08,16.30,0.72,3.44,28.60,272.66,8.01
2015-01-15,10.54,0.98,3.90,10.14,40.50,1.37,4.00,28.07,288.15,12.39
2015-01-16,0.04,0.49,0.72,4.63,18.50,0.57,3.20,35.48,260.51,6.60
2015-01-17,0.63,0.16,-0.14,2.04,8.14,0.23,3.24,33.19,263.06,4.04
2015-01-18,4.76,0.19,-0.75,1.56,6.23,0.28,3.10,27.77,270.07,3.92
2015-01-19,2.66,0.06,-1.72,1.24,4.97,0.08,2.96,31.39,261.06,2.78
2015-01-20,0.74,0.05,-2.19,1.07,4.26,0.07,2.91,22.96,273.36,2.15
2015-01-21,0.84,0.06,-0.99,0.97,3.88,0.09,3.29,20.23,285.04,2.50
2015-01-22,0.31,0.00,-0.92,0.89,3.57,0.00,3.37,30.77,270.14,1.87
2015-01-23,3.67,0.30,2.21,3.03,12.10,0.47,4.09,19.65,303.22,6.17
2015-01-24,0.18,0.38,1.99,2.93,11.70,0.55,3.60,42.98,264.74,5.14
2015-01-25,2.67,0.36,5.48,2.12,8.49,0.54,5.11,25.32,312.35,6.10
2015-01-26,1.00,0.49,4.02,2.55,10.20,0.67,4.20,33.74,291.26,5.16
2015-01-27,7.17,0.41,4.59,1.57,6.28,0.57,4.62,26.34,307.26,5.05
2015-01-28,4.87,0.51,2.49,4.66,18.60,0.79,3.97,33.80,286.62,8.55
2015-01-29,0.05,0.36,-0.77,2.20,8.78,0.43,3.01,42.53,258.94,5.65
2015-01-30,3.84,0.32,0.41,1.40,5.61,0.47,3.24,53.79,250.71,4.78
2015-01-31,2.25,0.59,1.23,1.48,5.92,0.86,3.40,32.66,283.49,6.86
2015-02-01,0.01,0.79,-0.15,1.09,4.37,0.82,2.66,58.63,247.38,6.55
2015-02-02,0.01,0.48,-1.52,0.81,3.25,0.49,2.51,28.61,275.67,3.74
2015-02-03,2.59,0.28,-1.41,0.72,2.89,0.39,2.86,49.57,257.21,3.63
2015-02-04,1.66,0.46,-0.01,0.71,2.85,0.62,2.96,45.92,267.24,4.09
2015-02-05,0.90,0.26,1.91,0.80,3.19,0.34,3.71,43.31,282.41,2.75
2015-02-06,0.00,0.07,0.54,1.32,5.29,0.07,3.62,53.89,267.70,1.48
2015-02-07,0.11,0.19,1.17,1.04,4.15,0.24,3.63,52.73,272.05,2.43
2015-02-08,0.16,0.31,2.03,0.93,3.73,0.39,3.66,81.85,248.67,3.08
2015-02-09,0.06,0.34,3.52,1.50,6.01,0.40,4.16,86.86,253.40,3.36
2015-02-10,0.04,0.12,1.01,1.31,5.24,0.14,3.89,67.32,263.30,2.55
2015-02-11,0.70,0.23,0.82,1.01,4.05,0.33,3.71,36.89,289.81,3.56
2015-02-12,0.23,0.31,2.17,1.00,3.98,0.38,3.84,51.27,283.26,2.87
2015-02-13,1.25,0.32,2.86,1.01,4.02,0.46,4.31,31.45,306.40,4.61
2015-02-14,0.07,0.19,4.34,1.43,5.70,0.22,5.03,35.00,312.21,3.11
2015-02-15,5.35,0.39,4.48,1.19,4.77,0.53,4.76,47.43,302.08,4.43
2015-02-16,0.21,0.44,3.48,2.35,9.40,0.60,4.31,48.28,296.52,4.45
2015-02-17,0.19,0.74,3.22,1.29,5.17,0.98,3.88,78.03,269.90,5.95
2015-02-18,2.15,0.79,6.89,0.94,3.77,1.08,5.38,41.23,321.11,8.16
2015-02-19,1.16,0.68,4.97,1.26,5.04,0.93,4.69,58.62,298.08,6.61
2015-02-20,0.84,0.51,1.88,1.10,4.41,0.68,3.71,72.50,272.54,4.17
2015-02-21,0.51,0.61,1.17,0.84,3.37,0.79,3.34,94.84,252.53,4.14
2015-02-22,10.46,0.19,1.10,2.16,8.63,0.30,3.89,21.30,298.95,5.14
2015-02-23,5.49,0.91,2.15,3.50,14.00,1.25,3.60,82.58,268.67,9.32
2015-02-24,1.29,0.97,2.59,2.80,11.20,1.28,3.61,90.31,265.88,7.80
2015-02-25,13.11,0.49,3.70,1.59,6.35,0.63,4.42,66.54,292.00,3.73
2015-02-26,0.62,0.81,5.07,8.61,34.40,1.07,4.63,79.11,290.29,6.37
2015-02-27,3.32,0.91,2.85,2.17,8.65,1.18,3.67,85.98,273.68,6.07
2015-02-28,10.11,0.69,5.74,3.75,15.00,0.96,5.08,44.88,319.33,7.25
2015-03-01,1.35,1.09,3.47,4.71,18.80,1.43,3.90,98.75,272.64,9.04
2015-03-02,1.06,0.93,1.18,2.04,8.14,1.22,3.23,95.67,263.85,6.69
2015-03-03,3.03,1.03,1.25,1.45,5.78,1.35,3.22,117.60,252.14,7.38
2015-03-04,0.39,1.30,3.74,1.40,5.59,1.47,3.65,139.29,251.20,6.25
2015-03-05,0.17,1.07,5.95,1.12,4.49,1.31,4.65,61.83,311.53,6.65
2015-03-06,0.89,1.41,6.85,0.87,3.49,1.72,4.70,63.63,314.88,8.27
2015-03-07,3.59,1.34,8.66,1.18,4.71,1.70,5.82,66.28,325.06,11.42
2015-03-08,0.17,1.15,5.90,1.66,6.64,1.41,4.63,93.15,295.60,6.34
2015-03-09,1.86,0.85,3.47,1.12,4.48,1.14,4.09,59.90,303.16,7.05
2015-03-10,0.05,1.41,4.24,0.94,3.74,1.52,3.56,149.33,254.88,4.57
2015-03-11,5.93,0.81,2.75,1.34,5.36,1.02,3.85,85.94,286.74,4.62
2015-03-12,15.32,0.63,4.53,3.10,12.40,0.82,4.69,54.88,313.87,4.71
2015-03-13,0.38,0.46,3.38,6.66,26.60,0.57,4.53,58.52,307.36,2.85
2015-03-14,0.00,0.76,2.19,2.07,8.28,0.76,3.34,60.38,296.98,2.95
2015-03-15,0.39,0.71,2.77,1.23,4.91,0.86,3.95,85.10,290.71,3.05
2015-03-16,1.21,0.24,3.37,1.08,4.31,0.31,4.55,32.13,310.40,2.78
2015-03-17,0.34,0.47,3.26,0.97,3.87,0.53,4.48,62.74,306.65,1.58
2015-03-18,0.00,0.65,3.71,0.83,3.32,0.65,4.38,85.40,298.05,1.72
2015-03-19,0.00,0.94,3.96,0.70,2.81,0.94,4.15,128.84,278.59,1.79
2015-03-20,0.03,1.06,6.54,0.65,2.58,1.10,4.92,99.24,305.96,3.42
2015-03-21,0.09,1.19,3.96,0.55,2.21,1.35,3.81,123.36,280.86,3.74
2015-03-22,0.16,1.14,4.21,0.50,2.00,1.29,4.08,123.92,283.84,3.92
2015-03-23,0.25,1.28,5.52,0.48,1.93,1.48,4.38,117.30,293.82,4.47
2015-03-24,1.91,0.97,2.01,0.51,2.04,1.10,3.66,140.49,268.60,2.27
2015-03-25,4.89,1.11,2.43,0.53,2.12,1.24,3.72,160.58,262.88,2.26
2015-03-26,0.93,1.06,3.74,0.86,3.42,1.32,4.13,107.04,292.62,5.63
2015-03-27,3.92,1.51,4.21,0.69,2.75,1.71,3.57,150.33,273.52,3.77
2015-03-28,7.14,1.18,6.46,1.29,5.15,1.45,5.16,112.72,306.17,6.45
2015-03-29,3.98,1.09,4.56,2.41,9.63,1.35,4.35,95.51,303.21,5.59
2015-03-30,8.41,1.38,3.85,2.50,10.00,1.68,3.95,137.25,282.54,7.00
2015-03-31,1.43,1.71,3.75,3.03,12.10,2.06,3.77,184.03,263.47,9.21
2015-04-01,0.42,1.44,3.38,1.23,4.92,1.73,3.76,152.27,276.41,6.51
2015-04-02,5.20,1.61,3.87,0.82,3.26,1.77,3.49,182.04,265.74,2.79
2015-04-03,1.36,0.64,4.79,1.41,5.63,0.76,5.08,74.29,316.94,2.69
2015-04-04,0.00,1.09,7.25,1.19,4.75,1.10,5.33,99.41,319.19,2.61
2015-04-05,0.04,2.05,8.69,0.83,3.30,2.09,5.76,231.92,279.67,1.86
2015-04-06,0.05,1.80,7.40,0.63,2.52,1.86,5.48,213.34,281.49,2.26
2015-04-07,0.00,1.89,7.97,0.55,2.20,1.89,5.08,193.74,288.83,2.63
2015-04-08,0.00,1.97,7.48,0.48,1.91,1.97,4.92,215.75,279.40,2.01
2015-04-09,0.00,2.52,9.15,0.43,1.73,2.53,5.07,250.98,273.97,3.04
2015-04-10,0.78,2.37,9.36,0.40,1.60,2.55,4.95,201.28,292.57,3.65
2015-04-11,4.57,2.14,6.25,0.39,1.57,2.43,4.20,184.86,284.26,6.90
2015-04-12,8.60,1.42,4.52,1.37,5.49,1.67,4.16,134.91,295.54,5.34
2015-04-13,0.00,1.44,5.86,0.96,3.85,1.45,4.67,137.82,302.39,4.24
2015-04-14,1.08,1.65,9.85,0.71,2.84,1.91,6.13,107.21,333.66,6.41
2015-04-15,0.17,1.89,7.44,0.57,2.26,2.07,4.83,162.99,301.78,4.56
2015-04-16,0.00,2.00,5.42,0.46,1.82,2.00,4.04,220.28,272.37,2.28
2015-04-17,0.00,1.88,6.19,0.40,1.61,1.88,4.46,192.37,287.10,3.17
2015-04-18,0.00,2.33,5.49,0.37,1.47,2.33,4.34,279.55,257.45,3.04
2015-04-19,0.04,1.46,4.86,0.35,1.38,1.55,4.41,156.10,294.63,3.92
2015-04-20,0.00,2.00,6.68,0.33,1.32,2.00,4.75,212.88,285.76,2.42
2015-04-21,0.00,2.93,8.27,0.31,1.25,2.93,4.48,300.92,262.00,2.06
2015-04-22,0.00,2.86,9.62,0.30,1.19,2.86,5.28,283.25,277.83,1.79
2015-04-23,0.00,2.37,9.54,0.29,1.16,2.37,5.63,225.07,298.21,2.15
2015-04-24,6.96,1.87,8.98,0.28,1.13,2.05,5.98,178.37,312.09,3.55
2015-04-25,2.39,1.70,6.37,0.44,1.75,1.92,4.66,152.41,305.05,4.35
2015-04-26,0.06,2.18,3.26,0.41,1.63,2.27,3.23,245.55,258.79,3.57
2015-04-27,4.68,2.19,2.52,0.34,1.36,2.42,2.92,244.00,255.14,4.03
2015-04-28,8.22,2.07,3.97,0.47,1.88,2.35,3.73,229.47,270.48,5.79
2015-04-29,6.66,1.70,4.78,1.44,5.75,1.96,4.32,182.15,290.66,5.49
2015-04-30,0.84,1.88,4.91,1.29,5.16,2.11,4.14,195.09,286.91,4.48
2015-05-01,0.05,2.07,3.58,0.68,2.71,2.13,3.65,239.30,268.90,3.53
2015-05-02,9.23,1.56,3.76,0.50,1.98,1.81,3.98,164.60,291.89,4.93
2015-05-03,9.00,1.03,6.70,4.68,18.70,1.28,5.77,118.82,321.99,5.97
2015-05-04,6.54,2.67,9.45,1.84,7.34,2.89,5.40,229.21,302.80,4.68
2015-05-05,5.25,1.31,7.63,3.75,15.00,1.57,5.90,134.47,322.71,6.26
2015-05-06,4.92,1.62,6.94,2.88,11.50,1.87,5.26,156.25,312.81,5.71
2015-05-07,0.00,2.56,5.95,1.70,6.79,2.56,3.97,251.82,278.15,4.13
2015-05-08,19.21,1.98,5.45,2.70,10.80,2.16,4.51,213.97,289.92,3.23
2015-05-09,0.38,1.63,7.27,8.36,33.40,1.82,5.49,162.11,314.21,4.21
2015-05-10,6.43,1.62,9.51,1.99,7.97,1.86,6.26,124.18,335.12,5.60
2015-05-11,5.66,3.09,11.40,2.40,9.58,3.39,6.24,243.07,312.84,8.22
2015-05-12,0.65,2.81,9.06,2.41,9.63,3.12,5.12,219.30,305.92,8.25
2015-05-13,0.00,2.53,7.96,1.09,4.35,2.53,4.82,227.53,298.64,3.86
2015-05-14,0.00,1.87,6.24,0.74,2.97,1.87,4.36,153.85,309.15,4.20
2015-05-15,0.72,2.41,7.78,0.60,2.38,2.62,5.02,225.25,300.23,4.33
2015-05-16,0.01,3.25,8.44,0.56,2.24,3.27,4.66,291.91,283.88,6.39
2015-05-17,4.26,2.38,7.93,0.48,1.91,2.66,4.92,195.73,308.25,6.44
2015-05-18,3.56,1.64,6.68,0.63,2.51,1.87,5.24,164.87,312.46,4.72
2015-05-19,1.95,2.11,6.33,0.73,2.90,2.34,4.72,211.59,298.03,4.55
2015-05-20,0.50,3.09,9.01,0.58,2.31,3.30,4.84,258.61,296.79,5.05
2015-05-21,0.35,2.11,9.63,0.45,1.79,2.35,5.69,148.04,330.48,5.22
2015-05-22,0.00,2.54,12.05,0.41,1.63,2.54,6.89,191.32,333.45,4.90
2015-05-23,0.85,3.31,10.06,0.36,1.45,3.48,5.49,294.04,295.86,3.34
2015-05-24,0.01,2.30,9.95,0.34,1.34,2.31,5.70,162.74,328.80,5.03
2015-05-25,0.00,2.35,9.34,0.32,1.26,2.35,5.30,176.11,321.88,4.11
2015-05-26,0.00,2.89,9.61,0.29,1.17,2.89,5.13,229.56,309.29,4.25
2015-05-27,6.99,1.82,7.80,0.31,1.24,2.04,5.24,145.65,322.95,4.71
2015-05-28,1.52,3.09,7.92,0.38,1.53,3.37,4.79,300.03,284.82,6.54
2015-05-29,2.06,2.26,6.86,0.34,1.35,2.47,4.79,217.28,301.02,4.15
2015-05-30,7.61,2.93,7.98,0.30,1.20,3.16,4.62,260.50,294.09,4.68
2015-05-31,0.74,2.27,7.67,0.42,1.69,2.53,5.19,214.53,306.74,5.74
2015-06-01,9.58,2.05,6.66,0.52,2.08,2.35,4.85,192.90,305.75,7.60
2015-06-02,1.26,2.74,8.70,0.98,3.93,3.06,5.25,240.89,303.58,8.85
2015-06-03,0.00,3.53,9.87,0.49,1.95,3.53,5.00,295.29,292.86,5.06
2015-06-04,0.00,2.95,10.28,0.35,1.39,2.95,5.74,253.59,308.71,2.83
2015-06-05,0.41,2.77,11.61,0.30,1.21,2.97,6.63,221.19,325.08,4.84
2015-06-06,1.47,3.15,9.73,0.28,1.12,3.47,5.20,231.04,310.19,9.44
2015-06-07,0.07,3.68,9.95,0.27,1.06,3.80,4.94,307.06,290.47,5.53
2015-06-08,0.89,2.59,8.25,0.25,1.01,2.74,5.01,235.19,302.98,2.61
2015-06-09,0.01,3.35,10.02,0.25,1.00,3.35,5.52,301.65,295.56,2.04
2015-06-10,0.00,4.24,11.79,0.24,0.95,4.24,5.84,370.23,286.13,1.98
2015-06-11,0.00,4.65,12.68,0.22,0.89,4.65,5.76,389.40,283.55,2.74
2015-06-12,0.01,3.50,12.39,0.21,0.85,3.51,6.56,287.91,312.44,2.93
2015-06-13,3.51,1.46,10.32,0.22,0.87,1.61,7.06,123.17,343.43,3.14
2015-06-14,0.13,1.98,8.33,0.24,0.95,2.11,5.55,173.55,320.57,3.37
2015-06-15,1.05,2.41,9.51,0.23,0.90,2.54,5.69,206.97,317.90,2.32
2015-06-16,0.14,2.16,12.83,0.22,0.88,2.27,7.42,154.69,348.24,3.07
2015-06-17,0.01,2.64,13.46,0.21,0.85,2.67,7.44,169.84,347.65,5.80
2015-06-18,0.00,2.33,9.90,0.20,0.81,2.33,5.58,156.56,331.38,5.23
2015-06-19,0.24,1.97,10.48,0.20,0.79,2.14,6.13,132.38,341.02,4.01
2015-06-20,4.48,2.16,12.62,0.20,0.80,2.30,7.87,175.43,343.22,2.91
2015-06-21,4.37,2.38,10.88,0.23,0.91,2.58,6.43,187.18,330.46,4.21
2015-06-22,2.52,1.66,9.46,0.25,0.99,1.86,6.34,136.50,335.85,4.29
2015-06-23,0.01,2.41,10.29,0.25,0.98,2.42,6.31,207.21,323.01,2.93
2015-06-24,0.08,1.82,11.07,0.22,0.89,1.88,7.19,152.01,340.63,2.92
2015-06-25,3.56,1.68,13.43,0.22,0.87,1.81,8.68,132.99,356.30,2.66
2015-06-26,1.00,1.74,14.12,0.23,0.91,1.89,8.93,130.47,360.07,3.25
2015-06-27,1.66,3.77,14.25,0.22,0.88,3.95,7.34,283.47,323.64,4.21
2015-06-28,1.23,2.99,14.42,0.21,0.82,3.21,8.10,215.58,342.29,5.52
2015-06-29,0.02,2.62,14.07,0.21,0.84,2.65,7.50,168.72,350.58,3.71
2015-06-30,0.00,3.84,18.43,0.20,0.80,3.84,9.51,245.05,355.43,3.45
2015-07-01,0.46,3.78,18.90,0.19,0.76,3.92,9.97,240.50,358.34,3.52
2015-07-02,2.09,2.61,16.33,0.19,0.76,2.76,9.82,190.77,357.46,3.58
2015-07-03,13.88,3.99,15.08,0.19,0.76,4.14,8.13,316.70,319.78,3.38
2015-07-04,0.40,2.31,14.05,0.36,1.45,2.51,8.78,189.46,346.44,4.63
2015-07-05,10.91,2.40,12.98,0.97,3.87,2.54,7.53,183.53,341.38,2.92
2015-07-06,4.34,2.36,13.25,0.66,2.65,2.55,8.04,186.68,342.47,4.37
2015-07-07,1.32,2.35,14.32,0.45,1.81,2.57,8.74,181.56,349.08,5.36
2015-07-08,2.93,2.03,11.20,0.35,1.40,2.22,6.96,163.96,337.03,4.02
2015-07-09,0.13,3.13,10.82,0.31,1.23,3.26,5.78,264.34,306.55,3.06
2015-07-10,3.99,2.56,14.29,0.26,1.05,2.71,8.09,184.96,347.10,3.26
2015-07-11,4.68,2.56,14.78,0.27,1.06,2.75,8.42,172.03,352.63,4.87
2015-07-12,3.04,3.03,14.22,0.33,1.30,3.23,7.91,223.60,336.77,5.05
2015-07-13,2.42,1.46,12.62,0.34,1.37,1.57,8.46,121.55,353.81,2.49
2015-07-14,0.46,1.87,12.54,0.44,1.75,1.98,7.97,153.25,346.03,2.14
2015-07-15,0.00,2.92,11.64,0.31,1.25,2.92,6.60,247.26,316.10,3.04
2015-07-16,15.99,2.38,12.31,0.24,0.96,2.56,7.20,183.70,336.32,3.99
2015-07-17,1.55,2.61,13.61,2.24,8.94,2.87,7.81,182.58,343.13,7.02
2015-07-18,6.45,3.35,12.95,0.66,2.63,3.63,6.71,230.99,325.05,7.86
2015-07-19,0.21,2.07,11.83,0.61,2.42,2.22,7.31,167.64,337.91,3.79
2015-07-20,2.97,1.81,12.69,0.47,1.88,1.99,8.08,145.98,347.66,4.01
2015-07-21,1.15,2.39,13.71,0.42,1.67,2.61,7.81,157.20,349.16,5.58
2015-07-22,0.25,2.42,11.39,0.39,1.56,2.50,6.42,186.85,328.55,3.53
2015-07-23,0.20,3.15,11.69,0.30,1.21,3.33,6.10,243.83,313.02,5.01
2015-07-24,1.12,2.05,10.68,0.26,1.05,2.17,6.30,164.79,330.65,2.40
2015-07-25,2.32,2.14,11.00,0.27,1.07,2.28,6.62,176.46,329.50,2.83
2015-07-26,15.62,1.75,10.23,0.30,1.19,1.93,6.83,156.90,331.53,3.74
2015-07-27,12.34,1.21,10.84,1.95,7.78,1.39,7.51,104.82,347.40,4.25
2015-07-28,5.70,1.26,10.14,4.71,18.80,1.40,7.04,107.34,343.48,2.98
2015-07-29,4.59,2.09,10.80,2.18,8.72,2.26,6.59,172.96,328.49,3.52
2015-07-30,0.24,2.33,10.35,1.21,4.84,2.45,5.80,184.91,320.76,3.19
2015-07-31,4.86,2.11,11.32,0.72,2.87,2.30,6.48,150.57,335.97,4.08
2015-08-01,1.65,2.60,11.56,0.84,3.37,2.82,6.67,216.84,318.09,4.87
2015-08-02,0.49,1.87,12.57,0.59,2.35,2.02,7.55,138.73,345.67,3.39
2015-08-03,0.28,3.24,15.25,0.47,1.88,3.32,7.87,212.28,336.91,5.51
2015-08-04,1.00,2.24,13.37,0.37,1.48,2.51,7.64,132.37,350.67,7.25
2015-08-05,1.62,2.11,13.74,0.33,1.32,2.31,7.75,129.45,353.07,4.72
2015-08-06,0.04,2.27,14.00,0.30,1.21,2.32,8.16,170.85,342.86,3.77
2015-08-07,0.00,2.49,11.99,0.28,1.12,2.49,6.47,201.95,320.93,2.57
2015-08-08,0.58,3.00,13.36,0.26,1.02,3.18,6.77,222.32,320.59,3.97
2015-08-09,0.21,2.04,14.66,0.24,0.97,2.23,8.53,128.07,357.23,4.97
2015-08-10,0.73,2.66,14.52,0.24,0.96,2.86,8.40,208.37,333.49,4.92
2015-08-11,0.00,2.18,12.49,0.22,0.89,2.18,7.03,168.18,333.12,2.92
2015-08-12,0.09,2.82,12.51,0.21,0.84,2.91,6.58,240.05,308.97,2.44
2015-08-13,20.00,2.73,13.09,0.22,0.89,2.86,7.48,238.24,314.86,2.73
2015-08-14,10.19,0.50,12.52,3.33,13.30,0.58,8.78,54.07,355.19,2.56
2015-08-15,0.06,2.24,11.53,1.56,6.22,2.32,6.77,190.53,319.86,3.63
2015-08-16,0.00,1.86,11.01,0.64,2.54,1.86,6.52,162.06,325.43,1.80
2015-08-17,0.04,2.74,12.18,0.42,1.69,2.78,6.54,242.07,303.79,2.44
2015-08-18,3.94,1.28,11.98,0.36,1.42,1.43,7.69,96.70,350.89,3.34
2015-08-19,2.23,1.99,14.77,0.36,1.44,2.16,8.94,154.01,347.22,4.02
2015-08-20,1.33,2.12,15.69,0.33,1.32,2.29,9.34,156.13,350.70,4.11
2015-08-21,0.82,1.99,16.73,0.31,1.23,2.20,10.20,134.12,361.88,5.57
2015-08-22,5.85,1.48,15.05,0.31,1.22,1.60,9.26,110.78,360.23,2.56
2015-08-23,3.48,2.83,16.07,0.44,1.75,3.03,9.30,221.64,331.10,5.52
2015-08-24,0.00,1.57,13.54,0.42,1.66,1.57,8.40,128.86,346.70,2.60
2015-08-25,3.10,2.30,12.62,0.34,1.36,2.49,7.00,176.71,323.76,4.32
2015-08-26,0.88,2.12,12.94,0.31,1.25,2.33,7.57,163.37,330.59,5.32
2015-08-27,1.87,2.37,12.05,0.27,1.09,2.62,6.83,186.46,316.31,6.05
2015-08-28,2.24,2.44,12.81,0.26,1.02,2.67,7.11,187.46,319.15,5.56
2015-08-29,0.75,2.41,13.54,0.28,1.13,2.62,7.48,174.82,326.96,5.44
2015-08-30,0.00,1.92,12.82,0.27,1.07,1.92,7.24,154.61,329.93,2.79
2015-08-31,0.49,1.34,11.10,0.24,0.95,1.41,7.15,119.97,334.20,2.35
2015-09-01,0.37,1.49,10.75,0.22,0.89,1.59,6.68,124.16,329.46,3.16
2015-09-02,0.50,1.36,10.09,0.21,0.84,1.50,6.39,110.89,330.45,3.07
2015-09-03,0.11,1.38,9.75,0.21,0.82,1.55,5.96,80.72,339.21,4.33
2015-09-04,0.28,1.52,10.56,0.20,0.80,1.64,6.33,109.13,332.00,3.89
2015-09-05,0.00,2.04,9.48,0.19,0.77,2.04,5.20,163.63,301.14,4.10
2015-09-06,0.01,2.20,10.98,0.19,0.75,2.21,5.99,200.06,294.46,3.43
2015-09-07,0.14,1.80,10.89,0.18,0.74,1.89,6.83,190.55,301.13,2.18
2015-09-08,0.00,0.87,10.06,0.19,0.75,0.87,7.16,86.02,338.20,2.06
2015-09-09,0.00,1.10,10.47,0.19,0.76,1.10,6.75,85.46,339.30,3.00
2015-09-10,0.00,1.83,12.44,0.19,0.74,1.83,7.40,161.78,317.60,4.13
2015-09-11,3.44,1.97,12.55,0.18,0.72,2.18,7.35,166.18,315.15,5.29
2015-09-12,9.07,1.05,11.25,0.27,1.06,1.26,7.61,92.69,339.46,5.36
2015-09-13,0.51,1.41,10.60,0.33,1.32,1.55,6.59,130.48,318.45,3.01
2015-09-14,2.87,0.34,9.41,0.26,1.02,0.41,7.02,38.17,340.72,2.75
2015-09-15,0.12,1.01,10.36,0.25,1.00,1.10,6.90,95.56,331.81,2.47
2015-09-16,0.12,1.34,9.17,0.24,0.95,1.42,6.18,154.15,298.80,2.38
2015-09-17,0.47,1.01,10.27,0.22,0.87,1.14,6.74,90.01,332.36,2.75
2015-09-18,0.02,1.05,10.60,0.21,0.84,1.07,6.92,104.59,326.97,2.16
2015-09-19,0.00,1.47,10.42,0.20,0.81,1.47,6.62,171.92,293.99,2.25
2015-09-20,6.16,0.92,11.14,0.20,0.81,1.05,7.18,71.75,343.43,2.93
2015-09-21,1.26,0.82,10.98,0.28,1.11,0.96,7.65,85.14,336.63,3.44
2015-09-22,0.52,1.02,9.59,0.29,1.14,1.16,6.45,96.78,322.50,3.34
2015-09-23,4.13,0.96,9.69,0.25,0.99,1.13,6.67,94.07,324.05,3.97
2015-09-24,1.57,1.48,9.42,0.29,1.17,1.71,5.95,135.91,299.00,5.45
2015-09-25,0.10,1.59,9.86,0.31,1.22,1.76,5.79,143.01,294.97,4.53
2015-09-26,0.01,0.80,10.28,0.26,1.02,0.81,6.50,71.70,335.35,1.77
2015-09-27,0.05,1.18,9.33,0.23,0.90,1.24,6.02,148.38,289.20,2.27
2015-09-28,0.03,0.98,9.57,0.21,0.84,1.01,6.41,114.16,308.47,2.53
2015-09-29,0.10,1.17,10.65,0.20,0.81,1.27,6.73,141.08,298.38,2.54
2015-09-30,0.09,1.09,9.29,0.19,0.78,1.16,6.26,156.57,282.08,1.97
